p (GeV)        dN/dp          error          
0.005225       0              0              
0.015675       0              0              
0.026125       0              0              
0.036575       0              0              
0.047025       0              0              
0.057475       0              0              
0.067925       0              0              
0.078375       0              0              
0.088825       0              0              
0.099275       0              0              
0.109725       0              0              
0.120175       0              0              
0.130625       0              0              
0.141075       0              0              
0.151525       0              0              
0.161975       0              0              
0.172425       0              0              
0.182875       0              0              
0.193325       0              0              
0.203775       0              0              
0.214225       0              0              
0.224675       0              0              
0.235125       0              0              
0.245575       0              0              
0.256025       0              0              
0.266475       0              0              
0.276925       0              0              
0.287375       0              0              
0.297825       0              0              
0.308275       0              0              
0.318725       0              0              
0.329175       0              0              
0.339625       0              0              
0.350075       0              0              
0.360525       0              0              
0.370975       0              0              
0.381425       4.78469e-06    4.78469e-06    
0.391875       0              0              
0.402325       0              0              
0.412775       0              0              
0.423225       4.78469e-06    4.78469e-06    
0.433675       0              0              
0.444125       0              0              
0.454575       0              0              
0.465025       4.78469e-06    4.78469e-06    
0.475475       0              0              
0.485925       0              0              
0.496375       9.56938e-06    6.76657e-06    
0.506825       4.78469e-06    4.78469e-06    
0.517275       4.78469e-06    4.78469e-06    
0.527725       0              0              
0.538175       0              0              
0.548625       0              0              
0.559075       0              0              
0.569525       4.78469e-06    4.78469e-06    
0.579975       9.56938e-06    6.76657e-06    
0.590425       0              0              
0.600875       0              0              
0.611325       4.78469e-06    4.78469e-06    
0.621775       0              0              
0.632225       0              0              
0.642675       4.78469e-06    4.78469e-06    
0.653125       4.78469e-06    4.78469e-06    
0.663575       0              0              
0.674025       0              0              
0.684475       0              0              
0.694925       0              0              
0.705375       4.78469e-06    4.78469e-06    
0.715825       1.43541e-05    8.28732e-06    
0.726275       0              0              
0.736725       0              0              
0.747175       0              0              
0.757625       0              0              
0.768075       9.56938e-06    6.76657e-06    
0.778525       4.78469e-06    4.78469e-06    
0.788975       1.91388e-05    9.56938e-06    
0.799425       0              0              
0.809875       4.78469e-06    4.78469e-06    
0.820325       4.78469e-06    4.78469e-06    
0.830775       0              0              
0.841225       9.56938e-06    6.76657e-06    
0.851675       4.78469e-06    4.78469e-06    
0.862125       2.39234e-05    1.06989e-05    
0.872575       9.56938e-06    6.76657e-06    
0.883025       1.91388e-05    9.56938e-06    
0.893475       9.56938e-06    6.76657e-06    
0.903925       2.39234e-05    1.06989e-05    
0.914375       9.56938e-06    6.76657e-06    
0.924825       9.56938e-06    6.76657e-06    
0.935275       0              0              
0.945725       0              0              
0.956175       9.56938e-06    6.76657e-06    
0.966625       1.43541e-05    8.28732e-06    
0.977075       2.39234e-05    1.06989e-05    
0.987525       1.43541e-05    8.28732e-06    
0.997975       9.56938e-06    6.76657e-06    
1.00842        4.78469e-06    4.78469e-06    
1.01887        9.56938e-06    6.76657e-06    
1.02933        4.78469e-06    4.78469e-06    
1.03977        4.78469e-06    4.78469e-06    
1.05022        1.91388e-05    9.56938e-06    
1.06068        4.78469e-06    4.78469e-06    
1.07112        1.43541e-05    8.28732e-06    
1.08157        1.43541e-05    8.28732e-06    
1.09203        4.78469e-06    4.78469e-06    
1.10247        1.43541e-05    8.28732e-06    
1.11292        1.43541e-05    8.28732e-06    
1.12338        1.43541e-05    8.28732e-06    
1.13382        1.43541e-05    8.28732e-06    
1.14427        0              0              
1.15473        1.43541e-05    8.28732e-06    
1.16517        1.43541e-05    8.28732e-06    
1.17562        1.43541e-05    8.28732e-06    
1.18607        1.91388e-05    9.56938e-06    
1.19652        9.56938e-06    6.76657e-06    
1.20697        2.39234e-05    1.06989e-05    
1.21742        2.39234e-05    1.06989e-05    
1.22788        1.91388e-05    9.56938e-06    
1.23832        2.39234e-05    1.06989e-05    
1.24877        2.87081e-05    1.172e-05      
1.25923        9.56938e-06    6.76657e-06    
1.26967        9.56938e-06    6.76657e-06    
1.28012        9.56938e-06    6.76657e-06    
1.29058        1.43541e-05    8.28732e-06    
1.30102        3.34928e-05    1.26591e-05    
1.31147        4.78469e-06    4.78469e-06    
1.32193        1.91388e-05    9.56938e-06    
1.33237        3.34928e-05    1.26591e-05    
1.34282        3.34928e-05    1.26591e-05    
1.35328        2.87081e-05    1.172e-05      
1.36372        4.30622e-05    1.43541e-05    
1.37417        2.39234e-05    1.06989e-05    
1.38462        4.78469e-05    1.51305e-05    
1.39507        3.34928e-05    1.26591e-05    
1.40552        1.43541e-05    8.28732e-06    
1.41597        3.34928e-05    1.26591e-05    
1.42642        2.39234e-05    1.06989e-05    
1.43687        2.39234e-05    1.06989e-05    
1.44732        3.34928e-05    1.26591e-05    
1.45777        2.39234e-05    1.06989e-05    
1.46822        1.43541e-05    8.28732e-06    
1.47867        5.26316e-05    1.5869e-05     
1.48913        1.91388e-05    9.56938e-06    
1.49957        4.78469e-06    4.78469e-06    
1.51002        2.87081e-05    1.172e-05      
1.52048        1.43541e-05    8.28732e-06    
1.53092        3.82775e-05    1.35331e-05    
1.54137        3.34928e-05    1.26591e-05    
1.55183        4.78469e-05    1.51305e-05    
1.56227        2.87081e-05    1.172e-05      
1.57272        4.30622e-05    1.43541e-05    
1.58317        2.87081e-05    1.172e-05      
1.59362        2.39234e-05    1.06989e-05    
1.60407        1.91388e-05    9.56938e-06    
1.61452        9.56938e-06    6.76657e-06    
1.62497        1.91388e-05    9.56938e-06    
1.63542        2.87081e-05    1.172e-05      
1.64587        4.78469e-05    1.51305e-05    
1.65632        9.56938e-06    6.76657e-06    
1.66677        4.30622e-05    1.43541e-05    
1.67722        4.30622e-05    1.43541e-05    
1.68767        3.34928e-05    1.26591e-05    
1.69812        3.34928e-05    1.26591e-05    
1.70857        3.34928e-05    1.26591e-05    
1.71902        2.39234e-05    1.06989e-05    
1.72947        2.87081e-05    1.172e-05      
1.73992        4.78469e-05    1.51305e-05    
1.75038        6.69856e-05    1.79027e-05    
1.76082        9.56938e-06    6.76657e-06    
1.77127        3.82775e-05    1.35331e-05    
1.78173        3.34928e-05    1.26591e-05    
1.79217        2.39234e-05    1.06989e-05    
1.80262        3.82775e-05    1.35331e-05    
1.81307        3.82775e-05    1.35331e-05    
1.82352        3.82775e-05    1.35331e-05    
1.83397        5.26316e-05    1.5869e-05     
1.84442        1.91388e-05    9.56938e-06    
1.85487        4.78469e-05    1.51305e-05    
1.86532        1.91388e-05    9.56938e-06    
1.87577        3.82775e-05    1.35331e-05    
1.88622        4.78469e-05    1.51305e-05    
1.89667        5.26316e-05    1.5869e-05     
1.90712        1.91388e-05    9.56938e-06    
1.91757        5.74163e-05    1.65746e-05    
1.92802        5.26316e-05    1.5869e-05     
1.93847        3.34928e-05    1.26591e-05    
1.94892        1.91388e-05    9.56938e-06    
1.95937        2.87081e-05    1.172e-05      
1.96982        4.30622e-05    1.43541e-05    
1.98027        4.78469e-05    1.51305e-05    
1.99072        9.56938e-06    6.76657e-06    
2.00117        3.82775e-05    1.35331e-05    
2.01162        3.34928e-05    1.26591e-05    
2.02207        4.78469e-05    1.51305e-05    
2.03252        4.78469e-06    4.78469e-06    
2.04297        3.34928e-05    1.26591e-05    
2.05342        4.30622e-05    1.43541e-05    
2.06387        2.87081e-05    1.172e-05      
2.07432        4.78469e-05    1.51305e-05    
2.08477        4.30622e-05    1.43541e-05    
2.09522        6.69856e-05    1.79027e-05    
2.10567        3.34928e-05    1.26591e-05    
2.11612        3.82775e-05    1.35331e-05    
2.12657        2.87081e-05    1.172e-05      
2.13702        5.74163e-05    1.65746e-05    
2.14747        3.34928e-05    1.26591e-05    
2.15792        4.30622e-05    1.43541e-05    
2.16837        2.87081e-05    1.172e-05      
2.17882        3.82775e-05    1.35331e-05    
2.18927        1.91388e-05    9.56938e-06    
2.19972        2.87081e-05    1.172e-05      
2.21017        4.78469e-05    1.51305e-05    
2.22062        9.56938e-06    6.76657e-06    
2.23107        1.91388e-05    9.56938e-06    
2.24152        3.34928e-05    1.26591e-05    
2.25197        5.26316e-05    1.5869e-05     
2.26242        2.39234e-05    1.06989e-05    
2.27287        7.6555e-05     1.91387e-05    
2.28332        3.82775e-05    1.35331e-05    
2.29377        6.2201e-05     1.72514e-05    
2.30422        1.91388e-05    9.56938e-06    
2.31467        3.34928e-05    1.26591e-05    
2.32512        2.87081e-05    1.172e-05      
2.33557        2.87081e-05    1.172e-05      
2.34602        3.34928e-05    1.26591e-05    
2.35647        2.39234e-05    1.06989e-05    
2.36692        3.34928e-05    1.26591e-05    
2.37737        1.91388e-05    9.56938e-06    
2.38782        1.91388e-05    9.56938e-06    
2.39827        5.26316e-05    1.5869e-05     
2.40872        5.74163e-05    1.65746e-05    
2.41917        3.82775e-05    1.35331e-05    
2.42962        4.30622e-05    1.43541e-05    
2.44007        2.87081e-05    1.172e-05      
2.45052        2.39234e-05    1.06989e-05    
2.46097        5.26316e-05    1.5869e-05     
2.47142        3.82775e-05    1.35331e-05    
2.48187        4.30622e-05    1.43541e-05    
2.49232        3.34928e-05    1.26591e-05    
2.50277        3.34928e-05    1.26591e-05    
2.51322        3.34928e-05    1.26591e-05    
2.52367        1.91388e-05    9.56938e-06    
2.53412        5.74163e-05    1.65746e-05    
2.54457        2.39234e-05    1.06989e-05    
2.55502        4.78469e-05    1.51305e-05    
2.56547        3.82775e-05    1.35331e-05    
2.57592        1.91388e-05    9.56938e-06    
2.58637        3.82775e-05    1.35331e-05    
2.59682        2.39234e-05    1.06989e-05    
2.60727        1.91388e-05    9.56938e-06    
2.61772        3.82775e-05    1.35331e-05    
2.62817        2.87081e-05    1.172e-05      
2.63862        3.82775e-05    1.35331e-05    
2.64907        2.87081e-05    1.172e-05      
2.65952        3.34928e-05    1.26591e-05    
2.66997        3.34928e-05    1.26591e-05    
2.68042        4.78469e-05    1.51305e-05    
2.69087        2.87081e-05    1.172e-05      
2.70132        9.56938e-06    6.76657e-06    
2.71177        2.39234e-05    1.06989e-05    
2.72222        1.91388e-05    9.56938e-06    
2.73267        1.43541e-05    8.28732e-06    
2.74312        1.91388e-05    9.56938e-06    
2.75357        4.78469e-05    1.51305e-05    
2.76402        3.82775e-05    1.35331e-05    
2.77447        3.34928e-05    1.26591e-05    
2.78492        2.39234e-05    1.06989e-05    
2.79537        2.39234e-05    1.06989e-05    
2.80582        4.78469e-05    1.51305e-05    
2.81627        1.91388e-05    9.56938e-06    
2.82672        1.91388e-05    9.56938e-06    
2.83717        4.78469e-05    1.51305e-05    
2.84762        1.91388e-05    9.56938e-06    
2.85807        3.34928e-05    1.26591e-05    
2.86852        2.39234e-05    1.06989e-05    
2.87897        1.91388e-05    9.56938e-06    
2.88942        2.39234e-05    1.06989e-05    
2.89987        2.87081e-05    1.172e-05      
2.91032        1.91388e-05    9.56938e-06    
2.92077        2.39234e-05    1.06989e-05    
2.93122        9.56938e-06    6.76657e-06    
2.94167        2.39234e-05    1.06989e-05    
2.95212        1.91388e-05    9.56938e-06    
2.96257        4.78469e-06    4.78469e-06    
2.97302        4.78469e-06    4.78469e-06    
2.98347        1.43541e-05    8.28732e-06    
2.99392        3.34928e-05    1.26591e-05    
3.00437        9.56938e-06    6.76657e-06    
3.01482        3.82775e-05    1.35331e-05    
3.02527        2.39234e-05    1.06989e-05    
3.03572        1.91388e-05    9.56938e-06    
3.04617        2.39234e-05    1.06989e-05    
3.05662        1.43541e-05    8.28732e-06    
3.06707        2.39234e-05    1.06989e-05    
3.07752        1.43541e-05    8.28732e-06    
3.08797        2.87081e-05    1.172e-05      
3.09842        2.87081e-05    1.172e-05      
3.10887        9.56938e-06    6.76657e-06    
3.11932        2.39234e-05    1.06989e-05    
3.12977        1.43541e-05    8.28732e-06    
3.14022        2.39234e-05    1.06989e-05    
3.15067        1.91388e-05    9.56938e-06    
3.16112        1.43541e-05    8.28732e-06    
3.17157        2.87081e-05    1.172e-05      
3.18202        1.91388e-05    9.56938e-06    
3.19247        9.56938e-06    6.76657e-06    
3.20292        1.91388e-05    9.56938e-06    
3.21337        2.87081e-05    1.172e-05      
3.22382        2.39234e-05    1.06989e-05    
3.23427        1.43541e-05    8.28732e-06    
3.24472        2.39234e-05    1.06989e-05    
3.25517        1.43541e-05    8.28732e-06    
3.26562        9.56938e-06    6.76657e-06    
3.27607        4.78469e-06    4.78469e-06    
3.28652        0              0              
3.29697        4.78469e-06    4.78469e-06    
3.30742        4.78469e-06    4.78469e-06    
3.31787        2.39234e-05    1.06989e-05    
3.32832        1.43541e-05    8.28732e-06    
3.33877        1.43541e-05    8.28732e-06    
3.34922        4.78469e-06    4.78469e-06    
3.35967        3.34928e-05    1.26591e-05    
3.37012        1.91388e-05    9.56938e-06    
3.38057        4.78469e-06    4.78469e-06    
3.39102        1.43541e-05    8.28732e-06    
3.40147        9.56938e-06    6.76657e-06    
3.41192        1.43541e-05    8.28732e-06    
3.42237        1.43541e-05    8.28732e-06    
3.43282        1.43541e-05    8.28732e-06    
3.44327        1.91388e-05    9.56938e-06    
3.45372        9.56938e-06    6.76657e-06    
3.46417        1.43541e-05    8.28732e-06    
3.47462        9.56938e-06    6.76657e-06    
3.48507        1.43541e-05    8.28732e-06    
3.49552        4.78469e-06    4.78469e-06    
3.50597        4.78469e-06    4.78469e-06    
3.51642        4.78469e-06    4.78469e-06    
3.52687        9.56938e-06    6.76657e-06    
3.53732        2.39234e-05    1.06989e-05    
3.54777        4.78469e-06    4.78469e-06    
3.55822        1.91388e-05    9.56938e-06    
3.56867        0              0              
3.57912        1.43541e-05    8.28732e-06    
3.58957        1.91388e-05    9.56938e-06    
3.60002        0              0              
3.61047        0              0              
3.62092        1.43541e-05    8.28732e-06    
3.63137        9.56938e-06    6.76657e-06    
3.64182        9.56938e-06    6.76657e-06    
3.65227        0              0              
3.66272        9.56938e-06    6.76657e-06    
3.67317        0              0              
3.68362        1.43541e-05    8.28732e-06    
3.69407        9.56938e-06    6.76657e-06    
3.70452        0              0              
3.71497        0              0              
3.72542        4.78469e-06    4.78469e-06    
3.73587        4.78469e-06    4.78469e-06    
3.74632        0              0              
3.75677        9.56938e-06    6.76657e-06    
3.76722        9.56938e-06    6.76657e-06    
3.77767        4.78469e-06    4.78469e-06    
3.78812        4.78469e-06    4.78469e-06    
3.79857        4.78469e-06    4.78469e-06    
3.80902        0              0              
3.81947        4.78469e-06    4.78469e-06    
3.82992        9.56938e-06    6.76657e-06    
3.84037        4.78469e-06    4.78469e-06    
3.85082        1.43541e-05    8.28732e-06    
3.86127        4.78469e-06    4.78469e-06    
3.87172        4.78469e-06    4.78469e-06    
3.88217        4.78469e-06    4.78469e-06    
3.89262        0              0              
3.90307        9.56938e-06    6.76657e-06    
3.91352        4.78469e-06    4.78469e-06    
3.92397        0              0              
3.93442        0              0              
3.94487        0              0              
3.95532        4.78469e-06    4.78469e-06    
3.96577        0              0              
3.97622        0              0              
3.98667        4.78469e-06    4.78469e-06    
3.99712        9.56938e-06    6.76657e-06    
4.00758        4.78469e-06    4.78469e-06    
4.01802        1.43541e-05    8.28732e-06    
4.02848        4.78469e-06    4.78469e-06    
4.03892        4.78469e-06    4.78469e-06    
4.04938        9.56938e-06    6.76657e-06    
4.05983        0              0              
4.07027        0              0              
4.08073        4.78469e-06    4.78469e-06    
4.09117        0              0              
4.10163        9.56938e-06    6.76657e-06    
4.11207        0              0              
4.12252        0              0              
4.13298        0              0              
4.14342        0              0              
4.15388        4.78469e-06    4.78469e-06    
4.16432        4.78469e-06    4.78469e-06    
4.17478        4.78469e-06    4.78469e-06    
4.18522        0              0              
4.19567        0              0              
4.20613        4.78469e-06    4.78469e-06    
4.21657        4.78469e-06    4.78469e-06    
4.22703        0              0              
4.23747        9.56938e-06    6.76657e-06    
4.24792        9.56938e-06    6.76657e-06    
4.25838        0              0              
4.26882        0              0              
4.27928        1.43541e-05    8.28732e-06    
4.28972        0              0              
4.30018        0              0              
4.31062        0              0              
4.32107        0              0              
4.33153        9.56938e-06    6.76657e-06    
4.34197        0              0              
4.35243        0              0              
4.36287        0              0              
4.37333        4.78469e-06    4.78469e-06    
4.38377        4.78469e-06    4.78469e-06    
4.39422        0              0              
4.40468        9.56938e-06    6.76657e-06    
4.41512        0              0              
4.42558        0              0              
4.43602        0              0              
4.44647        0              0              
4.45693        0              0              
4.46737        0              0              
4.47783        4.78469e-06    4.78469e-06    
4.48827        0              0              
4.49873        0              0              
4.50917        4.78469e-06    4.78469e-06    
4.51962        0              0              
4.53008        0              0              
4.54052        0              0              
4.55098        4.78469e-06    4.78469e-06    
4.56142        0              0              
4.57188        0              0              
4.58232        0              0              
4.59277        0              0              
4.60323        0              0              
4.61367        0              0              
4.62413        0              0              
4.63457        0              0              
4.64502        4.78469e-06    4.78469e-06    
4.65548        4.78469e-06    4.78469e-06    
4.66592        4.78469e-06    4.78469e-06    
4.67638        9.56938e-06    6.76657e-06    
4.68682        4.78469e-06    4.78469e-06    
4.69728        0              0              
4.70772        4.78469e-06    4.78469e-06    
4.71817        0              0              
4.72863        0              0              
4.73907        0              0              
4.74953        4.78469e-06    4.78469e-06    
4.75997        0              0              
4.77042        0              0              
4.78087        4.78469e-06    4.78469e-06    
4.79132        0              0              
4.80178        0              0              
4.81222        0              0              
4.82268        0              0              
4.83312        4.78469e-06    4.78469e-06    
4.84357        0              0              
4.85403        0              0              
4.86447        0              0              
4.87493        0              0              
4.88537        0              0              
4.89583        0              0              
4.90627        0              0              
4.91672        0              0              
4.92718        4.78469e-06    4.78469e-06    
4.93762        0              0              
4.94808        0              0              
4.95852        0              0              
4.96897        0              0              
4.97942        0              0              
4.98987        0              0              
5.00033        0              0              
5.01077        0              0              
5.02123        0              0              
5.03167        0              0              
5.04212        0              0              
5.05258        0              0              
5.06302        0              0              
5.07348        0              0              
5.08392        0              0              
5.09438        0              0              
5.10482        0              0              
5.11527        0              0              
5.12573        0              0              
5.13617        0              0              
5.14663        0              0              
5.15707        0              0              
5.16752        0              0              
5.17797        0              0              
5.18842        0              0              
5.19888        0              0              
5.20932        0              0              
5.21978        0              0              
