pT (GeV)       dN/dpt         error          
0.00487561     5.64032e-05    1.70062e-05    
0.0146268      0.000179465    3.0335e-05     
0.024378       0.000292271    3.87122e-05    
0.0341293      0.000435843    4.72737e-05    
0.0438805      0.000548649    5.30398e-05    
0.0536317      0.000681966    5.91338e-05    
0.0633829      0.000769135    6.27993e-05    
0.0731341      0.000984492    7.10493e-05    
0.0828854      0.00113832     7.63986e-05    
0.0926366      0.00103577     7.2876e-05     
0.102388       0.00133829     8.28378e-05    
0.112139       0.00133317     8.26789e-05    
0.12189        0.00143572     8.58e-05       
0.131641       0.00171261     9.37089e-05    
0.141393       0.00163569     9.15805e-05    
0.151144       0.00194335     9.98221e-05    
0.160895       0.00195873     0.000100216    
0.170646       0.002251       0.000107433    
0.180398       0.00242021     0.000111398    
0.190149       0.00240995     0.000111162    
0.1999         0.00235868     0.000109973    
0.209651       0.00260993     0.000115682    
0.219402       0.00267659     0.00011715     
0.229154       0.00273299     0.000118377    
0.238905       0.00299962     0.000124017    
0.248656       0.00295348     0.00012306     
0.258407       0.00306628     0.000125388    
0.268159       0.00325088     0.000129107    
0.27791        0.00335343     0.000131127    
0.287661       0.00329702     0.00013002     
0.297412       0.00354315     0.000134785    
0.307163       0.00386618     0.000140795    
0.316915       0.0037585      0.000138821    
0.326666       0.00399437     0.00014311     
0.336417       0.00421486     0.000147007    
0.346168       0.00419947     0.000146739    
0.35592        0.00475325     0.000156114    
0.365671       0.00412256     0.000145389    
0.375422       0.00423537     0.000147364    
0.385173       0.00457891     0.000153224    
0.394924       0.00487119     0.000158038    
0.404676       0.00483016     0.000157372    
0.414427       0.00478914     0.000156702    
0.424178       0.00480453     0.000156953    
0.433929       0.00520448     0.000163355    
0.443681       0.00520448     0.000163355    
0.453432       0.00524037     0.000163918    
0.463183       0.00523524     0.000163837    
0.472934       0.00538907     0.000166227    
0.482685       0.00540445     0.000166464    
0.492437       0.00557366     0.00016905     
0.502188       0.00579927     0.000172437    
0.511939       0.0056557      0.000170289    
0.52169        0.00609667     0.000176803    
0.531441       0.00632229     0.000180044    
0.541193       0.00606591     0.000176356    
0.550944       0.0060454      0.000176058    
0.560695       0.0061582      0.000177841    
0.570446       0.00659405     0.000183873    
0.580198       0.00642996     0.000181571    
0.589949       0.00616333     0.000177767    
0.5997         0.00654277     0.000183157    
0.609451       0.006753       0.000186076    
0.619202       0.00686581     0.000187623    
0.628954       0.00703502     0.000189921    
0.638705       0.00689145     0.000187973    
0.648456       0.00689657     0.000188043    
0.658207       0.006753       0.000186076    
0.667959       0.00726576     0.00019301     
0.67771        0.00713244     0.000191232    
0.687461       0.00727089     0.000193078    
0.697212       0.00720423     0.000192191    
0.706963       0.00693247     0.000188671    
0.716715       0.00692734     0.000188462    
0.726466       0.00688119     0.000187833    
0.736217       0.00745035     0.000195447    
0.745968       0.00752214     0.000196386    
0.75572        0.00748112     0.00019585     
0.765471       0.00734267     0.000194029    
0.775222       0.00761443     0.000197587    
0.784973       0.00772211     0.000198979    
0.794724       0.00791183     0.000201408    
0.804476       0.00773749     0.000199177    
0.814227       0.0072914      0.000193351    
0.823978       0.00792209     0.000201539    
0.833729       0.00730165     0.000193486    
0.843481       0.00784004     0.000200493    
0.853232       0.00792721     0.000201734    
0.862983       0.00791183     0.000201408    
0.872734       0.00808617     0.000203615    
0.882485       0.0079426      0.000201799    
0.892237       0.00791696     0.000201474    
0.901988       0.00778364     0.00019977     
0.911739       0.00791696     0.000201474    
0.92149        0.00811181     0.000203938    
0.931242       0.00791183     0.000201408    
0.940993       0.00808617     0.000203615    
0.950744       0.0080913      0.000203809    
0.960495       0.00793747     0.000201734    
0.970246       0.00797336     0.00020219     
0.979998       0.00767084     0.000198317    
0.989749       0.00769135     0.000198582    
0.9995         0.00753752     0.000196587    
1.00925        0.00792721     0.000201604    
1.019          0.00760418     0.000197454    
1.02875        0.00767596     0.000198384    
1.0385         0.00779902     0.000199967    
1.04826        0.00787594     0.000200951    
1.05801        0.0079067      0.000201343    
1.06776        0.00761956     0.000197653    
1.07751        0.0079426      0.000201799    
1.08726        0.00749137     0.000195984    
1.09701        0.00777851     0.000199704    
1.10676        0.00749137     0.000195984    
1.11651        0.00759392     0.000197321    
1.12627        0.00769135     0.000198582    
1.13602        0.00765032     0.000198052    
1.14577        0.00744522     0.000195379    
1.15552        0.00808617     0.000203615    
1.16527        0.00740933     0.000194908    
1.17502        0.00787594     0.000200951    
1.18477        0.00758879     0.000197254    
1.19452        0.00755803     0.000196854    
1.20428        0.00728114     0.000193215    
1.21403        0.00728114     0.000193215    
1.22378        0.00720935     0.00019226     
1.23353        0.00710168     0.000190819    
1.24328        0.00715808     0.000191575    
1.25303        0.00712731     0.000191163    
1.26278        0.00735805     0.000194232    
1.27253        0.00736831     0.000194368    
1.28229        0.00707091     0.000190405    
1.29204        0.00702476     0.000189783    
1.30179        0.00672224     0.000185651    
1.31154        0.0069581      0.00018888     
1.32129        0.00674275     0.000185934    
1.33104        0.00661456     0.000184159    
1.34079        0.00672736     0.000185722    
1.35054        0.0068453      0.000187343    
1.3603         0.00642484     0.000181498    
1.37005        0.00638894     0.000180991    
1.3798         0.00647099     0.000182149    
1.38955        0.00685042     0.000187413    
1.3993         0.00647611     0.000182365    
1.40905        0.00656841     0.000183515    
1.4188         0.00623512     0.000178799    
1.42855        0.00626076     0.000179166    
1.4383         0.00614795     0.000177545    
1.44806        0.00614795     0.000177545    
1.45781        0.00587106     0.000173501    
1.46756        0.00586081     0.000173349    
1.47731        0.00557879     0.000169283    
1.48706        0.00586081     0.000173501    
1.49681        0.00541471     0.000166622    
1.50656        0.00547111     0.000167487    
1.51631        0.00558392     0.000169205    
1.52607        0.00533779     0.000165434    
1.53582        0.00545573     0.000167252    
1.54557        0.00540445     0.000166464    
1.55532        0.00523011     0.000163757    
1.56507        0.00529165     0.000164717    
1.57482        0.00551726     0.000168192    
1.58457        0.0051532      0.000162549    
1.59432        0.00496348     0.000159528    
1.60408        0.0050968      0.000161657    
1.61383        0.00487631     0.000158122    
1.62358        0.00521473     0.000163516    
1.63333        0.00511218     0.0001619      
1.64308        0.00473274     0.000155776    
1.65283        0.00492759     0.000158951    
1.66258        0.00504552     0.000160841    
1.67233        0.00461481     0.000153823    
1.68209        0.00473787     0.000155861    
1.69184        0.0042046      0.000146828    
1.70159        0.004502       0.000151932    
1.71134        0.0044456      0.000150977    
1.72109        0.00431228     0.000148696    
1.73084        0.00405078     0.000144117    
1.74059        0.00394822     0.000142281    
1.75034        0.00424562     0.000147543    
1.7601         0.00415333     0.00014593     
1.76985        0.00427639     0.000148076    
1.7796         0.00392771     0.000141911    
1.78935        0.0038508      0.000140515    
1.7991         0.00377901     0.000139199    
1.80885        0.00369697     0.00013768     
1.8186         0.00367134     0.000137202    
1.82835        0.00367646     0.000137298    
1.8381         0.00346623     0.000133314    
1.84786        0.00376876     0.00013901     
1.85761        0.00344572     0.000132919    
1.86736        0.0037585      0.000138821    
1.87711        0.00331753     0.000130424    
1.88686        0.00340983     0.000132225    
1.89661        0.00337906     0.000131627    
1.90636        0.00316371     0.000127364    
1.91611        0.00304065     0.000124862    
1.92587        0.00300475     0.000124123    
1.93562        0.00308679     0.000125806    
1.94537        0.0030509      0.000125073    
1.95512        0.00296373     0.000123273    
1.96487        0.00297399     0.000123486    
1.97462        0.0026971      0.000117598    
1.98437        0.00280478     0.000119922    
1.99412        0.00278427     0.000119483    
2.00388        0.00262018     0.000115909    
2.01363        0.00254327     0.000114195    
2.02338        0.00255353     0.000114425    
2.03313        0.00253302     0.000113964    
2.04288        0.00231253     0.000108892    
2.05263        0.00250738     0.000113386    
2.06238        0.00246123     0.000112338    
2.07213        0.00253302     0.000113964    
2.08189        0.00226638     0.0001078      
2.09164        0.00228689     0.000108286    
2.10139        0.00236893     0.000110212    
2.11114        0.00216896     0.000105457    
2.12089        0.00228177     0.000108165    
2.13064        0.00218434     0.000105831    
2.14039        0.00223049     0.000106943    
2.15014        0.00206128     0.000102806    
2.1599         0.00207666     0.000103189    
2.16965        0.0020459      0.000102422    
2.1794         0.00176901     9.52394e-05    
2.18915        0.00170748     9.35685e-05    
2.1989         0.00179977     9.6064e-05     
2.20865        0.00186131     9.76923e-05    
2.2184         0.0018408      9.71526e-05    
2.22815        0.00171773     9.3849e-05     
2.2379         0.00176901     9.52394e-05    
2.24766        0.00158442     9.01336e-05    
2.25741        0.00159467     9.04249e-05    
2.26716        0.00166133     9.22954e-05    
2.27691        0.00170235     9.34279e-05    
2.28666        0.00152289     8.83662e-05    
2.29641        0.00159467     9.04249e-05    
2.30616        0.00152289     8.83662e-05    
2.31591        0.00156391     8.95484e-05    
2.32567        0.00142034     8.53391e-05    
2.33542        0.00128189     8.10734e-05    
2.34517        0.00134855     8.31546e-05    
2.35492        0.00147674     8.7017e-05     
2.36467        0.00131266     8.20405e-05    
2.37442        0.00120498     7.86036e-05    
2.38417        0.00121523     7.89374e-05    
2.39392        0.00106653     7.39504e-05    
2.40368        0.00116396     7.72541e-05    
2.41343        0.00131266     8.20405e-05    
2.42318        0.00102039     7.23328e-05    
2.43293        0.00113832     7.63986e-05    
2.44268        0.0011537      7.6913e-05     
2.45243        0.00115883     7.70837e-05    
2.46218        0.00117934     7.77629e-05    
2.47193        0.000984492    7.10493e-05    
2.48169        0.00106653     7.39504e-05    
2.49144        0.00105628     7.3594e-05     
2.50119        0.000871686    6.6855e-05     
2.51094        0.000933217    6.91743e-05    
2.52069        0.000876813    6.70513e-05    
2.53044        0.000928089    6.8984e-05     
2.54019        0.000928089    6.8984e-05     
2.54994        0.000897324    6.7831e-05     
2.5597         0.000892196    6.76369e-05    
2.56945        0.000876813    6.70513e-05    
2.5792         0.000810155    6.44522e-05    
2.58895        0.000851176    6.60638e-05    
2.5987         0.00077939     6.32166e-05    
2.60845        0.000922961    6.87932e-05    
2.6182         0.000769135    6.27993e-05    
2.62795        0.000671711    5.86875e-05    
2.63771        0.000656328    5.80116e-05    
2.64746        0.000738369    6.15305e-05    
2.65721        0.000625563    5.66356e-05    
2.66696        0.000687094    5.93556e-05    
2.67671        0.000625563    5.66356e-05    
2.68646        0.000594797    5.52254e-05    
2.69621        0.000564032    5.37782e-05    
2.70596        0.00058967     5.49868e-05    
2.71571        0.000574287    5.42649e-05    
2.72547        0.000697349    5.9797e-05     
2.73522        0.000625563    5.66356e-05    
2.74497        0.000656328    5.80116e-05    
2.75472        0.000687094    5.93556e-05    
2.76447        0.000487119    4.99772e-05    
2.77422        0.000599925    5.54629e-05    
2.78397        0.000425588    4.67142e-05    
2.79372        0.000476863    4.94483e-05    
2.80348        0.000466608    4.89137e-05    
2.81323        0.000471736    4.91817e-05    
2.82298        0.000451226    4.81007e-05    
2.83273        0.000364057    4.32055e-05    
2.84248        0.000405078    4.55747e-05    
2.85223        0.00042046     4.6432e-05     
2.86198        0.00037944     4.41089e-05    
2.87173        0.000384567    4.44059e-05    
2.88149        0.000435843    4.72737e-05    
2.89124        0.000405078    4.55747e-05    
2.90099        0.000348674    4.22829e-05    
2.91074        0.000328164    4.10204e-05    
2.92049        0.000343547    4.19708e-05    
2.93024        0.000410205    4.58622e-05    
2.93999        0.000338419    4.16565e-05    
2.94974        0.000323037    4.06987e-05    
2.9595         0.000343547    4.19708e-05    
2.96925        0.000323037    4.06987e-05    
2.979          0.000256378    3.62573e-05    
2.98875        0.000256378    3.62573e-05    
2.9985         0.000353802    4.25927e-05    
3.00825        0.000323037    4.06987e-05    
3.018          0.000261506    3.66181e-05    
3.02775        0.000317909    4.03744e-05    
3.03751        0.000261506    3.66181e-05    
3.04726        0.000297399    3.90503e-05    
3.05701        0.00023074     3.43967e-05    
3.06676        0.000240995    3.51528e-05    
3.07651        0.000240995    3.51528e-05    
3.08626        0.000164082    2.90059e-05    
3.09601        0.00023074     3.43967e-05    
3.10576        0.000184592    3.07654e-05    
3.11551        0.000194847    3.16084e-05    
3.12527        0.000240995    3.51528e-05    
3.13502        0.000287144    3.83711e-05    
3.14477        0.000220485    3.36236e-05    
3.15452        0.000164082    2.90059e-05    
3.16427        0.000138444    2.66436e-05    
3.17402        0.000184592    3.07654e-05    
3.18377        0.000158954    2.8549e-05     
3.19352        0.000128189    2.56378e-05    
3.20328        0.000148699    2.76128e-05    
3.21303        0.000194847    3.16084e-05    
3.22278        0.000143572    2.71325e-05    
3.23253        0.000107679    2.34974e-05    
3.24228        0.000138444    2.66436e-05    
3.25203        0.000153827    2.80848e-05    
3.26178        0.000128189    2.56378e-05    
3.27153        9.74237e-05    2.23505e-05    
3.28129        0.000138444    2.66436e-05    
3.29104        0.000123062    2.51198e-05    
3.30079        0.000138444    2.66436e-05    
3.31054        0.000112806    2.40504e-05    
3.32029        0.000138444    2.66436e-05    
3.33004        0.000117934    2.45909e-05    
3.33979        0.000215358    3.32304e-05    
3.34954        0.000133317    2.61455e-05    
3.3593         7.17859e-05    1.91856e-05    
3.36905        0.000117934    2.45909e-05    
3.3788         0.000107679    2.34974e-05    
3.38855        0.000107679    2.34974e-05    
3.3983         8.71686e-05    2.11415e-05    
3.40805        0.000117934    2.45909e-05    
3.4178         8.71686e-05    2.11415e-05    
3.42755        8.71686e-05    2.11415e-05    
3.43731        5.64032e-05    1.70062e-05    
3.44706        0.000123062    2.51198e-05    
3.45681        6.15308e-05    1.77624e-05    
3.46656        5.64032e-05    1.70062e-05    
3.47631        0.000123062    2.51198e-05    
3.48606        8.2041e-05     2.05102e-05    
3.49581        5.12756e-05    1.62148e-05    
3.50556        5.12756e-05    1.62148e-05    
3.51531        8.2041e-05     2.05102e-05    
3.52507        7.69135e-05    1.9859e-05     
3.53482        6.15308e-05    1.77624e-05    
3.54457        6.66583e-05    1.84877e-05    
3.55432        5.64032e-05    1.70062e-05    
3.56407        6.15308e-05    1.77624e-05    
3.57382        7.69135e-05    1.9859e-05     
3.58357        7.69135e-05    1.9859e-05     
3.59332        7.69135e-05    1.9859e-05     
3.60308        4.10205e-05    1.45029e-05    
3.61283        6.15308e-05    1.77624e-05    
3.62258        5.12756e-05    1.62148e-05    
3.63233        4.61481e-05    1.53827e-05    
3.64208        6.66583e-05    1.84877e-05    
3.65183        4.61481e-05    1.53827e-05    
3.66158        5.64032e-05    1.70062e-05    
3.67133        5.12756e-05    1.62148e-05    
3.68109        4.61481e-05    1.53827e-05    
3.69084        5.12756e-05    1.62148e-05    
3.70059        6.15308e-05    1.77624e-05    
3.71034        3.58929e-05    1.35663e-05    
3.72009        3.07654e-05    1.25599e-05    
3.72984        5.64032e-05    1.70062e-05    
3.73959        5.12756e-05    1.62148e-05    
3.74934        4.10205e-05    1.45029e-05    
3.7591         3.07654e-05    1.25599e-05    
3.76885        3.58929e-05    1.35663e-05    
3.7786         3.07654e-05    1.25599e-05    
3.78835        2.05103e-05    1.02551e-05    
3.7981         5.12756e-06    5.12756e-06    
3.80785        4.10205e-05    1.45029e-05    
3.8176         2.05103e-05    1.02551e-05    
3.82735        2.05103e-05    1.02551e-05    
3.83711        1.53827e-05    8.8812e-06     
3.84686        2.56378e-05    1.14656e-05    
3.85661        1.02551e-05    7.25147e-06    
3.86636        2.56378e-05    1.14656e-05    
3.87611        0              0              
3.88586        1.53827e-05    8.8812e-06     
3.89561        2.05103e-05    1.02551e-05    
3.90536        1.02551e-05    7.25147e-06    
3.91511        1.53827e-05    8.8812e-06     
3.92487        1.02551e-05    7.25147e-06    
3.93462        1.53827e-05    8.8812e-06     
3.94437        3.07654e-05    1.25599e-05    
3.95412        1.02551e-05    7.25147e-06    
3.96387        0              0              
3.97362        5.12756e-06    5.12756e-06    
3.98337        2.05103e-05    1.02551e-05    
3.99312        2.05103e-05    1.02551e-05    
4.00288        1.02551e-05    7.25147e-06    
4.01263        2.56378e-05    1.14656e-05    
4.02238        1.02551e-05    7.25147e-06    
4.03213        5.12756e-06    5.12756e-06    
4.04188        5.12756e-06    5.12756e-06    
4.05163        2.05103e-05    1.02551e-05    
4.06138        5.12756e-06    5.12756e-06    
4.07113        1.02551e-05    7.25147e-06    
4.08089        5.12756e-06    5.12756e-06    
4.09064        1.02551e-05    7.25147e-06    
4.10039        1.02551e-05    7.25147e-06    
4.11014        0              0              
4.11989        2.56378e-05    1.14656e-05    
4.12964        2.56378e-05    1.14656e-05    
4.13939        2.05103e-05    1.02551e-05    
4.14914        1.02551e-05    7.25147e-06    
4.1589         1.02551e-05    7.25147e-06    
4.16865        1.02551e-05    7.25147e-06    
4.1784         0              0              
4.18815        1.02551e-05    7.25147e-06    
4.1979         5.12756e-06    5.12756e-06    
4.20765        5.12756e-06    5.12756e-06    
4.2174         5.12756e-06    5.12756e-06    
4.22715        5.12756e-06    5.12756e-06    
4.23691        1.02551e-05    7.25147e-06    
4.24666        5.12756e-06    5.12756e-06    
4.25641        5.12756e-06    5.12756e-06    
4.26616        2.05103e-05    1.02551e-05    
4.27591        5.12756e-06    5.12756e-06    
4.28566        5.12756e-06    5.12756e-06    
4.29541        1.53827e-05    8.8812e-06     
4.30516        1.53827e-05    8.8812e-06     
4.31491        1.53827e-05    8.8812e-06     
4.32467        1.02551e-05    7.25147e-06    
4.33442        5.12756e-06    5.12756e-06    
4.34417        5.12756e-06    5.12756e-06    
4.35392        5.12756e-06    5.12756e-06    
4.36367        5.12756e-06    5.12756e-06    
4.37342        0              0              
4.38317        1.02551e-05    7.25147e-06    
4.39292        1.02551e-05    7.25147e-06    
4.40268        5.12756e-06    5.12756e-06    
4.41243        5.12756e-06    5.12756e-06    
4.42218        2.05103e-05    1.02551e-05    
4.43193        1.02551e-05    7.25147e-06    
4.44168        1.02551e-05    7.25147e-06    
4.45143        0              0              
4.46118        0              0              
4.47093        5.12756e-06    5.12756e-06    
4.48069        5.12756e-06    5.12756e-06    
4.49044        5.12756e-06    5.12756e-06    
4.50019        5.12756e-06    5.12756e-06    
4.50994        1.02551e-05    7.25147e-06    
4.51969        0              0              
4.52944        5.12756e-06    5.12756e-06    
4.53919        0              0              
4.54894        0              0              
4.5587         0              0              
4.56845        0              0              
4.5782         5.12756e-06    5.12756e-06    
4.58795        5.12756e-06    5.12756e-06    
4.5977         0              0              
4.60745        5.12756e-06    5.12756e-06    
4.6172         0              0              
4.62695        1.02551e-05    7.25147e-06    
4.63671        5.12756e-06    5.12756e-06    
4.64646        5.12756e-06    5.12756e-06    
4.65621        0              0              
4.66596        5.12756e-06    5.12756e-06    
4.67571        0              0              
4.68546        1.02551e-05    7.25147e-06    
4.69521        0              0              
4.70496        0              0              
4.71471        5.12756e-06    5.12756e-06    
4.72447        5.12756e-06    5.12756e-06    
4.73422        0              0              
4.74397        0              0              
4.75372        0              0              
4.76347        5.12756e-06    5.12756e-06    
4.77322        0              0              
4.78297        5.12756e-06    5.12756e-06    
4.79272        5.12756e-06    5.12756e-06    
4.80248        1.02551e-05    7.25147e-06    
4.81223        0              0              
4.82198        0              0              
4.83173        0              0              
4.84148        5.12756e-06    5.12756e-06    
4.85123        0              0              
4.86098        0              0              
4.87073        5.12756e-06    5.12756e-06    
