p (GeV)        dN/dp          error          
0.00480839     0              0              
0.0144252      0              0              
0.0240419      0              0              
0.0336587      0              0              
0.0432755      0              0              
0.0528923      0              0              
0.0625091      0              0              
0.0721258      0              0              
0.0817426      0              0              
0.0913594      0              0              
0.100976       0              0              
0.110593       0              0              
0.12021        0              0              
0.129827       0              0              
0.139443       0              0              
0.14906        0              0              
0.158677       0              0              
0.168294       0              0              
0.17791        0              0              
0.187527       0              0              
0.197144       0              0              
0.206761       0              0              
0.216378       0              0              
0.225994       0              0              
0.235611       0              0              
0.245228       0              0              
0.254845       0              0              
0.264461       5.19925e-06    5.19925e-06    
0.274078       0              0              
0.283695       0              0              
0.293312       0              0              
0.302929       5.19925e-06    5.19925e-06    
0.312545       0              0              
0.322162       0              0              
0.331779       0              0              
0.341396       0              0              
0.351012       0              0              
0.360629       5.19925e-06    5.19925e-06    
0.370246       0              0              
0.379863       0              0              
0.38948        5.19925e-06    5.19925e-06    
0.399096       0              0              
0.408713       0              0              
0.41833        0              0              
0.427947       0              0              
0.437563       0              0              
0.44718        0              0              
0.456797       0              0              
0.466414       5.19925e-06    5.19925e-06    
0.476031       0              0              
0.485647       0              0              
0.495264       0              0              
0.504881       5.19925e-06    5.19925e-06    
0.514498       0              0              
0.524115       0              0              
0.533731       5.19925e-06    5.19925e-06    
0.543348       5.19925e-06    5.19925e-06    
0.552965       0              0              
0.562582       0              0              
0.572198       0              0              
0.581815       0              0              
0.591432       0              0              
0.601049       5.19925e-06    5.19925e-06    
0.610666       5.19925e-06    5.19925e-06    
0.620282       1.03985e-05    7.35284e-06    
0.629899       0              0              
0.639516       0              0              
0.649133       0              0              
0.658749       5.19925e-06    5.19925e-06    
0.668366       0              0              
0.677983       5.19925e-06    5.19925e-06    
0.6876         0              0              
0.697217       5.19925e-06    5.19925e-06    
0.706833       0              0              
0.71645        0              0              
0.726067       1.03985e-05    7.35284e-06    
0.735684       1.03985e-05    7.35284e-06    
0.7453         5.19925e-06    5.19925e-06    
0.754917       1.03985e-05    7.35284e-06    
0.764534       5.19925e-06    5.19925e-06    
0.774151       0              0              
0.783768       1.03985e-05    7.35284e-06    
0.793384       5.19925e-06    5.19925e-06    
0.803001       5.19925e-06    5.19925e-06    
0.812618       5.19925e-06    5.19925e-06    
0.822235       5.19925e-06    5.19925e-06    
0.831851       0              0              
0.841468       1.55977e-05    9.00536e-06    
0.851085       0              0              
0.860702       5.19925e-06    5.19925e-06    
0.870319       5.19925e-06    5.19925e-06    
0.879935       1.03985e-05    7.35284e-06    
0.889552       0              0              
0.899169       1.55977e-05    9.00536e-06    
0.908786       1.03985e-05    7.35284e-06    
0.918402       0              0              
0.928019       0              0              
0.937636       5.19925e-06    5.19925e-06    
0.947253       0              0              
0.95687        0              0              
0.966486       1.03985e-05    7.35284e-06    
0.976103       0              0              
0.98572        5.19925e-06    5.19925e-06    
0.995337       1.03985e-05    7.35284e-06    
1.00495        1.55977e-05    9.00536e-06    
1.01457        5.19925e-06    5.19925e-06    
1.02419        1.55977e-05    9.00536e-06    
1.0338         1.03985e-05    7.35284e-06    
1.04342        0              0              
1.05304        5.19925e-06    5.19925e-06    
1.06265        1.03985e-05    7.35284e-06    
1.07227        1.55977e-05    9.00536e-06    
1.08189        1.03985e-05    7.35284e-06    
1.0915         1.03985e-05    7.35284e-06    
1.10112        0              0              
1.11074        5.19925e-06    5.19925e-06    
1.12035        1.03985e-05    7.35284e-06    
1.12997        5.19925e-06    5.19925e-06    
1.13959        1.03985e-05    7.35284e-06    
1.14921        1.03985e-05    7.35284e-06    
1.15882        2.0797e-05     1.03985e-05    
1.16844        1.03985e-05    7.35284e-06    
1.17806        5.19925e-06    5.19925e-06    
1.18767        5.19925e-06    5.19925e-06    
1.19729        1.55977e-05    9.00536e-06    
1.20691        2.59962e-05    1.16259e-05    
1.21652        1.03985e-05    7.35284e-06    
1.22614        2.59962e-05    1.16259e-05    
1.23576        1.55977e-05    9.00536e-06    
1.24537        5.19925e-06    5.19925e-06    
1.25499        2.0797e-05     1.03985e-05    
1.26461        2.0797e-05     1.03985e-05    
1.27422        0              0              
1.28384        5.19925e-06    5.19925e-06    
1.29346        1.03985e-05    7.35284e-06    
1.30307        1.03985e-05    7.35284e-06    
1.31269        1.55977e-05    9.00536e-06    
1.32231        2.59962e-05    1.16259e-05    
1.33192        1.03985e-05    7.35284e-06    
1.34154        5.19925e-06    5.19925e-06    
1.35116        0              0              
1.36077        5.19925e-06    5.19925e-06    
1.37039        1.03985e-05    7.35284e-06    
1.38001        1.03985e-05    7.35284e-06    
1.38962        1.55977e-05    9.00536e-06    
1.39924        2.0797e-05     1.03985e-05    
1.40886        0              0              
1.41848        1.03985e-05    7.35284e-06    
1.42809        5.19925e-06    5.19925e-06    
1.43771        5.19925e-06    5.19925e-06    
1.44733        1.55977e-05    9.00536e-06    
1.45694        0              0              
1.46656        2.0797e-05     1.03985e-05    
1.47618        5.19925e-06    5.19925e-06    
1.48579        2.0797e-05     1.03985e-05    
1.49541        3.63947e-05    1.37559e-05    
1.50503        2.0797e-05     1.03985e-05    
1.51464        1.03985e-05    7.35284e-06    
1.52426        1.03985e-05    7.35284e-06    
1.53388        1.03985e-05    7.35284e-06    
1.54349        2.0797e-05     1.03985e-05    
1.55311        2.0797e-05     1.03985e-05    
1.56273        1.03985e-05    7.35284e-06    
1.57234        3.11955e-05    1.27355e-05    
1.58196        0              0              
1.59158        1.55977e-05    9.00536e-06    
1.60119        0              0              
1.61081        5.19925e-06    5.19925e-06    
1.62043        5.19925e-06    5.19925e-06    
1.63004        1.55977e-05    9.00536e-06    
1.63966        2.0797e-05     1.03985e-05    
1.64928        5.19925e-06    5.19925e-06    
1.65889        3.63947e-05    1.37559e-05    
1.66851        1.55977e-05    9.00536e-06    
1.67813        1.03985e-05    7.35284e-06    
1.68774        1.03985e-05    7.35284e-06    
1.69736        1.03985e-05    7.35284e-06    
1.70698        5.19925e-06    5.19925e-06    
1.7166         2.59962e-05    1.16259e-05    
1.72621        5.19925e-06    5.19925e-06    
1.73583        1.55977e-05    9.00536e-06    
1.74545        1.03985e-05    7.35284e-06    
1.75506        1.55977e-05    9.00536e-06    
1.76468        4.1594e-05     1.47057e-05    
1.7743         5.19925e-06    5.19925e-06    
1.78391        3.11955e-05    1.27355e-05    
1.79353        2.0797e-05     1.03985e-05    
1.80315        3.11955e-05    1.27355e-05    
1.81276        1.55977e-05    9.00536e-06    
1.82238        5.19925e-06    5.19925e-06    
1.832          2.59962e-05    1.16259e-05    
1.84161        2.0797e-05     1.03985e-05    
1.85123        2.0797e-05     1.03985e-05    
1.86085        1.55977e-05    9.00536e-06    
1.87046        1.03985e-05    7.35284e-06    
1.88008        1.03985e-05    7.35284e-06    
1.8897         2.59962e-05    1.16259e-05    
1.89931        1.03985e-05    7.35284e-06    
1.90893        1.03985e-05    7.35284e-06    
1.91855        1.03985e-05    7.35284e-06    
1.92816        5.19925e-06    5.19925e-06    
1.93778        1.03985e-05    7.35284e-06    
1.9474         5.19925e-06    5.19925e-06    
1.95701        1.03985e-05    7.35284e-06    
1.96663        2.0797e-05     1.03985e-05    
1.97625        2.59962e-05    1.16259e-05    
1.98587        1.55977e-05    9.00536e-06    
1.99548        1.03985e-05    7.35284e-06    
2.0051         1.55977e-05    9.00536e-06    
2.01472        0              0              
2.02433        2.0797e-05     1.03985e-05    
2.03395        2.59962e-05    1.16259e-05    
2.04357        5.19925e-06    5.19925e-06    
2.05318        1.03985e-05    7.35284e-06    
2.0628         3.63947e-05    1.37559e-05    
2.07242        2.0797e-05     1.03985e-05    
2.08203        1.03985e-05    7.35284e-06    
2.09165        2.0797e-05     1.03985e-05    
2.10127        1.03985e-05    7.35284e-06    
2.11088        2.0797e-05     1.03985e-05    
2.1205         1.55977e-05    9.00536e-06    
2.13012        1.55977e-05    9.00536e-06    
2.13973        0              0              
2.14935        1.03985e-05    7.35284e-06    
2.15897        5.19925e-06    5.19925e-06    
2.16858        3.11955e-05    1.27355e-05    
2.1782         5.19925e-06    5.19925e-06    
2.18782        1.03985e-05    7.35284e-06    
2.19743        3.11955e-05    1.27355e-05    
2.20705        1.03985e-05    7.35284e-06    
2.21667        1.55977e-05    9.00536e-06    
2.22628        2.59962e-05    1.16259e-05    
2.2359         1.55977e-05    9.00536e-06    
2.24552        5.19925e-06    5.19925e-06    
2.25513        1.55977e-05    9.00536e-06    
2.26475        1.55977e-05    9.00536e-06    
2.27437        1.03985e-05    7.35284e-06    
2.28399        1.03985e-05    7.35284e-06    
2.2936         2.0797e-05     1.03985e-05    
2.30322        2.0797e-05     1.03985e-05    
2.31284        2.0797e-05     1.03985e-05    
2.32245        3.11955e-05    1.27355e-05    
2.33207        3.63947e-05    1.37559e-05    
2.34169        2.0797e-05     1.03985e-05    
2.3513         1.55977e-05    9.00536e-06    
2.36092        1.03985e-05    7.35284e-06    
2.37054        5.19925e-06    5.19925e-06    
2.38015        5.19925e-06    5.19925e-06    
2.38977        1.55977e-05    9.00536e-06    
2.39939        5.19925e-06    5.19925e-06    
2.409          2.59962e-05    1.16259e-05    
2.41862        5.19925e-06    5.19925e-06    
2.42824        4.1594e-05     1.47057e-05    
2.43785        5.19925e-06    5.19925e-06    
2.44747        1.55977e-05    9.00536e-06    
2.45709        1.55977e-05    9.00536e-06    
2.4667         5.19925e-06    5.19925e-06    
2.47632        1.03985e-05    7.35284e-06    
2.48594        0              0              
2.49555        2.59962e-05    1.16259e-05    
2.50517        0              0              
2.51479        1.03985e-05    7.35284e-06    
2.5244         1.55977e-05    9.00536e-06    
2.53402        2.0797e-05     1.03985e-05    
2.54364        1.03985e-05    7.35284e-06    
2.55326        3.11955e-05    1.27355e-05    
2.56287        1.55977e-05    9.00536e-06    
2.57249        5.19925e-06    5.19925e-06    
2.58211        0              0              
2.59172        1.03985e-05    7.35284e-06    
2.60134        1.03985e-05    7.35284e-06    
2.61096        2.0797e-05     1.03985e-05    
2.62057        5.19925e-06    5.19925e-06    
2.63019        0              0              
2.63981        1.03985e-05    7.35284e-06    
2.64942        5.19925e-06    5.19925e-06    
2.65904        1.55977e-05    9.00536e-06    
2.66866        1.03985e-05    7.35284e-06    
2.67827        5.19925e-06    5.19925e-06    
2.68789        1.03985e-05    7.35284e-06    
2.69751        1.03985e-05    7.35284e-06    
2.70712        5.19925e-06    5.19925e-06    
2.71674        0              0              
2.72636        3.11955e-05    1.27355e-05    
2.73597        1.03985e-05    7.35284e-06    
2.74559        5.19925e-06    5.19925e-06    
2.75521        5.19925e-06    5.19925e-06    
2.76482        1.55977e-05    9.00536e-06    
2.77444        1.03985e-05    7.35284e-06    
2.78406        5.19925e-06    5.19925e-06    
2.79367        1.55977e-05    9.00536e-06    
2.80329        0              0              
2.81291        5.19925e-06    5.19925e-06    
2.82252        5.19925e-06    5.19925e-06    
2.83214        2.0797e-05     1.03985e-05    
2.84176        5.19925e-06    5.19925e-06    
2.85138        5.19925e-06    5.19925e-06    
2.86099        1.03985e-05    7.35284e-06    
2.87061        5.19925e-06    5.19925e-06    
2.88023        0              0              
2.88984        5.19925e-06    5.19925e-06    
2.89946        1.55977e-05    9.00536e-06    
2.90908        5.19925e-06    5.19925e-06    
2.91869        5.19925e-06    5.19925e-06    
2.92831        5.19925e-06    5.19925e-06    
2.93793        1.03985e-05    7.35284e-06    
2.94754        0              0              
2.95716        5.19925e-06    5.19925e-06    
2.96678        0              0              
2.97639        0              0              
2.98601        1.03985e-05    7.35284e-06    
2.99563        1.03985e-05    7.35284e-06    
3.00524        0              0              
3.01486        5.19925e-06    5.19925e-06    
3.02448        5.19925e-06    5.19925e-06    
3.03409        0              0              
3.04371        2.0797e-05     1.03985e-05    
3.05333        5.19925e-06    5.19925e-06    
3.06294        1.03985e-05    7.35284e-06    
3.07256        5.19925e-06    5.19925e-06    
3.08218        0              0              
3.09179        1.03985e-05    7.35284e-06    
3.10141        0              0              
3.11103        5.19925e-06    5.19925e-06    
3.12065        1.55977e-05    9.00536e-06    
3.13026        1.03985e-05    7.35284e-06    
3.13988        5.19925e-06    5.19925e-06    
3.1495         0              0              
3.15911        5.19925e-06    5.19925e-06    
3.16873        0              0              
3.17835        0              0              
3.18796        0              0              
3.19758        0              0              
3.2072         5.19925e-06    5.19925e-06    
3.21681        1.03985e-05    7.35284e-06    
3.22643        0              0              
3.23605        5.19925e-06    5.19925e-06    
3.24566        5.19925e-06    5.19925e-06    
3.25528        5.19925e-06    5.19925e-06    
3.2649         1.03985e-05    7.35284e-06    
3.27451        0              0              
3.28413        0              0              
3.29375        5.19925e-06    5.19925e-06    
3.30336        5.19925e-06    5.19925e-06    
3.31298        0              0              
3.3226         0              0              
3.33221        5.19925e-06    5.19925e-06    
3.34183        5.19925e-06    5.19925e-06    
3.35145        0              0              
3.36106        5.19925e-06    5.19925e-06    
3.37068        5.19925e-06    5.19925e-06    
3.3803         1.55977e-05    9.00536e-06    
3.38991        0              0              
3.39953        5.19925e-06    5.19925e-06    
3.40915        0              0              
3.41877        0              0              
3.42838        0              0              
3.438          5.19925e-06    5.19925e-06    
3.44762        0              0              
3.45723        5.19925e-06    5.19925e-06    
3.46685        1.03985e-05    7.35284e-06    
3.47647        1.03985e-05    7.35284e-06    
3.48608        5.19925e-06    5.19925e-06    
3.4957         1.03985e-05    7.35284e-06    
3.50532        1.03985e-05    7.35284e-06    
3.51493        0              0              
3.52455        0              0              
3.53417        5.19925e-06    5.19925e-06    
3.54378        0              0              
3.5534         0              0              
3.56302        0              0              
3.57263        0              0              
3.58225        5.19925e-06    5.19925e-06    
3.59187        0              0              
3.60148        1.03985e-05    7.35284e-06    
3.6111         5.19925e-06    5.19925e-06    
3.62072        5.19925e-06    5.19925e-06    
3.63033        1.03985e-05    7.35284e-06    
3.63995        1.03985e-05    7.35284e-06    
3.64957        0              0              
3.65918        0              0              
3.6688         0              0              
3.67842        5.19925e-06    5.19925e-06    
3.68804        5.19925e-06    5.19925e-06    
3.69765        5.19925e-06    5.19925e-06    
3.70727        5.19925e-06    5.19925e-06    
3.71689        0              0              
3.7265         0              0              
3.73612        0              0              
3.74574        5.19925e-06    5.19925e-06    
3.75535        0              0              
3.76497        0              0              
3.77459        0              0              
3.7842         0              0              
3.79382        0              0              
3.80344        0              0              
3.81305        0              0              
3.82267        0              0              
3.83229        5.19925e-06    5.19925e-06    
3.8419         0              0              
3.85152        0              0              
3.86114        1.03985e-05    7.35284e-06    
3.87075        0              0              
3.88037        0              0              
3.88999        0              0              
3.8996         0              0              
3.90922        0              0              
3.91884        0              0              
3.92845        0              0              
3.93807        0              0              
3.94769        0              0              
3.9573         0              0              
3.96692        0              0              
3.97654        0              0              
3.98616        0              0              
3.99577        0              0              
4.00539        0              0              
4.01501        0              0              
4.02462        0              0              
4.03424        0              0              
4.04386        0              0              
4.05347        0              0              
4.06309        5.19925e-06    5.19925e-06    
4.07271        0              0              
4.08232        0              0              
4.09194        5.19925e-06    5.19925e-06    
4.10156        0              0              
4.11117        0              0              
4.12079        5.19925e-06    5.19925e-06    
4.13041        0              0              
4.14002        0              0              
4.14964        0              0              
4.15926        0              0              
4.16887        0              0              
4.17849        0              0              
4.18811        0              0              
4.19772        0              0              
4.20734        0              0              
4.21696        5.19925e-06    5.19925e-06    
4.22657        0              0              
4.23619        0              0              
4.24581        0              0              
4.25543        0              0              
4.26504        0              0              
4.27466        0              0              
4.28428        0              0              
4.29389        0              0              
4.30351        0              0              
4.31313        0              0              
4.32274        0              0              
4.33236        0              0              
4.34198        0              0              
4.35159        0              0              
4.36121        0              0              
4.37083        0              0              
4.38044        0              0              
4.39006        0              0              
4.39968        0              0              
4.40929        0              0              
4.41891        0              0              
4.42853        0              0              
4.43814        0              0              
4.44776        0              0              
4.45738        0              0              
4.46699        0              0              
4.47661        0              0              
4.48623        0              0              
4.49584        0              0              
4.50546        0              0              
4.51508        5.19925e-06    5.19925e-06    
4.52469        0              0              
4.53431        0              0              
4.54393        0              0              
4.55355        0              0              
4.56316        0              0              
4.57278        0              0              
4.5824         0              0              
4.59201        0              0              
4.60163        0              0              
4.61125        0              0              
4.62086        0              0              
4.63048        0              0              
4.6401         0              0              
4.64971        0              0              
4.65933        0              0              
4.66895        0              0              
4.67856        0              0              
4.68818        0              0              
4.6978         0              0              
4.70741        0              0              
4.71703        0              0              
4.72665        0              0              
4.73626        0              0              
4.74588        0              0              
4.7555         0              0              
4.76511        0              0              
4.77473        5.19925e-06    5.19925e-06    
4.78435        0              0              
4.79396        0              0              
4.80358        0              0              
