p (GeV)        dN/dp          error          
0.00499114     0              0              
0.0149734      0              0              
0.0249557      0              0              
0.034938       0              0              
0.0449203      0              0              
0.0549025      0              0              
0.0648848      0              0              
0.0748671      0              0              
0.0848494      0              0              
0.0948317      0              0              
0.104814       0              0              
0.114796       0              0              
0.124779       0              0              
0.134761       0              0              
0.144743       0              0              
0.154725       0              0              
0.164708       0              0              
0.17469        0              0              
0.184672       0              0              
0.194654       0              0              
0.204637       0              0              
0.214619       5.00888e-06    5.00888e-06    
0.224601       0              0              
0.234584       0              0              
0.244566       5.00888e-06    5.00888e-06    
0.254548       0              0              
0.26453        0              0              
0.274513       0              0              
0.284495       0              0              
0.294477       0              0              
0.30446        0              0              
0.314442       0              0              
0.324424       0              0              
0.334406       0              0              
0.344389       0              0              
0.354371       0              0              
0.364353       0              0              
0.374335       0              0              
0.384318       0              0              
0.3943         0              0              
0.404282       0              0              
0.414265       0              0              
0.424247       0              0              
0.434229       0              0              
0.444211       5.00888e-06    5.00888e-06    
0.454194       0              0              
0.464176       5.00888e-06    5.00888e-06    
0.474158       0              0              
0.484141       0              0              
0.494123       0              0              
0.504105       1.00178e-05    7.08362e-06    
0.514087       0              0              
0.52407        0              0              
0.534052       0              0              
0.544034       1.00178e-05    7.08362e-06    
0.554017       1.00178e-05    7.08362e-06    
0.563999       5.00888e-06    5.00888e-06    
0.573981       0              0              
0.583963       0              0              
0.593946       1.00178e-05    7.08362e-06    
0.603928       0              0              
0.61391        5.00888e-06    5.00888e-06    
0.623892       0              0              
0.633875       5.00888e-06    5.00888e-06    
0.643857       1.00178e-05    7.08362e-06    
0.653839       5.00888e-06    5.00888e-06    
0.663822       0              0              
0.673804       1.00178e-05    7.08362e-06    
0.683786       1.00178e-05    7.08362e-06    
0.693768       5.00888e-06    5.00888e-06    
0.703751       1.00178e-05    7.08362e-06    
0.713733       1.00178e-05    7.08362e-06    
0.723715       5.00888e-06    5.00888e-06    
0.733698       2.00355e-05    1.00178e-05    
0.74368        1.50266e-05    8.67563e-06    
0.753662       0              0              
0.763644       1.00178e-05    7.08362e-06    
0.773627       5.00888e-06    5.00888e-06    
0.783609       1.50266e-05    8.67563e-06    
0.793591       1.50266e-05    8.67563e-06    
0.803574       0              0              
0.813556       1.00178e-05    7.08362e-06    
0.823538       5.00888e-06    5.00888e-06    
0.83352        1.00178e-05    7.08362e-06    
0.843503       1.00178e-05    7.08362e-06    
0.853485       1.50266e-05    8.67563e-06    
0.863467       1.00178e-05    7.08362e-06    
0.873449       1.00178e-05    7.08362e-06    
0.883432       1.00178e-05    7.08362e-06    
0.893414       0              0              
0.903396       1.50266e-05    8.67563e-06    
0.913379       5.00888e-06    5.00888e-06    
0.923361       2.00355e-05    1.00178e-05    
0.933343       2.50444e-05    1.12002e-05    
0.943325       1.00178e-05    7.08362e-06    
0.953308       1.00178e-05    7.08362e-06    
0.96329        5.00888e-06    5.00888e-06    
0.973272       2.00355e-05    1.00178e-05    
0.983255       5.00888e-06    5.00888e-06    
0.993237       2.00355e-05    1.00178e-05    
1.00322        5.00888e-06    5.00888e-06    
1.0132         2.00355e-05    1.00178e-05    
1.02318        1.00178e-05    7.08362e-06    
1.03317        0              0              
1.04315        1.00178e-05    7.08362e-06    
1.05313        2.50444e-05    1.12002e-05    
1.06311        2.00355e-05    1.00178e-05    
1.0731         3.00533e-05    1.22692e-05    
1.08308        2.50444e-05    1.12002e-05    
1.09306        2.00355e-05    1.00178e-05    
1.10304        2.00355e-05    1.00178e-05    
1.11302        1.50266e-05    8.67563e-06    
1.12301        1.50266e-05    8.67563e-06    
1.13299        1.50266e-05    8.67563e-06    
1.14297        2.00355e-05    1.00178e-05    
1.15295        3.00533e-05    1.22692e-05    
1.16294        2.00355e-05    1.00178e-05    
1.17292        1.50266e-05    8.67563e-06    
1.1829         5.00888e-06    5.00888e-06    
1.19288        1.50266e-05    8.67563e-06    
1.20286        2.00355e-05    1.00178e-05    
1.21285        1.50266e-05    8.67563e-06    
1.22283        1.00178e-05    7.08362e-06    
1.23281        1.50266e-05    8.67563e-06    
1.24279        2.50444e-05    1.12002e-05    
1.25278        2.50444e-05    1.12002e-05    
1.26276        2.50444e-05    1.12002e-05    
1.27274        2.50444e-05    1.12002e-05    
1.28272        5.00888e-06    5.00888e-06    
1.29271        2.50444e-05    1.12002e-05    
1.30269        2.00355e-05    1.00178e-05    
1.31267        5.00888e-06    5.00888e-06    
1.32265        5.00888e-06    5.00888e-06    
1.33263        2.00355e-05    1.00178e-05    
1.34262        1.00178e-05    7.08362e-06    
1.3526         2.50444e-05    1.12002e-05    
1.36258        2.00355e-05    1.00178e-05    
1.37256        1.00178e-05    7.08362e-06    
1.38255        1.50266e-05    8.67563e-06    
1.39253        2.50444e-05    1.12002e-05    
1.40251        6.51154e-05    1.80598e-05    
1.41249        2.00355e-05    1.00178e-05    
1.42247        3.50621e-05    1.32522e-05    
1.43246        5.00888e-06    5.00888e-06    
1.44244        3.00533e-05    1.22692e-05    
1.45242        2.00355e-05    1.00178e-05    
1.4624         2.50444e-05    1.12002e-05    
1.47239        3.00533e-05    1.22692e-05    
1.48237        3.50621e-05    1.32522e-05    
1.49235        1.50266e-05    8.67563e-06    
1.50233        1.50266e-05    8.67563e-06    
1.51232        4.0071e-05     1.41672e-05    
1.5223         5.00888e-06    5.00888e-06    
1.53228        2.50444e-05    1.12002e-05    
1.54226        4.50799e-05    1.50266e-05    
1.55224        3.50621e-05    1.32522e-05    
1.56223        4.50799e-05    1.50266e-05    
1.57221        3.00533e-05    1.22692e-05    
1.58219        1.50266e-05    8.67563e-06    
1.59217        1.00178e-05    7.08362e-06    
1.60216        2.50444e-05    1.12002e-05    
1.61214        3.00533e-05    1.22692e-05    
1.62212        3.00533e-05    1.22692e-05    
1.6321         3.00533e-05    1.22692e-05    
1.64209        3.00533e-05    1.22692e-05    
1.65207        3.50621e-05    1.32522e-05    
1.66205        1.00178e-05    7.08362e-06    
1.67203        4.0071e-05     1.41672e-05    
1.68201        1.50266e-05    8.67563e-06    
1.692          4.50799e-05    1.50266e-05    
1.70198        6.01065e-05    1.73512e-05    
1.71196        3.00533e-05    1.22692e-05    
1.72194        4.50799e-05    1.50266e-05    
1.73193        5.50976e-05    1.66126e-05    
1.74191        3.50621e-05    1.32522e-05    
1.75189        4.50799e-05    1.50266e-05    
1.76187        3.00533e-05    1.22692e-05    
1.77185        2.00355e-05    1.00178e-05    
1.78184        4.50799e-05    1.50266e-05    
1.79182        3.50621e-05    1.32522e-05    
1.8018         5.00888e-05    1.58395e-05    
1.81178        4.0071e-05     1.41672e-05    
1.82177        0              0              
1.83175        4.0071e-05     1.41672e-05    
1.84173        4.0071e-05     1.41672e-05    
1.85171        2.00355e-05    1.00178e-05    
1.8617         4.50799e-05    1.50266e-05    
1.87168        4.0071e-05     1.41672e-05    
1.88166        3.00533e-05    1.22692e-05    
1.89164        1.00178e-05    7.08362e-06    
1.90162        2.50444e-05    1.12002e-05    
1.91161        1.50266e-05    8.67563e-06    
1.92159        5.00888e-05    1.58395e-05    
1.93157        3.00533e-05    1.22692e-05    
1.94155        3.00533e-05    1.22692e-05    
1.95154        6.01065e-05    1.73512e-05    
1.96152        5.00888e-05    1.58395e-05    
1.9715         3.00533e-05    1.22692e-05    
1.98148        1.50266e-05    8.67563e-06    
1.99146        1.50266e-05    8.67563e-06    
2.00145        1.50266e-05    8.67563e-06    
2.01143        4.0071e-05     1.41672e-05    
2.02141        4.0071e-05     1.41672e-05    
2.03139        5.00888e-06    5.00888e-06    
2.04138        2.50444e-05    1.12002e-05    
2.05136        2.50444e-05    1.12002e-05    
2.06134        1.00178e-05    7.08362e-06    
2.07132        4.50799e-05    1.50266e-05    
2.08131        5.50976e-05    1.66126e-05    
2.09129        2.50444e-05    1.12002e-05    
2.10127        3.00533e-05    1.22692e-05    
2.11125        4.50799e-05    1.50266e-05    
2.12123        3.00533e-05    1.22692e-05    
2.13122        3.50621e-05    1.32522e-05    
2.1412         3.00533e-05    1.22692e-05    
2.15118        6.51154e-05    1.80598e-05    
2.16116        3.00533e-05    1.22692e-05    
2.17115        2.50444e-05    1.12002e-05    
2.18113        3.50621e-05    1.32522e-05    
2.19111        1.50266e-05    8.67563e-06    
2.20109        3.00533e-05    1.22692e-05    
2.21108        5.00888e-05    1.58395e-05    
2.22106        5.00888e-06    5.00888e-06    
2.23104        3.00533e-05    1.22692e-05    
2.24102        2.00355e-05    1.00178e-05    
2.251          0              0              
2.26099        2.00355e-05    1.00178e-05    
2.27097        3.00533e-05    1.22692e-05    
2.28095        2.00355e-05    1.00178e-05    
2.29093        2.00355e-05    1.00178e-05    
2.30092        5.00888e-06    5.00888e-06    
2.3109         4.0071e-05     1.41672e-05    
2.32088        2.50444e-05    1.12002e-05    
2.33086        6.01065e-05    1.73512e-05    
2.34084        2.50444e-05    1.12002e-05    
2.35083        3.50621e-05    1.32522e-05    
2.36081        2.50444e-05    1.12002e-05    
2.37079        2.00355e-05    1.00178e-05    
2.38077        2.50444e-05    1.12002e-05    
2.39076        2.50444e-05    1.12002e-05    
2.40074        4.50799e-05    1.50266e-05    
2.41072        3.00533e-05    1.22692e-05    
2.4207         4.0071e-05     1.41672e-05    
2.43069        2.50444e-05    1.12002e-05    
2.44067        2.00355e-05    1.00178e-05    
2.45065        3.00533e-05    1.22692e-05    
2.46063        2.00355e-05    1.00178e-05    
2.47061        1.50266e-05    8.67563e-06    
2.4806         3.50621e-05    1.32522e-05    
2.49058        2.00355e-05    1.00178e-05    
2.50056        1.50266e-05    8.67563e-06    
2.51054        4.50799e-05    1.50266e-05    
2.52053        2.50444e-05    1.12002e-05    
2.53051        1.00178e-05    7.08362e-06    
2.54049        3.00533e-05    1.22692e-05    
2.55047        1.50266e-05    8.67563e-06    
2.56045        2.00355e-05    1.00178e-05    
2.57044        5.00888e-06    5.00888e-06    
2.58042        1.00178e-05    7.08362e-06    
2.5904         1.50266e-05    8.67563e-06    
2.60038        3.50621e-05    1.32522e-05    
2.61037        1.50266e-05    8.67563e-06    
2.62035        2.50444e-05    1.12002e-05    
2.63033        2.50444e-05    1.12002e-05    
2.64031        4.0071e-05     1.41672e-05    
2.6503         3.00533e-05    1.22692e-05    
2.66028        1.50266e-05    8.67563e-06    
2.67026        1.50266e-05    8.67563e-06    
2.68024        3.00533e-05    1.22692e-05    
2.69022        1.50266e-05    8.67563e-06    
2.70021        2.50444e-05    1.12002e-05    
2.71019        2.00355e-05    1.00178e-05    
2.72017        3.00533e-05    1.22692e-05    
2.73015        1.50266e-05    8.67563e-06    
2.74014        3.00533e-05    1.22692e-05    
2.75012        4.50799e-05    1.50266e-05    
2.7601         1.00178e-05    7.08362e-06    
2.77008        2.50444e-05    1.12002e-05    
2.78006        2.50444e-05    1.12002e-05    
2.79005        1.50266e-05    8.67563e-06    
2.80003        1.50266e-05    8.67563e-06    
2.81001        2.50444e-05    1.12002e-05    
2.81999        1.50266e-05    8.67563e-06    
2.82998        4.0071e-05     1.41672e-05    
2.83996        1.50266e-05    8.67563e-06    
2.84994        3.00533e-05    1.22692e-05    
2.85992        2.00355e-05    1.00178e-05    
2.86991        4.0071e-05     1.41672e-05    
2.87989        5.00888e-06    5.00888e-06    
2.88987        1.00178e-05    7.08362e-06    
2.89985        1.50266e-05    8.67563e-06    
2.90983        5.00888e-06    5.00888e-06    
2.91982        2.50444e-05    1.12002e-05    
2.9298         5.00888e-06    5.00888e-06    
2.93978        2.50444e-05    1.12002e-05    
2.94976        1.50266e-05    8.67563e-06    
2.95975        2.00355e-05    1.00178e-05    
2.96973        1.00178e-05    7.08362e-06    
2.97971        2.50444e-05    1.12002e-05    
2.98969        2.00355e-05    1.00178e-05    
2.99968        1.00178e-05    7.08362e-06    
3.00966        1.00178e-05    7.08362e-06    
3.01964        2.50444e-05    1.12002e-05    
3.02962        1.00178e-05    7.08362e-06    
3.0396         1.50266e-05    8.67563e-06    
3.04959        1.50266e-05    8.67563e-06    
3.05957        2.50444e-05    1.12002e-05    
3.06955        1.00178e-05    7.08362e-06    
3.07953        1.00178e-05    7.08362e-06    
3.08952        2.50444e-05    1.12002e-05    
3.0995         1.00178e-05    7.08362e-06    
3.10948        1.50266e-05    8.67563e-06    
3.11946        3.00533e-05    1.22692e-05    
3.12944        1.00178e-05    7.08362e-06    
3.13943        1.00178e-05    7.08362e-06    
3.14941        1.50266e-05    8.67563e-06    
3.15939        3.00533e-05    1.22692e-05    
3.16937        2.50444e-05    1.12002e-05    
3.17936        5.00888e-06    5.00888e-06    
3.18934        1.50266e-05    8.67563e-06    
3.19932        0              0              
3.2093         5.00888e-06    5.00888e-06    
3.21929        1.50266e-05    8.67563e-06    
3.22927        1.50266e-05    8.67563e-06    
3.23925        2.00355e-05    1.00178e-05    
3.24923        1.00178e-05    7.08362e-06    
3.25921        1.50266e-05    8.67563e-06    
3.2692         2.00355e-05    1.00178e-05    
3.27918        1.00178e-05    7.08362e-06    
3.28916        2.00355e-05    1.00178e-05    
3.29914        2.50444e-05    1.12002e-05    
3.30913        2.00355e-05    1.00178e-05    
3.31911        1.00178e-05    7.08362e-06    
3.32909        2.00355e-05    1.00178e-05    
3.33907        3.00533e-05    1.22692e-05    
3.34905        1.00178e-05    7.08362e-06    
3.35904        1.00178e-05    7.08362e-06    
3.36902        0              0              
3.379          5.00888e-06    5.00888e-06    
3.38898        5.00888e-06    5.00888e-06    
3.39897        0              0              
3.40895        0              0              
3.41893        1.00178e-05    7.08362e-06    
3.42891        1.00178e-05    7.08362e-06    
3.4389         5.00888e-06    5.00888e-06    
3.44888        5.00888e-06    5.00888e-06    
3.45886        5.00888e-06    5.00888e-06    
3.46884        0              0              
3.47882        1.00178e-05    7.08362e-06    
3.48881        1.00178e-05    7.08362e-06    
3.49879        5.00888e-06    5.00888e-06    
3.50877        5.00888e-06    5.00888e-06    
3.51875        5.00888e-06    5.00888e-06    
3.52874        5.00888e-06    5.00888e-06    
3.53872        1.50266e-05    8.67563e-06    
3.5487         0              0              
3.55868        0              0              
3.56867        5.00888e-06    5.00888e-06    
3.57865        5.00888e-06    5.00888e-06    
3.58863        1.00178e-05    7.08362e-06    
3.59861        1.50266e-05    8.67563e-06    
3.60859        1.00178e-05    7.08362e-06    
3.61858        1.00178e-05    7.08362e-06    
3.62856        1.00178e-05    7.08362e-06    
3.63854        5.00888e-06    5.00888e-06    
3.64852        1.00178e-05    7.08362e-06    
3.65851        0              0              
3.66849        0              0              
3.67847        1.00178e-05    7.08362e-06    
3.68845        1.00178e-05    7.08362e-06    
3.69843        5.00888e-06    5.00888e-06    
3.70842        0              0              
3.7184         5.00888e-06    5.00888e-06    
3.72838        1.50266e-05    8.67563e-06    
3.73836        1.00178e-05    7.08362e-06    
3.74835        0              0              
3.75833        0              0              
3.76831        5.00888e-06    5.00888e-06    
3.77829        1.00178e-05    7.08362e-06    
3.78828        0              0              
3.79826        0              0              
3.80824        5.00888e-06    5.00888e-06    
3.81822        5.00888e-06    5.00888e-06    
3.8282         5.00888e-06    5.00888e-06    
3.83819        5.00888e-06    5.00888e-06    
3.84817        0              0              
3.85815        0              0              
3.86813        5.00888e-06    5.00888e-06    
3.87812        1.00178e-05    7.08362e-06    
3.8881         0              0              
3.89808        5.00888e-06    5.00888e-06    
3.90806        1.00178e-05    7.08362e-06    
3.91804        5.00888e-06    5.00888e-06    
3.92803        1.00178e-05    7.08362e-06    
3.93801        0              0              
3.94799        1.00178e-05    7.08362e-06    
3.95797        1.00178e-05    7.08362e-06    
3.96796        5.00888e-06    5.00888e-06    
3.97794        5.00888e-06    5.00888e-06    
3.98792        5.00888e-06    5.00888e-06    
3.9979         5.00888e-06    5.00888e-06    
4.00789        0              0              
4.01787        5.00888e-06    5.00888e-06    
4.02785        5.00888e-06    5.00888e-06    
4.03783        0              0              
4.04781        1.00178e-05    7.08362e-06    
4.0578         0              0              
4.06778        0              0              
4.07776        0              0              
4.08774        0              0              
4.09773        1.00178e-05    7.08362e-06    
4.10771        5.00888e-06    5.00888e-06    
4.11769        1.50266e-05    8.67563e-06    
4.12767        5.00888e-06    5.00888e-06    
4.13766        5.00888e-06    5.00888e-06    
4.14764        0              0              
4.15762        0              0              
4.1676         0              0              
4.17758        5.00888e-06    5.00888e-06    
4.18757        0              0              
4.19755        0              0              
4.20753        0              0              
4.21751        5.00888e-06    5.00888e-06    
4.2275         0              0              
4.23748        0              0              
4.24746        5.00888e-06    5.00888e-06    
4.25744        0              0              
4.26742        0              0              
4.27741        0              0              
4.28739        0              0              
4.29737        5.00888e-06    5.00888e-06    
4.30735        1.00178e-05    7.08362e-06    
4.31734        0              0              
4.32732        0              0              
4.3373         0              0              
4.34728        0              0              
4.35727        0              0              
4.36725        0              0              
4.37723        0              0              
4.38721        0              0              
4.39719        0              0              
4.40718        0              0              
4.41716        0              0              
4.42714        0              0              
4.43712        0              0              
4.44711        0              0              
4.45709        0              0              
4.46707        0              0              
4.47705        0              0              
4.48703        0              0              
4.49702        0              0              
4.507          1.00178e-05    7.08362e-06    
4.51698        0              0              
4.52696        5.00888e-06    5.00888e-06    
4.53695        0              0              
4.54693        0              0              
4.55691        0              0              
4.56689        0              0              
4.57688        0              0              
4.58686        0              0              
4.59684        0              0              
4.60682        0              0              
4.6168         0              0              
4.62679        5.00888e-06    5.00888e-06    
4.63677        0              0              
4.64675        0              0              
4.65673        0              0              
4.66672        0              0              
4.6767         0              0              
4.68668        0              0              
4.69666        5.00888e-06    5.00888e-06    
4.70665        0              0              
4.71663        0              0              
4.72661        0              0              
4.73659        5.00888e-06    5.00888e-06    
4.74657        0              0              
4.75656        0              0              
4.76654        0              0              
4.77652        0              0              
4.7865         0              0              
4.79649        0              0              
4.80647        0              0              
4.81645        5.00888e-06    5.00888e-06    
4.82643        0              0              
4.83641        0              0              
4.8464         0              0              
4.85638        0              0              
4.86636        0              0              
4.87634        0              0              
4.88633        0              0              
4.89631        0              0              
4.90629        0              0              
4.91627        0              0              
4.92626        0              0              
4.93624        0              0              
4.94622        0              0              
4.9562         0              0              
4.96618        0              0              
4.97617        0              0              
4.98615        0              0              
