p (GeV)        dN/dp          error          
0.00387561     0              0              
0.0116268      0              0              
0.0193781      1.29012e-05    9.12252e-06    
0.0271293      1.93518e-05    1.11728e-05    
0.0348805      3.2253e-05     1.4424e-05     
0.0426317      5.16048e-05    1.8245e-05     
0.0503829      7.09566e-05    2.13942e-05    
0.0581341      7.74072e-05    2.23455e-05    
0.0658854      0.000129012    2.88479e-05    
0.0736366      9.6759e-05     2.4983e-05     
0.0813878      0.000135463    2.95603e-05    
0.089139       0.000116111    2.73676e-05    
0.0968902      0.000283826    4.27884e-05    
0.104641       0.000296727    4.375e-05      
0.112393       0.000303178    4.4223e-05     
0.120144       0.000341882    4.6961e-05     
0.127895       0.000419289    5.20063e-05    
0.135646       0.000387036    4.9966e-05     
0.143398       0.000619257    6.32025e-05    
0.151149       0.00064506     6.45058e-05    
0.1589         0.000548301    5.94714e-05    
0.166651       0.000696665    6.70364e-05    
0.174402       0.000819226    7.26943e-05    
0.182154       0.000806325    7.21196e-05    
0.189905       0.00100629     8.05676e-05    
0.197656       0.000954688    7.84746e-05    
0.205407       0.00109015     8.38574e-05    
0.213159       0.0011095      8.45984e-05    
0.22091        0.00125142     8.9846e-05     
0.228661       0.00122561     8.89149e-05    
0.236412       0.00155459     0.00010014     
0.244163       0.00138688     9.45838e-05    
0.251915       0.00169651     0.00010461     
0.259666       0.00170941     0.000105007    
0.267417       0.00185777     0.000109469    
0.275168       0.00187067     0.000109849    
0.28292        0.00205129     0.00011503     
0.290671       0.00221255     0.000119466    
0.298422       0.00252218     0.000127551    
0.306173       0.00241252     0.000124747    
0.313924       0.00243188     0.000125247    
0.321676       0.00265765     0.000130931    
0.329427       0.00280601     0.000134536    
0.337178       0.00299308     0.000138949    
0.344929       0.00301888     0.000139546    
0.352681       0.0031866      0.00014337     
0.360432       0.00354138     0.00015114     
0.368183       0.00349622     0.000150174    
0.375934       0.00364459     0.000153327    
0.383685       0.00342527     0.000148642    
0.391437       0.00414773     0.000163568    
0.399188       0.00402517     0.000161133    
0.406939       0.00394132     0.000159446    
0.41469        0.00438641     0.000168208    
0.422441       0.0042961      0.000166468    
0.430193       0.00454767     0.000171272    
0.437944       0.00481215     0.000176182    
0.445695       0.00508952     0.000181188    
0.453446       0.00503792     0.000180267    
0.461198       0.0054056      0.000186729    
0.468949       0.00521853     0.00018347     
0.4767         0.00577974     0.000193083    
0.484451       0.00585714     0.000194372    
0.492202       0.00617322     0.000199547    
0.499954       0.00618612     0.000199964    
0.507705       0.00656026     0.000205707    
0.515456       0.00663766     0.000206917    
0.523207       0.00692794     0.000211393    
0.530959       0.00683118     0.000209912    
0.53871        0.00680538     0.000209515    
0.546461       0.00716016     0.000214906    
0.554212       0.00743754     0.000219029    
0.561963       0.00746979     0.000219504    
0.569715       0.00778587     0.000224099    
0.577466       0.00827612     0.000231046    
0.585217       0.00794069     0.000226316    
0.592968       0.00850834     0.000234443    
0.60072        0.00844383     0.000233376    
0.608471       0.00894698     0.000240228    
0.616222       0.00926951     0.000244519    
0.623973       0.0092179      0.000243838    
0.631724       0.00952753     0.000247899    
0.639476       0.00984361     0.000251977    
0.647227       0.0100178      0.000254196    
0.654978       0.0104177      0.00025922     
0.662729       0.00980491     0.000251481    
0.670481       0.0107854      0.000263755    
0.678232       0.0103984      0.000258979    
0.685983       0.0110692      0.000267202    
0.693734       0.0113531      0.000270606    
0.701485       0.0110628      0.000267124    
0.709237       0.0113143      0.000270144    
0.716988       0.0121336      0.000279752    
0.724739       0.0119336      0.000277438    
0.73249        0.0124497      0.000283372    
0.740242       0.0123787      0.000282564    
0.747993       0.0118949      0.000276988    
0.755744       0.0126109      0.000285202    
0.763495       0.0124109      0.000282932    
0.771246       0.0132366      0.000292191    
0.778998       0.013185       0.000291621    
0.786749       0.0132753      0.000292617    
0.7945         0.0139333      0.000299919    
0.802251       0.0146106      0.000307115    
0.810002       0.0140817      0.000301372    
0.817754       0.0146493      0.000307386    
0.825505       0.0145203      0.000306029    
0.833256       0.0144622      0.000305417    
0.841007       0.0149396      0.000310416    
0.848759       0.0145267      0.000306097    
0.85651        0.0153847      0.000315006    
0.864261       0.0158298      0.000319529    
0.872012       0.0155201      0.000316389    
0.879763       0.0160039      0.000321282    
0.887515       0.0159265      0.000320504    
0.895266       0.0157588      0.000318812    
0.903017       0.015862       0.000319855    
0.910768       0.0164103      0.000325335    
0.91852        0.0166232      0.000327438    
0.926271       0.0166619      0.000327819    
0.934022       0.0166941      0.000328263    
0.941773       0.0170167      0.00033129     
0.949524       0.0172102      0.000333168    
0.957276       0.017565       0.000336585    
0.965027       0.0179649      0.000340394    
0.972778       0.0177069      0.000337941    
0.980529       0.01821        0.000342708    
0.988281       0.0181004      0.000341675    
0.996032       0.0179327      0.000340211    
1.00378        0.0182552      0.000343133    
1.01153        0.0189003      0.000349142    
1.01929        0.0186616      0.000346931    
1.02704        0.0190873      0.000350984    
1.03479        0.0187067      0.00034735     
1.04254        0.0185842      0.000346331    
1.05029        0.0196356      0.000355868    
1.05804        0.0190551      0.000350687    
1.06579        0.0195711      0.000355283    
1.07354        0.0196292      0.00035581     
1.0813         0.0198743      0.000358024    
1.08905        0.0188228      0.000348426    
1.0968         0.0196421      0.000355927    
1.10455        0.0192679      0.000352521    
1.1123         0.0208548      0.000366748    
1.12005        0.0195776      0.000355342    
1.1278         0.0202162      0.00036132     
1.13555        0.0201517      0.000360514    
1.1433         0.0207645      0.000365953    
1.15106        0.0205194      0.000363901    
1.15881        0.0207387      0.000365726    
1.16656        0.020429       0.0003631      
1.17431        0.0200356      0.000359474    
1.18206        0.0206742      0.000365157    
1.18981        0.0205581      0.00036413     
1.19756        0.0203323      0.000362125    
1.20531        0.0206484      0.000364929    
1.21307        0.0205194      0.000363787    
1.22082        0.0209709      0.000367767    
1.22857        0.0208806      0.000366975    
1.23632        0.0209064      0.000367201    
1.24407        0.0210612      0.000368558    
1.25182        0.0209128      0.000367371    
1.25957        0.0209902      0.000367937    
1.26732        0.0207064      0.000365441    
1.27508        0.021345       0.000371033    
1.28283        0.020758       0.000365896    
1.29058        0.0217256      0.000374437    
1.29833        0.0211322      0.000369291    
1.30608        0.0206548      0.0003651      
1.31383        0.0212547      0.000370247    
1.32158        0.0217708      0.000374825    
1.32933        0.0210806      0.000368727    
1.33709        0.0209451      0.000367541    
1.34484        0.0211386      0.000369235    
1.35259        0.0214805      0.000372208    
1.36034        0.0209128      0.000367258    
1.36809        0.0208935      0.000367201    
1.37584        0.0214805      0.000372208    
1.38359        0.0207774      0.000366067    
1.39134        0.0215321      0.000372655    
1.3991         0.0211902      0.000369798    
1.40685        0.0206742      0.000365157    
1.4146         0.0211902      0.000369685    
1.42235        0.0206484      0.000364929    
1.4301         0.0207838      0.000366124    
1.43785        0.0208483      0.000366691    
1.4456         0.0204161      0.000362871    
1.45335        0.0206355      0.000364815    
1.4611         0.0205         0.000363616    
1.46886        0.0205         0.000363616    
1.47661        0.0199517      0.000358721    
1.48436        0.0200291      0.000359416    
1.49211        0.0200936      0.000360225    
1.49986        0.0197904      0.000357385    
1.50761        0.0205581      0.00036413     
1.51536        0.0208032      0.000366294    
1.52311        0.0196098      0.000355634    
1.53087        0.0199452      0.000358663    
1.53862        0.0197969      0.000357326    
1.54637        0.0199646      0.000359068    
1.55412        0.0197001      0.000356686    
1.56187        0.0199581      0.000358779    
1.56962        0.0193131      0.000353052    
1.57737        0.0196356      0.000355868    
1.58512        0.0195453      0.000355049    
1.59288        0.0191776      0.000351812    
1.60063        0.0196034      0.000355693    
1.60838        0.0193131      0.000352934    
1.61613        0.0187906      0.000348128    
1.62388        0.0188422      0.000348605    
1.63163        0.0182552      0.000343133    
1.63938        0.0187777      0.000348008    
1.64713        0.0190744      0.000350747    
1.65489        0.018481       0.000345248    
1.66264        0.018868       0.000348844    
1.67039        0.0182487      0.000343072    
1.67814        0.0178295      0.000339109    
1.68589        0.0185713      0.00034609     
1.69364        0.017823       0.00033917     
1.70139        0.0174037      0.00033516     
1.70914        0.0174166      0.00033516     
1.7169         0.0173005      0.000334041    
1.72465        0.0178617      0.000339415    
1.7324         0.0173521      0.000334663    
1.74015        0.017365       0.000334663    
1.7479         0.0178617      0.000339415    
1.75565        0.0176746      0.000337633    
1.7634         0.0165006      0.000326229    
1.77115        0.0167393      0.000328579    
1.7789         0.0168296      0.000329591    
1.78666        0.0169006      0.000330158    
1.79441        0.0161394      0.000322639    
1.80216        0.0160555      0.0003218      
1.80991        0.0160684      0.000321929    
1.81766        0.0157524      0.000318747    
1.82541        0.0154685      0.000315863    
1.83316        0.015733       0.000318551    
1.84091        0.0152815      0.000313947    
1.84867        0.014946       0.000310483    
1.85642        0.0152428      0.00031355     
1.86417        0.0144687      0.000305485    
1.87192        0.0150041      0.000311085    
1.87967        0.0150363      0.000311419    
1.88742        0.0147719      0.000308669    
1.89517        0.0144364      0.000305145    
1.90292        0.0146751      0.000307656    
1.91068        0.0148493      0.000309611    
1.91843        0.0139591      0.000300058    
1.92618        0.0142494      0.000303161    
1.93393        0.0139526      0.000299989    
1.94168        0.0139913      0.000300404    
1.94943        0.0136301      0.000296501    
1.95718        0.0134688      0.000294742    
1.96493        0.0133979      0.000293965    
1.97269        0.0131334      0.000291192    
1.98044        0.0128431      0.000287815    
1.98819        0.0134366      0.000294389    
1.99594        0.0133398      0.000293327    
2.00369        0.0127915      0.000287237    
2.01144        0.0126303      0.000285566    
2.01919        0.0126819      0.000286148    
2.02694        0.0123271      0.000281974    
2.0347         0.0123658      0.000282417    
2.04245        0.0120304      0.00027856     
2.0502         0.0119723      0.000278037    
2.05795        0.011366       0.000270913    
2.0657         0.0112369      0.000269219    
2.07345        0.0116885      0.000274574    
2.0812         0.0117981      0.000275859    
2.08895        0.0114369      0.000271603    
2.09671        0.0112692      0.000269605    
2.10446        0.0106306      0.000261855    
2.11221        0.0106757      0.00026241     
2.11996        0.010908       0.000265249    
2.12771        0.0104306      0.000259381    
2.13546        0.0104242      0.000259781    
2.14321        0.0102113      0.000256639    
2.15096        0.0105919      0.000261537    
2.15871        0.00956624     0.000248402    
2.16647        0.00996617     0.000253541    
2.17422        0.0096888      0.000249988    
2.18197        0.0103597      0.000258497    
2.18972        0.00989522     0.000252636    
2.19747        0.00924371     0.000244349    
2.20522        0.00912114     0.000242554    
2.21297        0.00934692     0.000245538    
2.22072        0.00946948     0.000247142    
2.22848        0.00939207     0.00024613     
2.23623        0.00902439     0.000241265    
2.24398        0.00919855     0.000243581    
2.25173        0.00892763     0.000239968    
2.25948        0.00893408     0.000240054    
2.26723        0.00875346     0.000237616    
2.27498        0.00853414     0.00023462     
2.28273        0.00834062     0.000231945    
2.29049        0.00842448     0.000233108    
2.29824        0.00836642     0.000232304    
2.30599        0.00803744     0.000227691    
2.31374        0.00766976     0.000222422    
2.32149        0.00773427     0.000223355    
2.32924        0.00759235     0.000221297    
2.33699        0.00778587     0.000224099    
2.34474        0.0076117      0.000221579    
2.3525         0.00765686     0.000222235    
2.36025        0.00727627     0.000216642    
2.368          0.00733433     0.000217504    
2.37575        0.00732788     0.000217409    
2.3835         0.00688279     0.000210703    
2.39125        0.00696665     0.000211983    
2.399          0.00681183     0.000209614    
2.40675        0.00681828     0.000209713    
2.41451        0.00656026     0.000205707    
2.42226        0.00617322     0.000199547    
2.43001        0.00622483     0.000200379    
2.43776        0.00667637     0.000207519    
2.44551        0.00633449     0.000202137    
2.45326        0.00635384     0.000202445    
2.46101        0.00618612     0.000199756    
2.46876        0.00572813     0.000192219    
2.47651        0.00617967     0.000199651    
2.48427        0.00587649     0.000194693    
2.49202        0.00572813     0.000192219    
2.49977        0.00565717     0.000191025    
2.50752        0.00529594     0.000184826    
2.51527        0.00570878     0.000191894    
2.52302        0.00531529     0.000185163    
2.53077        0.00526369     0.000184262    
2.53852        0.00539915     0.000186618    
2.54628        0.00496051     0.000178877    
2.55403        0.00514758     0.000182219    
2.56178        0.00487665     0.000177359    
2.56953        0.00482505     0.000176418    
2.57728        0.00512177     0.000181761    
2.58503        0.00468313     0.000173804    
2.59278        0.00454122     0.000171151    
2.60053        0.00447671     0.000169931    
2.60829        0.00422514     0.000165087    
2.61604        0.00464443     0.000173085    
2.62379        0.00440576     0.000168579    
2.63154        0.00443801     0.000169195    
2.63929        0.00423159     0.000165213    
2.64704        0.00463798     0.000172964    
2.65479        0.00425094     0.000165591    
2.66254        0.00396067     0.000159837    
2.6703         0.00400582     0.000160746    
2.67805        0.00425739     0.000165716    
2.6858         0.00395422     0.000159707    
2.69355        0.0037994      0.000156549    
2.7013         0.0038252      0.00015708     
2.70905        0.00355428     0.000151415    
2.7168         0.00381875     0.000156947    
2.72455        0.00354783     0.000151278    
2.73231        0.00366394     0.000153733    
2.74006        0.0031866      0.00014337     
2.74781        0.00356073     0.000151553    
2.75556        0.00348977     0.000150035    
2.76331        0.00338011     0.000147659    
2.77106        0.0032253      0.000144238    
2.77881        0.00341882     0.000148502    
2.78656        0.00297373     0.000138499    
2.79431        0.00315434     0.000142643    
2.80207        0.00299308     0.000138949    
2.80982        0.00293502     0.000137594    
2.81757        0.00290277     0.000136836    
2.82532        0.00261894     0.000129975    
2.83307        0.00292212     0.000137292    
2.84082        0.00263829     0.000130454    
2.84857        0.00276731     0.000133605    
2.85632        0.00269635     0.000131881    
2.86408        0.00256734     0.000128688    
2.87183        0.00244478     0.000125579    
2.87958        0.00259314     0.000129333    
2.88733        0.00229641     0.000121709    
2.89508        0.00238672     0.000124079    
2.90283        0.00247058     0.000126239    
2.91058        0.00243833     0.000125413    
2.91833        0.00243188     0.000125247    
2.92609        0.0022061      0.000119291    
2.93384        0.00225771     0.000120679    
2.94159        0.00228996     0.000121537    
2.94934        0.00232222     0.00012239     
2.95709        0.00204484     0.000114849    
2.96484        0.00223836     0.00012016     
2.97259        0.00196743     0.000112654    
2.98034        0.0021287      0.00011718     
2.9881         0.00190938     0.000110979    
2.99585        0.00192873     0.00011154     
3.0036         0.00189648     0.000110604    
3.01135        0.00188357     0.000110227    
3.0191         0.00189003     0.000110416    
3.02685        0.00181262     0.000108131    
3.0346         0.00186422     0.000109659    
3.04235        0.00186422     0.000109659    
3.05011        0.0015804      0.000100967    
3.05786        0.0016062      0.000101788    
3.06561        0.00181262     0.000108131    
3.07336        0.00167716     0.000104012    
3.08111        0.00168361     0.000104212    
3.08886        0.00158685     0.000101173    
3.09661        0.0015675      0.000100554    
3.10436        0.00136753     9.39216e-05    
3.11211        0.00168361     0.000104212    
3.11987        0.00138043     9.43636e-05    
3.12762        0.00138043     9.43636e-05    
3.13537        0.00136753     9.39216e-05    
3.14312        0.00155459     0.00010014     
3.15087        0.00135463     9.34775e-05    
3.15862        0.00136108     9.36998e-05    
3.16637        0.00139333     9.48035e-05    
3.17412        0.00127077     9.0538e-05     
3.18188        0.00131592     9.21325e-05    
3.18963        0.0010966      8.41051e-05    
3.19738        0.00122561     8.89149e-05    
3.20513        0.00112885     8.5333e-05     
3.21288        0.0010579      8.26076e-05    
3.22063        0.00120626     8.82102e-05    
3.22838        0.00111595     8.4844e-05     
3.23613        0.0011224      8.50889e-05    
3.24389        0.00097404     7.9266e-05     
3.25164        0.00101274     8.08254e-05    
3.25939        0.000961139    7.87393e-05    
3.26714        0.00118046     8.72617e-05    
3.27489        0.000825676    7.29799e-05    
3.28264        0.000883732    7.55021e-05    
3.29039        0.000948238    7.82091e-05    
3.29814        0.000890182    7.57771e-05    
3.3059         0.000915985    7.68675e-05    
3.31365        0.000961139    7.87393e-05    
3.3214         0.000812775    7.24076e-05    
3.32915        0.000915985    7.68675e-05    
3.3369         0.000903084    7.63242e-05    
3.34465        0.000896633    7.60512e-05    
3.3524         0.000870831    7.49489e-05    
3.36015        0.000832127    7.32645e-05    
3.36791        0.000786973    7.1249e-05     
3.37566        0.000819226    7.26943e-05    
3.38341        0.000786973    7.1249e-05     
3.39116        0.00064506     6.45058e-05    
3.39891        0.000728918    6.85706e-05    
3.40666        0.000625708    6.35309e-05    
3.41441        0.000670862    6.57833e-05    
3.42216        0.000677313    6.60988e-05    
3.42991        0.000735368    6.88733e-05    
3.43767        0.000599906    6.22072e-05    
3.44542        0.000677313    6.60988e-05    
3.45317        0.000703115    6.7346e-05     
3.46092        0.000638609    6.41825e-05    
3.46867        0.000548301    5.94714e-05    
3.47642        0.000470894    5.51138e-05    
3.48417        0.000522498    5.80553e-05    
3.49192        0.000580554    6.11956e-05    
3.49968        0.00054185     5.91206e-05    
3.50743        0.000516048    5.76958e-05    
3.51518        0.000477344    5.549e-05      
3.52293        0.000580554    6.11956e-05    
3.53068        0.000477344    5.549e-05      
3.53843        0.000419289    5.20063e-05    
3.54618        0.000451542    5.39695e-05    
3.55393        0.000483795    5.58637e-05    
3.56169        0.00043219     5.28003e-05    
3.56944        0.000522498    5.80553e-05    
3.57719        0.000393486    5.03807e-05    
3.58494        0.000470894    5.51138e-05    
3.59269        0.000464443    5.4735e-05     
3.60044        0.00043219     5.28003e-05    
3.60819        0.000367684    4.87009e-05    
3.61594        0.000438641    5.31929e-05    
3.6237         0.000374135    4.91262e-05    
3.63145        0.000438641    5.31929e-05    
3.6392         0.00043219     5.28003e-05    
3.64695        0.000406388    5.12e-05       
3.6547         0.000399937    5.0792e-05     
3.66245        0.000309629    4.4691e-05     
3.6702         0.000406388    5.12e-05       
3.67795        0.000361233    4.82718e-05    
3.68571        0.000348332    4.7402e-05     
3.69346        0.000367684    4.87009e-05    
3.70121        0.000399937    5.0792e-05     
3.70896        0.000206419    3.64901e-05    
3.71671        0.000348332    4.7402e-05     
3.72446        0.000354783    4.78388e-05    
3.73221        0.000296727    4.375e-05      
3.73996        0.000341882    4.6961e-05     
3.74771        0.000309629    4.4691e-05     
3.75547        0.000264474    4.13039e-05    
3.76322        0.000245123    3.97641e-05    
3.77097        0.000193518    3.53314e-05    
3.77872        0.000316079    4.51541e-05    
3.78647        0.000245123    3.97641e-05    
3.79422        0.000258024    4.07971e-05    
3.80197        0.000264474    4.13039e-05    
3.80972        0.000245123    3.97641e-05    
3.81748        0.000290277    4.32719e-05    
3.82523        0.000264474    4.13039e-05    
3.83298        0.000245123    3.97641e-05    
3.84073        0.000251573    4.02839e-05    
3.84848        0.000187067    3.47375e-05    
3.85623        0.000135463    2.95603e-05    
3.86398        0.000154814    3.16013e-05    
3.87173        0.000251573    4.02839e-05    
