pT (GeV)       dN/dpt         error          
0.00580839     0              0              
0.0174252      0              0              
0.029042       4.30412e-06    4.30412e-06    
0.0406587      0              0              
0.0522755      4.30412e-06    4.30412e-06    
0.0638923      4.30412e-06    4.30412e-06    
0.0755091      0              0              
0.0871259      0              0              
0.0987426      4.30412e-06    4.30412e-06    
0.110359       1.29124e-05    7.45495e-06    
0.121976       4.30412e-06    4.30412e-06    
0.133593       8.60824e-06    6.08694e-06    
0.14521        0              0              
0.156827       8.60824e-06    6.08694e-06    
0.168443       8.60824e-06    6.08694e-06    
0.18006        2.15206e-05    9.6243e-06     
0.191677       4.30412e-06    4.30412e-06    
0.203294       0              0              
0.21491        1.29124e-05    7.45495e-06    
0.226527       8.60824e-06    6.08694e-06    
0.238144       1.29124e-05    7.45495e-06    
0.249761       4.30412e-06    4.30412e-06    
0.261378       4.30412e-06    4.30412e-06    
0.272994       0              0              
0.284611       1.72165e-05    8.60824e-06    
0.296228       4.30412e-06    4.30412e-06    
0.307845       2.15206e-05    9.6243e-06     
0.319461       8.60824e-06    6.08694e-06    
0.331078       2.15206e-05    9.6243e-06     
0.342695       1.29124e-05    7.45495e-06    
0.354312       1.72165e-05    8.60824e-06    
0.365929       2.58247e-05    1.05429e-05    
0.377545       8.60824e-06    6.08694e-06    
0.389162       1.29124e-05    7.45495e-06    
0.400779       2.15206e-05    9.6243e-06     
0.412396       2.15206e-05    9.6243e-06     
0.424012       1.72165e-05    8.60824e-06    
0.435629       1.29124e-05    7.45495e-06    
0.447246       4.30412e-06    4.30412e-06    
0.458863       1.72165e-05    8.60824e-06    
0.47048        3.87371e-05    1.29124e-05    
0.482096       3.44329e-05    1.21739e-05    
0.493713       3.01288e-05    1.13876e-05    
0.50533        1.72165e-05    8.60824e-06    
0.516947       1.72165e-05    8.60824e-06    
0.528563       4.30412e-05    1.36108e-05    
0.54018        1.72165e-05    8.60824e-06    
0.551797       3.87371e-05    1.29124e-05    
0.563414       1.72165e-05    8.60824e-06    
0.575031       4.30412e-05    1.36108e-05    
0.586647       2.58247e-05    1.05429e-05    
0.598264       3.44329e-05    1.21739e-05    
0.609881       2.58247e-05    1.05429e-05    
0.621498       1.72165e-05    8.60824e-06    
0.633115       2.15206e-05    9.6243e-06     
0.644731       4.30412e-05    1.36108e-05    
0.656348       2.58247e-05    1.05429e-05    
0.667965       5.59535e-05    1.55187e-05    
0.679582       2.58247e-05    1.05429e-05    
0.691198       3.01288e-05    1.13876e-05    
0.702815       3.01288e-05    1.13876e-05    
0.714432       2.58247e-05    1.05429e-05    
0.726049       4.30412e-05    1.36108e-05    
0.737666       4.73453e-05    1.42751e-05    
0.749282       8.60824e-06    6.08694e-06    
0.760899       4.30412e-05    1.36108e-05    
0.772516       5.59535e-05    1.55187e-05    
0.784133       3.87371e-05    1.29124e-05    
0.795749       3.01288e-05    1.13876e-05    
0.807366       4.73453e-05    1.42751e-05    
0.818983       2.58247e-05    1.05429e-05    
0.8306         7.317e-05      1.77463e-05    
0.842217       3.01288e-05    1.13876e-05    
0.853833       2.58247e-05    1.05429e-05    
0.86545        5.59535e-05    1.55187e-05    
0.877067       3.01288e-05    1.13876e-05    
0.888684       4.30412e-05    1.36108e-05    
0.9003         5.59535e-05    1.55187e-05    
0.911917       3.87371e-05    1.29124e-05    
0.923534       4.30412e-05    1.36108e-05    
0.935151       2.15206e-05    9.6243e-06     
0.946768       3.87371e-05    1.29124e-05    
0.958384       6.02577e-05    1.61045e-05    
0.970001       5.16494e-05    1.49099e-05    
0.981618       4.30412e-05    1.36108e-05    
0.993235       4.73453e-05    1.42751e-05    
1.00485        4.73453e-05    1.42751e-05    
1.01647        3.87371e-05    1.29124e-05    
1.02809        3.01288e-05    1.13876e-05    
1.0397         5.59535e-05    1.55187e-05    
1.05132        4.73453e-05    1.42751e-05    
1.06294        4.73453e-05    1.42751e-05    
1.07455        6.02577e-05    1.61045e-05    
1.08617        5.16494e-05    1.49099e-05    
1.09779        5.59535e-05    1.55187e-05    
1.1094         5.16494e-05    1.49099e-05    
1.12102        3.87371e-05    1.29124e-05    
1.13264        6.45618e-05    1.66698e-05    
1.14425        5.16494e-05    1.49099e-05    
1.15587        6.02577e-05    1.61045e-05    
1.16749        5.16494e-05    1.49099e-05    
1.1791         3.01288e-05    1.13876e-05    
1.19072        6.45618e-05    1.66698e-05    
1.20234        4.73453e-05    1.42751e-05    
1.21395        4.30412e-05    1.36108e-05    
1.22557        7.74741e-05    1.82608e-05    
1.23719        3.87371e-05    1.29124e-05    
1.2488         3.87371e-05    1.29124e-05    
1.26042        3.87371e-05    1.29124e-05    
1.27204        6.45618e-05    1.66698e-05    
1.28365        5.16494e-05    1.49099e-05    
1.29527        5.16494e-05    1.49099e-05    
1.30689        5.59535e-05    1.55187e-05    
1.3185         6.88659e-05    1.72165e-05    
1.33012        3.44329e-05    1.21739e-05    
1.34174        6.45618e-05    1.66698e-05    
1.35335        6.88659e-05    1.72165e-05    
1.36497        5.16494e-05    1.49099e-05    
1.37659        6.88659e-05    1.72165e-05    
1.38821        6.88659e-05    1.72165e-05    
1.39982        4.30412e-05    1.36108e-05    
1.41144        4.73453e-05    1.42751e-05    
1.42306        4.30412e-05    1.36108e-05    
1.43467        4.30412e-05    1.36108e-05    
1.44629        4.73453e-05    1.42751e-05    
1.45791        5.59535e-05    1.55187e-05    
1.46952        6.88659e-05    1.72165e-05    
1.48114        5.59535e-05    1.55187e-05    
1.49276        4.30412e-05    1.36108e-05    
1.50437        4.30412e-05    1.36108e-05    
1.51599        3.87371e-05    1.29124e-05    
1.52761        4.73453e-05    1.42751e-05    
1.53922        6.88659e-05    1.72165e-05    
1.55084        5.59535e-05    1.55187e-05    
1.56246        3.44329e-05    1.21739e-05    
1.57407        3.01288e-05    1.13876e-05    
1.58569        4.73453e-05    1.42751e-05    
1.59731        2.58247e-05    1.05429e-05    
1.60892        3.87371e-05    1.29124e-05    
1.62054        5.59535e-05    1.55187e-05    
1.63216        3.87371e-05    1.29124e-05    
1.64377        4.30412e-05    1.36108e-05    
1.65539        3.44329e-05    1.21739e-05    
1.66701        6.02577e-05    1.61045e-05    
1.67862        7.74741e-05    1.82608e-05    
1.69024        2.58247e-05    1.05429e-05    
1.70186        6.45618e-05    1.66698e-05    
1.71348        3.44329e-05    1.21739e-05    
1.72509        4.30412e-05    1.36108e-05    
1.73671        2.15206e-05    9.6243e-06     
1.74833        3.87371e-05    1.29124e-05    
1.75994        4.30412e-05    1.36108e-05    
1.77156        4.73453e-05    1.42751e-05    
1.78318        4.73453e-05    1.42751e-05    
1.79479        3.87371e-05    1.29124e-05    
1.80641        5.59535e-05    1.55187e-05    
1.81803        2.58247e-05    1.05429e-05    
1.82964        1.72165e-05    8.60824e-06    
1.84126        4.30412e-05    1.36108e-05    
1.85288        3.01288e-05    1.13876e-05    
1.86449        5.59535e-05    1.55187e-05    
1.87611        3.44329e-05    1.21739e-05    
1.88773        5.16494e-05    1.49099e-05    
1.89934        3.01288e-05    1.13876e-05    
1.91096        1.29124e-05    7.45495e-06    
1.92258        5.16494e-05    1.49099e-05    
1.93419        4.73453e-05    1.42751e-05    
1.94581        4.30412e-05    1.36108e-05    
1.95743        3.87371e-05    1.29124e-05    
1.96904        2.58247e-05    1.05429e-05    
1.98066        3.87371e-05    1.29124e-05    
1.99228        3.44329e-05    1.21739e-05    
2.00389        4.30412e-05    1.36108e-05    
2.01551        4.30412e-05    1.36108e-05    
2.02713        5.59535e-05    1.55187e-05    
2.03874        2.15206e-05    9.6243e-06     
2.05036        3.44329e-05    1.21739e-05    
2.06198        3.44329e-05    1.21739e-05    
2.0736         3.44329e-05    1.21739e-05    
2.08521        1.72165e-05    8.60824e-06    
2.09683        3.44329e-05    1.21739e-05    
2.10845        6.02577e-05    1.61045e-05    
2.12006        6.45618e-05    1.66698e-05    
2.13168        3.44329e-05    1.21739e-05    
2.1433         3.87371e-05    1.29124e-05    
2.15491        3.87371e-05    1.29124e-05    
2.16653        3.87371e-05    1.29124e-05    
2.17815        1.72165e-05    8.60824e-06    
2.18976        6.45618e-05    1.66698e-05    
2.20138        6.45618e-05    1.66698e-05    
2.213          1.72165e-05    8.60824e-06    
2.22461        3.87371e-05    1.29124e-05    
2.23623        5.16494e-05    1.49099e-05    
2.24785        1.29124e-05    7.45495e-06    
2.25946        2.15206e-05    9.6243e-06     
2.27108        5.59535e-05    1.55187e-05    
2.2827         1.72165e-05    8.60824e-06    
2.29431        5.59535e-05    1.55187e-05    
2.30593        4.30412e-05    1.36108e-05    
2.31755        3.01288e-05    1.13876e-05    
2.32916        2.58247e-05    1.05429e-05    
2.34078        3.01288e-05    1.13876e-05    
2.3524         3.01288e-05    1.13876e-05    
2.36401        1.29124e-05    7.45495e-06    
2.37563        1.72165e-05    8.60824e-06    
2.38725        2.58247e-05    1.05429e-05    
2.39887        3.87371e-05    1.29124e-05    
2.41048        1.29124e-05    7.45495e-06    
2.4221         3.01288e-05    1.13876e-05    
2.43372        3.01288e-05    1.13876e-05    
2.44533        2.15206e-05    9.6243e-06     
2.45695        3.01288e-05    1.13876e-05    
2.46857        2.58247e-05    1.05429e-05    
2.48018        1.72165e-05    8.60824e-06    
2.4918         1.72165e-05    8.60824e-06    
2.50342        2.58247e-05    1.05429e-05    
2.51503        2.58247e-05    1.05429e-05    
2.52665        2.58247e-05    1.05429e-05    
2.53827        1.72165e-05    8.60824e-06    
2.54988        2.15206e-05    9.6243e-06     
2.5615         3.01288e-05    1.13876e-05    
2.57312        3.01288e-05    1.13876e-05    
2.58473        2.58247e-05    1.05429e-05    
2.59635        1.72165e-05    8.60824e-06    
2.60797        1.29124e-05    7.45495e-06    
2.61958        1.72165e-05    8.60824e-06    
2.6312         4.30412e-06    4.30412e-06    
2.64282        1.29124e-05    7.45495e-06    
2.65443        1.72165e-05    8.60824e-06    
2.66605        2.58247e-05    1.05429e-05    
2.67767        1.72165e-05    8.60824e-06    
2.68928        5.59535e-05    1.55187e-05    
2.7009         2.15206e-05    9.6243e-06     
2.71252        2.15206e-05    9.6243e-06     
2.72413        3.01288e-05    1.13876e-05    
2.73575        1.72165e-05    8.60824e-06    
2.74737        8.60824e-06    6.08694e-06    
2.75899        2.15206e-05    9.6243e-06     
2.7706         8.60824e-06    6.08694e-06    
2.78222        2.58247e-05    1.05429e-05    
2.79384        2.58247e-05    1.05429e-05    
2.80545        4.30412e-06    4.30412e-06    
2.81707        0              0              
2.82869        4.30412e-06    4.30412e-06    
2.8403         3.01288e-05    1.13876e-05    
2.85192        8.60824e-06    6.08694e-06    
2.86354        1.29124e-05    7.45495e-06    
2.87515        1.29124e-05    7.45495e-06    
2.88677        1.29124e-05    7.45495e-06    
2.89839        4.30412e-06    4.30412e-06    
2.91           4.30412e-06    4.30412e-06    
2.92162        1.29124e-05    7.45495e-06    
2.93324        8.60824e-06    6.08694e-06    
2.94485        1.29124e-05    7.45495e-06    
2.95647        8.60824e-06    6.08694e-06    
2.96809        8.60824e-06    6.08694e-06    
2.9797         8.60824e-06    6.08694e-06    
2.99132        2.15206e-05    9.6243e-06     
3.00294        4.30412e-06    4.30412e-06    
3.01455        1.72165e-05    8.60824e-06    
3.02617        1.72165e-05    8.60824e-06    
3.03779        0              0              
3.0494         4.30412e-06    4.30412e-06    
3.06102        8.60824e-06    6.08694e-06    
3.07264        2.58247e-05    1.05429e-05    
3.08426        0              0              
3.09587        8.60824e-06    6.08694e-06    
3.10749        1.29124e-05    7.45495e-06    
3.11911        1.29124e-05    7.45495e-06    
3.13072        8.60824e-06    6.08694e-06    
3.14234        1.29124e-05    7.45495e-06    
3.15396        8.60824e-06    6.08694e-06    
3.16557        0              0              
3.17719        4.30412e-06    4.30412e-06    
3.18881        1.29124e-05    7.45495e-06    
3.20042        8.60824e-06    6.08694e-06    
3.21204        1.29124e-05    7.45495e-06    
3.22366        4.30412e-06    4.30412e-06    
3.23527        1.29124e-05    7.45495e-06    
3.24689        8.60824e-06    6.08694e-06    
3.25851        8.60824e-06    6.08694e-06    
3.27012        4.30412e-06    4.30412e-06    
3.28174        2.15206e-05    9.6243e-06     
3.29336        4.30412e-06    4.30412e-06    
3.30497        8.60824e-06    6.08694e-06    
3.31659        8.60824e-06    6.08694e-06    
3.32821        0              0              
3.33982        0              0              
3.35144        0              0              
3.36306        8.60824e-06    6.08694e-06    
3.37467        0              0              
3.38629        0              0              
3.39791        1.29124e-05    7.45495e-06    
3.40952        8.60824e-06    6.08694e-06    
3.42114        4.30412e-06    4.30412e-06    
3.43276        8.60824e-06    6.08694e-06    
3.44438        4.30412e-06    4.30412e-06    
3.45599        8.60824e-06    6.08694e-06    
3.46761        1.29124e-05    7.45495e-06    
3.47923        0              0              
3.49084        4.30412e-06    4.30412e-06    
3.50246        0              0              
3.51408        8.60824e-06    6.08694e-06    
3.52569        8.60824e-06    6.08694e-06    
3.53731        4.30412e-06    4.30412e-06    
3.54893        8.60824e-06    6.08694e-06    
3.56054        4.30412e-06    4.30412e-06    
3.57216        0              0              
3.58378        0              0              
3.59539        0              0              
3.60701        1.29124e-05    7.45495e-06    
3.61863        0              0              
3.63024        0              0              
3.64186        0              0              
3.65348        0              0              
3.66509        4.30412e-06    4.30412e-06    
3.67671        4.30412e-06    4.30412e-06    
3.68833        4.30412e-06    4.30412e-06    
3.69994        0              0              
3.71156        0              0              
3.72318        0              0              
3.73479        0              0              
3.74641        8.60824e-06    6.08694e-06    
3.75803        4.30412e-06    4.30412e-06    
3.76965        0              0              
3.78126        0              0              
3.79288        0              0              
3.8045         4.30412e-06    4.30412e-06    
3.81611        0              0              
3.82773        0              0              
3.83935        8.60824e-06    6.08694e-06    
3.85096        0              0              
3.86258        4.30412e-06    4.30412e-06    
3.8742         4.30412e-06    4.30412e-06    
3.88581        4.30412e-06    4.30412e-06    
3.89743        0              0              
3.90905        4.30412e-06    4.30412e-06    
3.92066        0              0              
3.93228        0              0              
3.9439         0              0              
3.95551        0              0              
3.96713        0              0              
3.97875        0              0              
3.99036        0              0              
4.00198        0              0              
4.0136         0              0              
4.02521        4.30412e-06    4.30412e-06    
4.03683        0              0              
4.04845        4.30412e-06    4.30412e-06    
4.06006        0              0              
4.07168        4.30412e-06    4.30412e-06    
4.0833         0              0              
4.09491        4.30412e-06    4.30412e-06    
4.10653        0              0              
4.11815        0              0              
4.12977        0              0              
4.14138        4.30412e-06    4.30412e-06    
4.153          0              0              
4.16462        0              0              
4.17623        0              0              
4.18785        0              0              
4.19947        0              0              
4.21108        0              0              
4.2227         0              0              
4.23432        0              0              
4.24593        0              0              
4.25755        8.60824e-06    6.08694e-06    
4.26917        0              0              
4.28078        0              0              
4.2924         0              0              
4.30402        0              0              
4.31563        0              0              
4.32725        4.30412e-06    4.30412e-06    
4.33887        0              0              
4.35048        0              0              
4.3621         0              0              
4.37372        0              0              
4.38533        0              0              
4.39695        0              0              
4.40857        0              0              
4.42018        4.30412e-06    4.30412e-06    
4.4318         0              0              
4.44342        0              0              
4.45504        0              0              
4.46665        0              0              
4.47827        0              0              
4.48989        0              0              
4.5015         0              0              
4.51312        0              0              
4.52474        0              0              
4.53635        0              0              
4.54797        0              0              
4.55959        0              0              
4.5712         0              0              
4.58282        0              0              
4.59444        0              0              
4.60605        4.30412e-06    4.30412e-06    
4.61767        0              0              
4.62929        0              0              
4.6409         0              0              
4.65252        0              0              
4.66414        0              0              
4.67575        0              0              
4.68737        0              0              
4.69899        0              0              
4.7106         0              0              
4.72222        0              0              
4.73384        0              0              
4.74545        0              0              
4.75707        0              0              
4.76869        0              0              
4.7803         0              0              
4.79192        0              0              
4.80354        0              0              
4.81516        0              0              
4.82677        0              0              
4.83839        0              0              
4.85001        0              0              
4.86162        0              0              
4.87324        0              0              
4.88486        0              0              
4.89647        0              0              
4.90809        0              0              
4.91971        0              0              
4.93132        0              0              
4.94294        0              0              
4.95456        0              0              
4.96617        0              0              
4.97779        0              0              
4.98941        0              0              
5.00102        4.30412e-06    4.30412e-06    
5.01264        0              0              
5.02426        0              0              
5.03587        0              0              
5.04749        0              0              
5.05911        0              0              
5.07072        0              0              
5.08234        0              0              
5.09396        0              0              
5.10557        0              0              
5.11719        0              0              
5.12881        0              0              
5.14043        0              0              
5.15204        0              0              
5.16366        0              0              
5.17528        0              0              
5.18689        0              0              
5.19851        0              0              
5.21013        0              0              
5.22174        0              0              
5.23336        0              0              
5.24498        0              0              
5.25659        0              0              
5.26821        0              0              
5.27983        0              0              
5.29144        0              0              
5.30306        0              0              
5.31468        0              0              
5.32629        0              0              
5.33791        0              0              
5.34953        0              0              
5.36114        0              0              
5.37276        0              0              
5.38438        0              0              
5.39599        0              0              
5.40761        0              0              
5.41923        0              0              
5.43084        0              0              
5.44246        0              0              
5.45408        0              0              
5.46569        0              0              
5.47731        0              0              
5.48893        0              0              
5.50055        0              0              
5.51216        0              0              
5.52378        0              0              
5.5354         0              0              
5.54701        0              0              
5.55863        0              0              
5.57025        0              0              
5.58186        0              0              
5.59348        0              0              
5.6051         0              0              
5.61671        0              0              
5.62833        0              0              
5.63995        0              0              
5.65156        0              0              
5.66318        0              0              
5.6748         0              0              
5.68641        0              0              
5.69803        0              0              
5.70965        0              0              
5.72126        0              0              
5.73288        0              0              
5.7445         0              0              
5.75611        0              0              
5.76773        0              0              
5.77935        0              0              
5.79096        0              0              
5.80258        0              0              
