p (GeV)        dN/dp          error          
0.00293956     6.80373e-05    2.40548e-05    
0.00881869     0.00135224     0.000107239    
0.0146978      0.00368252     0.000176969    
0.020577       0.00734803     0.00024998     
0.0264561      0.0117194      0.000315694    
0.0323352      0.0181319      0.00039267     
0.0382143      0.0240427      0.000452157    
0.0440935      0.0327259      0.000527512    
0.0499726      0.0431016      0.000605489    
0.0558517      0.0531541      0.000672247    
0.0617309      0.064848       0.000742593    
0.06761        0.077554       0.000812132    
0.0734891      0.0902344      0.000876037    
0.0793683      0.106733       0.000952906    
0.0852474      0.120171       0.00101095     
0.0911265      0.140403       0.00109242     
0.0970056      0.157608       0.00115772     
0.102885       0.176591       0.00122563     
0.108764       0.199179       0.00130142     
0.114643       0.215823       0.00135464     
0.120522       0.241907       0.00143423     
0.126401       0.264095       0.00149829     
0.13228        0.287815       0.0015645      
0.13816        0.314409       0.00163437     
0.144039       0.339472       0.00169911     
0.149918       0.365819       0.00176368     
0.155797       0.391716       0.00182506     
0.161676       0.421814       0.0018941      
0.167555       0.450926       0.00195822     
0.173434       0.480131       0.00202071     
0.179313       0.513673       0.00209077     
0.185193       0.544468       0.00215158     
0.191072       0.567899       0.00219737     
0.196951       0.609648       0.00227682     
0.20283        0.640146       0.00233361     
0.208709       0.675704       0.00239737     
0.214588       0.706831       0.00245202     
0.220467       0.744583       0.00251644     
0.226347       0.781136       0.00257738     
0.232226       0.811634       0.0026273      
0.238105       0.853859       0.00269415     
0.243984       0.891875       0.00275434     
0.249863       0.929236       0.00281083     
0.255742       0.963918       0.00286282     
0.261621       1.00044        0.00291649     
0.2675         1.04129        0.0029753      
0.27338        1.07633        0.00302547     
0.279259       1.11936        0.00308428     
0.285138       1.15149        0.0031296      
0.291017       1.19447        0.0031875      
0.296896       1.23617        0.00324229     
0.302775       1.27999        0.00329925     
0.308654       1.31186        0.003341       
0.314533       1.35636        0.00339657     
0.320413       1.40094        0.00345177     
0.326292       1.43363        0.00349049     
0.332171       1.47187        0.00353809     
0.33805        1.51146        0.00358439     
0.343929       1.54879        0.0036293      
0.349808       1.59092        0.00367947     
0.355687       1.62658        0.00371922     
0.361566       1.6705         0.00376898     
0.367446       1.71287        0.00381671     
0.373325       1.75024        0.00385782     
0.379204       1.79203        0.00390385     
0.385083       1.82527        0.00393968     
0.390962       1.86938        0.00398757     
0.396841       1.90263        0.00402301     
0.40272        1.94281        0.00406357     
0.4086         1.97631        0.00410108     
0.414479       2.013          0.00413845     
0.420358       2.04718        0.0041736      
0.426237       2.08845        0.00421486     
0.432116       2.12228        0.00424858     
0.437995       2.15234        0.00427964     
0.443874       2.19701        0.00432314     
0.449753       2.23728        0.00436128     
0.455633       2.2667         0.00439122     
0.461512       2.29793        0.00442062     
0.467391       2.33162        0.00445347     
0.47327        2.36367        0.00448406     
0.479149       2.39569        0.00451358     
0.485028       2.42492        0.00454167     
0.490907       2.46408        0.00457773     
0.496786       2.49083        0.00460233     
0.502666       2.51934        0.00462832     
0.508545       2.55369        0.00465987     
0.514424       2.57875        0.0046835      
0.520303       2.60618        0.00470718     
0.526182       2.63087        0.00473039     
0.532061       2.65504        0.0047524      
0.53794        2.68651        0.00478031     
0.54382        2.70805        0.00480003     
0.549699       2.73841        0.0048261      
0.555578       2.7566         0.00484142     
0.561457       2.78292        0.00486506     
0.567336       2.80254        0.00488076     
0.573215       2.82979        0.00490636     
0.579094       2.84392        0.00491744     
0.584973       2.87397        0.00494462     
0.590853       2.885          0.00495437     
0.596732       2.89793        0.00496505     
0.602611       2.91805        0.00498189     
0.60849        2.94049        0.0050008      
0.614369       2.95642        0.00501406     
0.620248       2.9699         0.00502542     
0.626127       2.98103        0.00503446     
0.632006       3.00704        0.00505586     
0.637886       3.02174        0.00506956     
0.643765       3.03228        0.00507634     
0.649644       3.04842        0.00509047     
0.655523       3.06792        0.00510701     
0.661402       3.06865        0.00510919     
0.667281       3.08126        0.00511918     
0.67316        3.08614        0.00512123     
0.67904        3.10779        0.00514147     
0.684919       3.10755        0.00514216     
0.690798       3.12083        0.00515303     
0.696677       3.12506        0.00515495     
0.702556       3.13674        0.00516548     
0.708435       3.14043        0.00516718     
0.714314       3.13718        0.00516485     
0.720193       3.15353        0.00517751     
0.726073       3.16328        0.00518702     
0.731952       3.15018        0.00517711     
0.737831       3.16331        0.00518797     
0.74371        3.15594        0.00518089     
0.749589       3.17179        0.00519224     
0.755468       3.17281        0.00519357     
0.761347       3.16364        0.00518715     
0.767226       3.16345        0.00518494     
0.773106       3.15988        0.00518411     
0.778985       3.16668        0.00519063     
0.784864       3.15692        0.00518199     
0.790743       3.17126        0.0051939      
0.796622       3.15749        0.00518221     
0.802501       3.15233        0.00517727     
0.80838        3.15181        0.0051766      
0.81426        3.14286        0.00517029     
0.820139       3.13507        0.00516347     
0.826018       3.13186        0.00515963     
0.831897       3.13196        0.00516143     
0.837776       3.12135        0.00515486     
0.843655       3.10853        0.00514441     
0.849534       3.11652        0.00514916     
0.855413       3.10592        0.0051387      
0.861293       3.09698        0.00513261     
0.867172       3.08392        0.00512028     
0.873051       3.06911        0.00510879     
0.87893        3.0564         0.00509948     
0.884809       3.0623         0.00510252     
0.890688       3.04716        0.00509162     
0.896567       3.02838        0.00507422     
0.902446       3.02939        0.00507577     
0.908326       3.01528        0.00506278     
0.914205       2.99817        0.00504934     
0.920084       2.98319        0.00503794     
0.925963       2.9687         0.00502437     
0.931842       2.95714        0.00501523     
0.937721       2.95115        0.00500998     
0.9436         2.93643        0.00499672     
0.949479       2.92248        0.00498451     
0.955359       2.91324        0.00497835     
0.961238       2.89754        0.00496326     
0.967117       2.8775         0.00494659     
0.972996       2.87207        0.00494161     
0.978875       2.8479         0.00492034     
0.984754       2.84056        0.00491642     
0.990633       2.82598        0.00490095     
0.996513       2.80375        0.00488301     
1.00239        2.7885         0.00486869     
1.00827        2.76232        0.0048473      
1.01415        2.75497        0.00484098     
1.02003        2.74178        0.00482919     
1.02591        2.71383        0.00480565     
1.03179        2.71644        0.00480604     
1.03767        2.68425        0.00477833     
1.04355        2.66411        0.00476027     
1.04942        2.65221        0.00474995     
1.0553         2.63317        0.00473113     
1.06118        2.61709        0.00471862     
1.06706        2.59445        0.00469749     
1.07294        2.57751        0.00468186     
1.07882        2.5609         0.00466685     
1.0847         2.54285        0.00465081     
1.09058        2.52395        0.00463309     
1.09646        2.50532        0.00461567     
1.10234        2.48135        0.00459459     
1.10822        2.47203        0.00458534     
1.1141         2.44829        0.00456359     
1.11997        2.42987        0.00454705     
1.12585        2.41251        0.00452839     
1.13173        2.39019        0.00450901     
1.13761        2.37264        0.00449265     
1.14349        2.35736        0.00447733     
1.14937        2.32857        0.00445016     
1.15525        2.30464        0.00442716     
1.16113        2.29017        0.00441306     
1.16701        2.27546        0.00439993     
1.17289        2.25934        0.00438381     
1.17877        2.23672        0.00436136     
1.18464        2.20795        0.00433426     
1.19052        2.1967         0.00432189     
1.1964         2.18354        0.00430919     
1.20228        2.16338        0.00428929     
1.20816        2.14074        0.00426648     
1.21404        2.11898        0.00424548     
1.21992        2.10122        0.00422883     
1.2258         2.07554        0.00420045     
1.23168        2.05625        0.00418227     
1.23756        2.04624        0.00417097     
1.24344        2.02136        0.00414709     
1.24932        2.00922        0.00413391     
1.25519        1.97983        0.00410343     
1.26107        1.96919        0.00409208     
1.26695        1.94856        0.00407111     
1.27283        1.92539        0.00404444     
1.27871        1.90919        0.00402984     
1.28459        1.88468        0.00400363     
1.29047        1.87027        0.00398812     
1.29635        1.83951        0.00395565     
1.30223        1.83115        0.00394529     
1.30811        1.81403        0.00392905     
1.31399        1.79734        0.0039088      
1.31986        1.77856        0.00388922     
1.32574        1.75656        0.00386321     
1.33162        1.74041        0.00384672     
1.3375         1.71896        0.00382363     
1.34338        1.69994        0.00380235     
1.34926        1.68143        0.00378241     
1.35514        1.65888        0.00375648     
1.36102        1.65106        0.00374668     
1.3669         1.63029        0.00372392     
1.37278        1.61388        0.00370418     
1.37866        1.59775        0.00368727     
1.38454        1.57211        0.00365649     
1.39041        1.56458        0.0036481      
1.39629        1.54142        0.0036209      
1.40217        1.52354        0.00359947     
1.40805        1.50382        0.00357552     
1.41393        1.49261        0.00356317     
1.41981        1.47042        0.00353603     
1.42569        1.45453        0.00351765     
1.43157        1.44309        0.00350361     
1.43745        1.42453        0.00348074     
1.44333        1.40158        0.00345255     
1.44921        1.3866         0.00343471     
1.45508        1.36892        0.00341266     
1.46096        1.35935        0.00339957     
1.46684        1.34272        0.00337958     
1.47272        1.32577        0.00335753     
1.4786         1.3092         0.00333708     
1.48448        1.29731        0.00332185     
1.49036        1.27842        0.00329683     
1.49624        1.25866        0.00327192     
1.50212        1.24579        0.00325468     
1.508          1.23056        0.00323483     
1.51388        1.2205         0.00322152     
1.51976        1.20024        0.00319489     
1.52563        1.1889         0.00317987     
1.53151        1.17437        0.00316023     
1.53739        1.15789        0.00313732     
1.54327        1.1464         0.00312257     
1.54915        1.13017        0.00310101     
1.55503        1.10906        0.00307156     
1.56091        1.09979        0.0030586      
1.56679        1.08325        0.0030352      
1.57267        1.07208        0.00301947     
1.57855        1.06138        0.00300444     
1.58443        1.04816        0.00298517     
1.5903         1.03606        0.00296852     
1.59618        1.02303        0.00295039     
1.60206        1.00286        0.00291996     
1.60794        0.997418       0.00291254     
1.61382        0.978801       0.00288527     
1.6197         0.971147       0.00287387     
1.62558        0.96101        0.00285857     
1.63146        0.94645        0.00283631     
1.63734        0.932272       0.00281621     
1.64322        0.917882       0.00279459     
1.6491         0.902591       0.00277069     
1.65498        0.898339       0.00276462     
1.66085        0.88087        0.00273772     
1.66673        0.866548       0.00271478     
1.67261        0.859728       0.00270376     
1.67849        0.853043       0.00269339     
1.68437        0.835022       0.00266393     
1.69025        0.825581       0.00264978     
1.69613        0.811957       0.00262801     
1.70201        0.805468       0.00261814     
1.70789        0.793978       0.00259879     
1.71377        0.783747       0.00258192     
1.71965        0.767129       0.00255443     
1.72552        0.757629       0.00253843     
1.7314         0.751472       0.00252735     
1.73728        0.742542       0.00251314     
1.74316        0.725439       0.00248344     
1.74904        0.719137       0.00247342     
1.75492        0.704424       0.00244755     
1.7608         0.698258       0.00243602     
1.76668        0.690383       0.00242351     
1.77256        0.680824       0.00240654     
1.77844        0.67106        0.00238915     
1.78432        0.663083       0.00237423     
1.7902         0.649935       0.00235124     
1.79607        0.641107       0.00233432     
1.80195        0.635034       0.00232459     
1.80783        0.625849       0.00230757     
1.81371        0.615431       0.00228742     
1.81959        0.604979       0.00226824     
1.82547        0.597299       0.00225313     
1.83135        0.591712       0.0022438      
1.83723        0.579593       0.00222032     
1.84311        0.569361       0.00220034     
1.84899        0.562949       0.00218826     
1.85487        0.5572         0.00217737     
1.86074        0.547309       0.00215779     
1.86662        0.539459       0.00214223     
1.8725         0.529585       0.00212273     
1.87838        0.524695       0.0021128      
1.88426        0.513435       0.00208925     
1.89014        0.509999       0.00208267     
1.89602        0.497676       0.00205698     
1.9019         0.49498        0.00205157     
1.90778        0.488474       0.00203834     
1.91366        0.478804       0.00201782     
1.91954        0.473352       0.00200597     
1.92542        0.468224       0.0019956      
1.93129        0.459133       0.0019766      
1.93717        0.447872       0.00195206     
1.94305        0.445142       0.00194524     
1.94893        0.436076       0.00192592     
1.95481        0.427946       0.00190752     
1.96069        0.422316       0.0018948      
1.96657        0.41706        0.00188364     
1.97245        0.412808       0.00187375     
1.97833        0.407858       0.00186246     
1.98421        0.398086       0.0018402      
1.99009        0.395841       0.00183519     
1.99596        0.386911       0.00181364     
2.00184        0.378126       0.00179382     
2.00772        0.376246       0.0017891      
2.0136         0.369162       0.0017716      
2.01948        0.367291       0.00176753     
2.02536        0.35939        0.00174817     
2.03124        0.356779       0.00174167     
2.03712        0.346488       0.00171647     
2.043          0.343894       0.00171018     
2.04888        0.338673       0.00169733     
2.05476        0.335534       0.00168965     
2.06064        0.328867       0.00167246     
2.06651        0.326315       0.00166564     
2.07239        0.317402       0.00164321     
2.07827        0.310998       0.00162617     
2.08415        0.308362       0.0016196      
2.09003        0.306738       0.00161454     
2.09591        0.301499       0.00160146     
2.10179        0.292186       0.00157648     
2.10767        0.290485       0.00157191     
2.11355        0.285306       0.00155751     
2.11943        0.278034       0.00153783     
2.12531        0.274743       0.00152821     
2.13118        0.272294       0.00152188     
2.13706        0.269198       0.00151299     
2.14294        0.264359       0.00149947     
2.14882        0.257997       0.00148132     
2.1547         0.253643       0.00146851     
2.16058        0.250165       0.00145864     
2.16646        0.246712       0.00144861     
2.17234        0.244169       0.0014407      
2.17822        0.240886       0.00143121     
2.1841         0.234661       0.00141305     
2.18998        0.233198       0.0014085      
2.19586        0.227406       0.00139095     
2.20173        0.222814       0.00137672     
2.20761        0.218774       0.0013647      
2.21349        0.217201       0.001359       
2.21937        0.214232       0.00135035     
2.22525        0.211843       0.00134244     
2.23113        0.206765       0.00132581     
2.23701        0.203763       0.00131661     
2.24289        0.201773       0.00131035     
2.24877        0.19764        0.00129667     
2.25465        0.193617       0.00128333     
2.26053        0.19093        0.00127408     
2.2664         0.187451       0.00126255     
2.27228        0.184356       0.00125263     
2.27816        0.182136       0.0012445      
2.28404        0.179789       0.00123677     
2.28992        0.17631        0.00122424     
2.2958         0.174499       0.00121795     
2.30168        0.169872       0.00120178     
2.30756        0.168988       0.00119889     
2.31344        0.162618       0.001176       
2.31932        0.162482       0.00117508     
2.3252         0.158927       0.00116248     
2.33108        0.156435       0.00115372     
2.33695        0.153254       0.00114184     
2.34283        0.152412       0.00113864     
2.34871        0.148636       0.00112447     
2.35459        0.14634        0.0011159      
2.36047        0.143499       0.00110471     
2.36635        0.142581       0.00110105     
2.37223        0.14042        0.00109275     
2.37811        0.137784       0.0010824      
2.38399        0.135598       0.00107406     
2.38987        0.133243       0.0010647      
2.39575        0.128786       0.00104678     
2.40162        0.12842        0.00104495     
2.4075         0.125835       0.00103453     
2.41338        0.123904       0.00102644     
2.41926        0.122544       0.00102094     
2.42514        0.119473       0.00100787     
2.43102        0.118368       0.00100342     
2.4369         0.116573       0.000995576    
2.44278        0.113639       0.000983128    
2.44866        0.112202       0.00097653     
2.45454        0.110101       0.00096765     
2.46042        0.110356       0.00096862     
2.4663         0.106997       0.000954081    
2.47217        0.106283       0.000950667    
2.47805        0.103816       0.000939969    
2.48393        0.101996       0.000931243    
2.48981        0.0996661      0.000920396    
2.49569        0.0965874      0.000906716    
2.50157        0.0962557      0.000904761    
2.50745        0.0953883      0.00090068     
2.51333        0.093917       0.000893795    
2.51921        0.0907872      0.000878713    
2.52509        0.0905916      0.000877602    
2.53097        0.0879807      0.000864872    
2.53684        0.0862713      0.000856435    
2.54272        0.0855569      0.000853223    
2.5486         0.0843152      0.000846933    
2.55448        0.0836178      0.000843256    
2.56036        0.0819169      0.00083473     
2.56624        0.0804626      0.00082712     
2.57212        0.0771458      0.000809994    
2.578          0.078413       0.000816879    
2.58388        0.0749941      0.000798628    
2.58976        0.0749005      0.000798221    
2.59564        0.0733527      0.000789665    
2.60152        0.0732506      0.000789391    
2.60739        0.0691174      0.000766821    
2.61327        0.0699338      0.000771144    
2.61915        0.0682244      0.000761667    
2.62503        0.0678332      0.000759767    
2.63091        0.0678587      0.000759625    
2.63679        0.0663278      0.000750917    
2.64267        0.0650181      0.000743469    
2.64855        0.0614632      0.000722966    
2.65443        0.0605021      0.000717295    
2.66031        0.0589628      0.000708423    
2.66619        0.0607743      0.000718905    
2.67206        0.0590649      0.000708627    
2.67794        0.0575851      0.0006998      
2.68382        0.0563519      0.000692167    
2.6897         0.0549316      0.000683497    
2.69558        0.053928       0.000677229    
2.70146        0.0540981      0.000678295    
2.70734        0.051972       0.000664841    
2.71322        0.0516403      0.000662608    
2.7191         0.0508409      0.000657461    
2.72498        0.0504071      0.000654651    
2.73086        0.0494631      0.000648494    
2.73674        0.0468011      0.000630808    
2.74261        0.0472519      0.000634179    
2.74849        0.0462143      0.000626957    
2.75437        0.0466396      0.000629718    
2.76025        0.0451002      0.000619475    
2.76613        0.0449641      0.000618307    
2.77201        0.0431356      0.000605847    
2.77789        0.0427614      0.000603096    
2.78377        0.0422767      0.000599549    
2.78965        0.0415878      0.000594767    
2.79553        0.0412306      0.000592087    
2.80141        0.0401165      0.000584159    
2.80728        0.0387387      0.00057392     
2.81316        0.0383815      0.000571269    
2.81904        0.0377097      0.000566503    
2.82492        0.0371143      0.00056189     
2.8308         0.0359152      0.000552614    
2.83668        0.035575       0.000549991    
2.84256        0.0349967      0.000545503    
2.84844        0.0344184      0.000540978    
2.85432        0.0345374      0.000542046    
2.8602         0.0322667      0.000523799    
2.86608        0.0327174      0.000527581    
2.87196        0.0325728      0.000526277    
2.87783        0.0307869      0.000511931    
2.88371        0.0312206      0.00051524     
2.88959        0.0296983      0.000502523    
2.89547        0.0309485      0.000512989    
2.90135        0.0297238      0.000502739    
2.90723        0.0284651      0.000491981    
2.91311        0.0279888      0.000487849    
2.91899        0.0282185      0.000490141    
2.92487        0.0269598      0.000478798    
2.93075        0.0276401      0.000484801    
2.93663        0.0267812      0.00047721     
