pT (GeV)       dN/dpt         error          
0.00393827     0.0442707      0.000530105    
0.0118148      0.129543       0.000906719    
0.0196914      0.217957       0.00117635     
0.0275679      0.304556       0.00139068     
0.0354444      0.391739       0.00157704     
0.043321       0.480274       0.00174577     
0.0511975      0.5662         0.00189606     
0.0590741      0.6496         0.00203082     
0.0669506      0.737182       0.00216393     
0.0748272      0.824124       0.0022876      
0.0827037      0.906584       0.00239904     
0.0905803      0.988486       0.00250466     
0.0984568      1.073          0.00261083     
0.106333       1.15506        0.00270741     
0.11421        1.23213        0.00279614     
0.122086       1.31904        0.00289347     
0.129963       1.39825        0.00297872     
0.13784        1.47779        0.00306315     
0.145716       1.55189        0.00313937     
0.153593       1.62559        0.00321179     
0.161469       1.70004        0.00328467     
0.169346       1.78135        0.00336332     
0.177222       1.84326        0.00341993     
0.185099       1.91876        0.00349007     
0.192975       1.97906        0.00354431     
0.200852       2.05075        0.00360765     
0.208728       2.12573        0.0036735      
0.216605       2.18437        0.0037232      
0.224482       2.25765        0.00378599     
0.232358       2.32527        0.00384213     
0.240235       2.37863        0.00388547     
0.248111       2.44621        0.00394022     
0.255988       2.49131        0.00397771     
0.263864       2.54783        0.00402245     
0.271741       2.60294        0.00406446     
0.279617       2.66268        0.0041119      
0.287494       2.70525        0.00414325     
0.29537        2.7637         0.00418932     
0.303247       2.80805        0.00422168     
0.311123       2.84936        0.00425329     
0.319          2.89908        0.00429022     
0.326877       2.93664        0.00431827     
0.334753       2.99057        0.00435715     
0.34263        3.02909        0.00438443     
0.350506       3.05799        0.00440648     
0.358383       3.105          0.00444011     
0.366259       3.12668        0.00445579     
0.374136       3.1647         0.00448169     
0.382012       3.18798        0.00449801     
0.389889       3.22681        0.00452564     
0.397765       3.25118        0.0045427      
0.405642       3.26777        0.00455511     
0.413519       3.30017        0.00457713     
0.421395       3.3207         0.00459088     
0.429272       3.35165        0.00461254     
0.437148       3.37128        0.0046243      
0.445025       3.37364        0.00462748     
0.452901       3.38492        0.00463677     
0.460778       3.41866        0.00465764     
0.468654       3.42424        0.004663       
0.476531       3.43651        0.00466972     
0.484407       3.44315        0.00467444     
0.492284       3.4557         0.00468591     
0.500161       3.46591        0.00469182     
0.508037       3.47023        0.00469224     
0.515914       3.46678        0.00469179     
0.52379        3.47616        0.00469769     
0.531667       3.47686        0.00469792     
0.539543       3.47931        0.00469863     
0.54742        3.4801         0.00470078     
0.555296       3.47093        0.00469267     
0.563173       3.46898        0.00469104     
0.571049       3.46572        0.00468973     
0.578926       3.46588        0.00469005     
0.586803       3.44759        0.00467782     
0.594679       3.43884        0.00467223     
0.602556       3.43803        0.00467171     
0.610432       3.41609        0.00465729     
0.618309       3.40782        0.00465115     
0.626185       3.39339        0.00464194     
0.634062       3.38704        0.00463537     
0.641938       3.37279        0.00462736     
0.649815       3.36107        0.00461695     
0.657691       3.33396        0.00460085     
0.665568       3.32047        0.00459184     
0.673445       3.30954        0.00458351     
0.681321       3.27852        0.00456224     
0.689198       3.25914        0.00454718     
0.697074       3.23981        0.00453473     
0.704951       3.23279        0.00453076     
0.712827       3.21039        0.00451358     
0.720704       3.17141        0.00448749     
0.72858        3.16261        0.00448114     
0.736457       3.13088        0.00445797     
0.744333       3.11164        0.00444531     
0.75221        3.08496        0.00442516     
0.760086       3.05734        0.00440593     
0.767963       3.04218        0.00439331     
0.77584        3.00113        0.004364       
0.783716       2.97083        0.00434229     
0.791593       2.96345        0.00433742     
0.799469       2.93429        0.00431505     
0.807346       2.90753        0.0042965      
0.815222       2.87163        0.00427014     
0.823099       2.84536        0.00424902     
0.830975       2.81457        0.00422758     
0.838852       2.7901         0.004208       
0.846728       2.76094        0.00418707     
0.854605       2.72474        0.00415924     
0.862482       2.70802        0.00414687     
0.870358       2.67911        0.00412437     
0.878235       2.65085        0.00410268     
0.886111       2.61698        0.00407669     
0.893988       2.57655        0.00404401     
0.901864       2.55667        0.0040286      
0.909741       2.52144        0.00400077     
0.917617       2.49156        0.00397679     
0.925494       2.45989        0.00395291     
0.93337        2.4355         0.00393251     
0.941247       2.41092        0.00391201     
0.949124       2.37571        0.00388365     
0.957          2.34503        0.00385747     
0.964877       2.32395        0.00384032     
0.972753       2.2896         0.00381284     
0.98063        2.2485         0.003778       
0.988506       2.22342        0.0037569      
0.996383       2.19361        0.0037309      
1.00426        2.16309        0.00370634     
1.01214        2.13389        0.00368078     
1.02001        2.10123        0.0036524      
1.02789        2.06885        0.00362356     
1.03577        2.04867        0.00360651     
1.04364        2.01378        0.00357497     
1.05152        1.99143        0.00355557     
1.0594         1.96254        0.00353024     
1.06727        1.93007        0.00350016     
1.07515        1.90308        0.0034756      
1.08302        1.87271        0.00344726     
1.0909         1.84011        0.00341836     
1.09878        1.8174         0.00339632     
1.10665        1.79156        0.00337158     
1.11453        1.75554        0.00333917     
1.12241        1.74534        0.00332925     
1.13028        1.71111        0.00329652     
1.13816        1.68656        0.00327171     
1.14604        1.66077        0.00324743     
1.15391        1.63163        0.00321811     
1.16179        1.60624        0.00319273     
1.16967        1.57403        0.00316181     
1.17754        1.54556        0.00313291     
1.18542        1.52407        0.00311057     
1.1933         1.50084        0.00308591     
1.20117        1.47346        0.00305808     
1.20905        1.45245        0.00303618     
1.21693        1.42806        0.00301095     
1.2248         1.40341        0.00298479     
1.23268        1.37876        0.00295852     
1.24056        1.36071        0.00293875     
1.24843        1.33426        0.00290921     
1.25631        1.30743        0.00288132     
1.26419        1.28504        0.00285584     
1.27206        1.26902        0.0028383      
1.27994        1.24259        0.00280866     
1.28781        1.22255        0.00278596     
1.29569        1.19873        0.00275822     
1.30357        1.17583        0.00273173     
1.31144        1.15521        0.00270836     
1.31932        1.13706        0.00268671     
1.3272         1.11619        0.00266251     
1.33507        1.09805        0.00264032     
1.34295        1.07385        0.00261133     
1.35083        1.05943        0.00259353     
1.3587         1.03499        0.00256277     
1.36658        1.02088        0.00254577     
1.37446        1.00171        0.00252155     
1.38233        0.978837       0.00249271     
1.39021        0.960904       0.00246937     
1.39809        0.943631       0.00244734     
1.40596        0.92578        0.00242437     
1.41384        0.906876       0.00239942     
1.42172        0.893888       0.00238156     
1.42959        0.874197       0.00235547     
1.43747        0.863862       0.00234119     
1.44535        0.839175       0.00230816     
1.45322        0.824054       0.00228639     
1.4611         0.811593       0.00226978     
1.46898        0.795711       0.00224744     
1.47685        0.777054       0.00222067     
1.48473        0.766053       0.00220464     
1.49261        0.750539       0.00218241     
1.50048        0.732904       0.00215663     
1.50836        0.718494       0.00213568     
1.51623        0.703411       0.00211294     
1.52411        0.693712       0.00209854     
1.53199        0.676642       0.00207241     
1.53986        0.664448       0.00205412     
1.54774        0.648362       0.0020287      
1.55562        0.637881       0.00201202     
1.56349        0.625852       0.00199329     
1.57137        0.613556       0.00197395     
1.57925        0.603583       0.00195728     
1.58712        0.588615       0.00193284     
1.595          0.578001       0.00191558     
1.60288        0.565902       0.00189573     
1.61075        0.553942       0.00187526     
1.61863        0.540351       0.00185204     
1.62651        0.529801       0.00183413     
1.63438        0.519454       0.00181617     
1.64226        0.509202       0.0017978      
1.65014        0.49789        0.00177803     
1.65801        0.486971       0.00175845     
1.66589        0.477944       0.00174186     
1.67377        0.466677       0.00172134     
1.68164        0.457364       0.00170418     
1.68952        0.44623        0.00168289     
1.6974         0.442339       0.00167578     
1.70527        0.426189       0.00164488     
1.71315        0.422158       0.0016373      
1.72102        0.41555        0.0016245      
1.7289         0.402962       0.0015996      
1.73678        0.394799       0.0015831      
1.74465        0.384883       0.00156321     
1.75253        0.378135       0.00154943     
1.76041        0.369331       0.00153103     
1.76828        0.365351       0.00152333     
1.77616        0.354692       0.00150047     
1.78404        0.346605       0.00148341     
1.79191        0.338778       0.00146622     
1.79979        0.335261       0.00145893     
1.80767        0.323441       0.00143284     
1.81554        0.317277       0.00141914     
1.82342        0.312713       0.001409       
1.8313         0.305185       0.00139176     
1.83917        0.297262       0.00137337     
1.84705        0.291016       0.00135957     
1.85493        0.286528       0.00134857     
1.8628         0.27813        0.00132886     
1.87068        0.271915       0.00131348     
1.87856        0.26304        0.00129232     
1.88643        0.260393       0.0012859      
1.89431        0.253334       0.00126836     
1.90219        0.248447       0.00125647     
1.91006        0.243762       0.00124388     
1.91794        0.236201       0.00122471     
1.92582        0.231167       0.00121131     
1.93369        0.227282       0.00120106     
1.94157        0.222521       0.00118876     
1.94944        0.216834       0.00117325     
1.95732        0.212282       0.00116081     
1.9652         0.207845       0.00114844     
1.97307        0.201776       0.00113142     
1.98095        0.198183       0.00112155     
1.98883        0.195524       0.0011142      
1.9967         0.191004       0.00110129     
2.00458        0.18623        0.00108726     
2.01246        0.180396       0.00107026     
2.02033        0.178625       0.00106482     
2.02821        0.174607       0.00105285     
2.03609        0.171109       0.00104232     
2.04396        0.166697       0.00102863     
2.05184        0.161416       0.00101209     
2.05972        0.159327       0.0010059      
2.06759        0.153227       0.000986426    
2.07547        0.149983       0.000975463    
2.08335        0.147762       0.000968723    
2.09122        0.146574       0.000964459    
2.0991         0.140449       0.000944088    
2.10698        0.137376       0.000933724    
2.11485        0.134875       0.000925071    
2.12273        0.131593       0.000913941    
2.13061        0.127905       0.000900755    
2.13848        0.125106       0.000891354    
2.14636        0.123715       0.00088599     
2.15423        0.118339       0.000866645    
2.16211        0.115457       0.000856233    
2.16999        0.113406       0.000848185    
2.17786        0.111134       0.000839893    
2.18574        0.109623       0.000834319    
2.19362        0.10702        0.000824326    
2.20149        0.102316       0.000805791    
2.20937        0.101072       0.000800884    
2.21725        0.0983172      0.000790213    
2.22512        0.0967112      0.000783951    
2.233          0.0938864      0.000771821    
2.24088        0.0914868      0.000761957    
2.24875        0.0891889      0.000752284    
2.25663        0.0866116      0.0007414      
2.26451        0.085907       0.000738381    
2.27238        0.0844787      0.000732224    
2.28026        0.0817617      0.000720255    
2.28814        0.0789496      0.000707884    
2.29601        0.0780609      0.00070395     
2.30389        0.0775404      0.000701544    
2.31177        0.0755344      0.000692479    
2.31964        0.0720494      0.000676395    
2.32752        0.0721128      0.000676514    
2.3354         0.0697197      0.000665204    
2.34327        0.0663743      0.000649001    
2.35115        0.0672122      0.000653205    
2.35902        0.0647048      0.000640792    
2.3669         0.0622227      0.000628647    
2.37478        0.0601596      0.000617892    
2.38265        0.0597153      0.000615673    
2.39053        0.0591947      0.000612986    
2.39841        0.0572523      0.00060272     
2.40628        0.0555447      0.000593871    
2.41416        0.0550368      0.000591017    
2.42204        0.052377       0.000576498    
2.42991        0.0505488      0.000566423    
2.43779        0.0513042      0.000570566    
2.44567        0.0489237      0.000557394    
2.45354        0.0481874      0.00055297     
2.46142        0.0466702      0.000544198    
2.4693         0.0452737      0.000536148    
2.47717        0.0442326      0.000529877    
2.48505        0.0436867      0.000526599    
2.49293        0.042506       0.000519516    
2.5008         0.042525       0.000519477    
2.50868        0.0405317      0.000507399    
2.51656        0.038913       0.000497014    
2.52443        0.0392621      0.000499157    
2.53231        0.0374212      0.000487483    
2.54019        0.0364373      0.000480954    
2.54806        0.0359993      0.000478056    
2.55594        0.034717       0.00046947     
2.56382        0.034444       0.000467709    
2.57169        0.0319366      0.000450201    
2.57957        0.032419       0.000453677    
2.58744        0.0315367      0.000447374    
2.59532        0.0307178      0.000441529    
2.6032         0.0304258      0.000439426    
2.61107        0.029207       0.000430631    
2.61895        0.0291943      0.000430443    
2.62683        0.02835        0.000424175    
2.6347         0.0277723      0.000419832    
2.64258        0.0266297      0.000411107    
2.65046        0.0257156      0.000403991    
2.65833        0.0253792      0.00040134     
2.66621        0.0244397      0.000393945    
2.67409        0.0242873      0.000392716    
2.68196        0.0242429      0.000392254    
2.68984        0.0228781      0.000381266    
2.69772        0.0223448      0.000376589    
2.70559        0.0215831      0.000370224    
2.71347        0.0212403      0.000367165    
2.72135        0.0203262      0.000359178    
2.72922        0.0202246      0.00035828     
2.7371         0.0200786      0.000356985    
2.74498        0.0193105      0.000350091    
2.75285        0.0196406      0.00035307     
2.76073        0.0178822      0.000336897    
2.76861        0.01806        0.000338567    
2.77648        0.0173807      0.00033214     
2.78436        0.0173744      0.000332079    
2.79223        0.0163397      0.000322041    
2.80011        0.0162889      0.00032154     
2.80799        0.016073       0.000319403    
2.81586        0.0156223      0.000315021    
2.82374        0.0148352      0.000306859    
2.83162        0.0147908      0.000306399    
2.83949        0.0140226      0.000298338    
2.84737        0.0135212      0.000292955    
2.85525        0.0131149      0.000288521    
2.86312        0.0132482      0.000289983    
2.871          0.0133371      0.000290954    
2.87888        0.0124737      0.000281381    
2.88675        0.0123722      0.000280233    
2.89463        0.0113946      0.000268935    
2.90251        0.011274       0.000267508    
2.91038        0.0114454      0.000269533    
2.91826        0.0110962      0.000265391    
2.92614        0.01069        0.000260488    
2.93401        0.010709       0.00026072     
2.94189        0.0106963      0.000260565    
2.94977        0.0100552      0.000252636    
2.95764        0.00974412     0.00024886     
2.96552        0.0096616      0.000247642    
2.9734         0.00947116     0.00024519     
2.98127        0.00921089     0.000241798    
2.98915        0.00867766     0.000234695    
2.99702        0.00823965     0.000228695    
3.0049         0.00823331     0.000228607    
3.01278        0.00839201     0.0002308      
3.02065        0.00813809     0.000227459    
3.02853        0.00764929     0.000220351    
3.03641        0.00745886     0.000217591    
3.04428        0.00709702     0.000212248    
3.05216        0.00720494     0.000213855    
3.06004        0.00710337     0.000212343    
3.06791        0.00655744     0.00020402     
3.07579        0.00679232     0.000207642    
3.08367        0.00658284     0.000204415    
3.09154        0.00648127     0.000202832    
3.09942        0.00613213     0.000197293    
3.1073         0.00595439     0.000194413    
3.11517        0.00636066     0.000200936    
3.12305        0.00543386     0.000185721    
3.13093        0.0055989      0.000188521    
3.1388         0.00564969     0.000189374    
3.14668        0.00521802     0.000181996    
3.15456        0.00562429     0.000188948    
3.16243        0.00485619     0.000175573    
3.17031        0.0048308      0.000175113    
3.17819        0.00472923     0.000173262    
3.18606        0.00431661     0.000165532    
3.19394        0.00490063     0.000176374    
3.20182        0.00418965     0.000163079    
3.20969        0.00411348     0.00016159     
3.21757        0.00434835     0.000166139    
3.22544        0.00410078     0.000161341    
3.23332        0.00397382     0.000158823    
3.2412         0.00382782     0.000155879    
3.24907        0.00350407     0.000149141    
3.25695        0.00354851     0.000150084    
3.26483        0.00344694     0.00014792     
3.2727         0.00340886     0.000147101    
3.28058        0.0034279      0.000147511    
3.28846        0.00332633     0.00014531     
3.29633        0.0032565      0.000143776    
3.30421        0.00293276     0.000136443    
3.31209        0.00274232     0.000131938    
3.31996        0.00295815     0.000137032    
3.32784        0.00295815     0.000137032    
3.33572        0.00279945     0.000133306    
3.34359        0.00266614     0.000130093    
3.35147        0.0028185      0.000133758    
3.35935        0.00256458     0.000127591    
3.36722        0.00265345     0.000129783    
3.3751         0.00252649     0.00012664     
3.38298        0.00230431     0.000120944    
3.39085        0.00240588     0.00012358     
3.39873        0.00214561     0.000116705    
3.40661        0.00203135     0.000113555    
3.41448        0.00210752     0.000115664    
3.42236        0.00220909     0.000118419    
3.43023        0.00173299     0.000104885    
3.43811        0.00190439     0.000109949    
3.44599        0.00199326     0.000112485    
3.45386        0.00195517     0.000111405    
3.46174        0.00165047     0.000102357    
3.46962        0.0017203      0.0001045      
3.47749        0.00168856     0.000103531    
3.48537        0.00188534     0.000109398    
3.49325        0.00176473     0.000105841    
3.50112        0.00166951     0.000102946    
3.509          0.00155525     9.93607e-05    
3.51688        0.00164412     0.00010216     
3.52475        0.00154255     9.89543e-05    
3.53263        0.00138386     9.3726e-05     
3.54051        0.00137116     9.32951e-05    
3.54838        0.00149177     9.73118e-05    
3.55626        0.0012315      8.84164e-05    
3.56414        0.00142194     9.50071e-05    
3.57201        0.00123785     8.8644e-05     
3.57989        0.00119342     8.70385e-05    
3.58777        0.00126959     8.97733e-05    
3.59564        0.0012315      8.84164e-05    
3.60352        0.00102202     8.05463e-05    
3.6114         0.0010982      8.3494e-05     
3.61927        0.00100933     8.00444e-05    
3.62715        0.00107915     8.27669e-05    
3.63503        0.0010982      8.3494e-05     
3.6429         0.00104107     8.12932e-05    
3.65078        0.000920454    7.64393e-05    
3.65865        0.000876019    7.45714e-05    
3.66653        0.0010982      8.3494e-05     
3.67441        0.000869671    7.43007e-05    
3.68228        0.000939498    7.7226e-05     
3.69016        0.000850627    7.34827e-05    
3.69804        0.000901411    7.56444e-05    
3.70591        0.000749059    6.89563e-05    
3.71379        0.000825235    7.23777e-05    
3.72167        0.000768103    6.98274e-05    
3.72954        0.000723668    6.77775e-05    
3.73742        0.000825235    7.23777e-05    
3.7453         0.000647492    6.41111e-05    
3.75317        0.0006221      6.28415e-05    
3.76105        0.000520533    5.74831e-05    
3.76893        0.00071732     6.74796e-05    
3.7768         0.000514185    5.71315e-05    
3.78468        0.000768103    6.98274e-05    
3.79256        0.000679232    6.56637e-05    
3.80043        0.000571317    6.02219e-05    
3.80831        0.000571317    6.02219e-05    
3.81619        0.000533229    5.81799e-05    
3.82406        0.000545925    5.88685e-05    
3.83194        0.000603056    6.18721e-05    
3.83982        0.00059036     6.12174e-05    
3.84769        0.000501489    5.64218e-05    
3.85557        0.000545925    5.88685e-05    
3.86344        0.000476097    5.49749e-05    
3.87132        0.000495141    5.60636e-05    
3.8792         0.000495141    5.60636e-05    
3.88707        0.000463401    5.42369e-05    
3.89495        0.000412618    5.11788e-05    
3.90283        0.000501489    5.64218e-05    
3.9107         0.000368182    4.83446e-05    
3.91858        0.00027931     4.21076e-05    
3.92646        0.000412618    5.11788e-05    
3.93433        0.000393574    4.99838e-05    
