mt-m0 (GeV)    dN/mtdmt       error          
0.002          0              0              
0.006          0              0              
0.01           3.86399e-06    0              
0.014          0              0              
0.018          0              0              
0.022          0              0              
0.026          0              0              
0.03           0              0              
0.034          0              0              
0.038          0              0              
0.042          0              0              
0.046          0              0              
0.05           0              0              
0.054          3.81214e-06    0              
0.058          0              0              
0.062          0              0              
0.066          0              0              
0.07           0              0              
0.074          0              0              
0.078          0              0              
0.082          0              4.01606e-06    
0.086          0              0              
0.09           3.77074e-06    0              
0.094          0              0              
0.098          0              0              
0.102          3.75714e-06    0              
0.106          0              0              
0.11           0              0              
0.114          0              0              
0.118          0              0              
0.122          0              0              
0.126          0              0              
0.13           0              0              
0.134          0              0              
0.138          0              0              
0.142          0              0              
0.146          0              0              
0.15           0              0              
0.154          0              0              
0.158          0              0              
0.162          0              0              
0.166          0              0              
0.17           0              0              
0.174          0              0              
0.178          0              0              
0.182          0              0              
0.186          0              4.01606e-06    
0.19           7.32064e-06    0              
0.194          0              0              
0.198          0              0              
0.202          0              0              
0.206          0              0              
0.21           0              0              
0.214          0              0              
0.218          0              0              
0.222          0              0              
0.226          0              0              
0.23           0              0              
0.234          0              0              
0.238          0              0              
0.242          0              0              
0.246          0              0              
0.25           0              4.01606e-06    
0.254          0              0              
0.258          3.58886e-06    0              
0.262          0              4.01606e-06    
0.266          0              0              
0.27           0              0              
0.274          0              0              
0.278          0              0              
0.282          0              0              
0.286          0              0              
0.29           0              0              
0.294          0              0              
0.298          0              0              
0.302          0              0              
0.306          3.54007e-06    0              
0.31           0              0              
0.314          0              0              
0.318          0              0              
0.322          0              0              
0.326          0              0              
0.33           0              0              
0.334          3.51222e-06    0              
0.338          0              0              
0.342          0              0              
0.346          0              0              
0.35           3.4965e-06     0              
0.354          0              0              
0.358          0              5.67957e-06    
0.362          0              0              
0.366          0              0              
0.37           0              0              
0.374          0              0              
0.378          3.46933e-06    0              
0.382          0              0              
0.386          0              0              
0.39           0              0              
0.394          0              0              
0.398          0              0              
0.402          0              0              
0.406          3.44258e-06    0              
0.41           0              0              
0.414          0              0              
0.418          0              0              
0.422          0              4.01606e-06    
0.426          0              0              
0.43           0              0              
0.434          0              0              
0.438          0              0              
0.442          3.40878e-06    0              
0.446          0              0              
0.45           0              0              
0.454          0              0              
0.458          3.39397e-06    0              
0.462          0              4.01606e-06    
0.466          0              0              
0.47           0              0              
0.474          0              0              
0.478          0              0              
0.482          0              4.01606e-06    
0.486          0              0              
0.49           0              0              
0.494          0              4.01606e-06    
0.498          3.35751e-06    0              
0.502          0              0              
0.506          0              0              
0.51           0              0              
0.514          0              4.01606e-06    
0.518          0              0              
0.522          0              0              
0.526          0              0              
0.53           0              0              
0.534          0              4.01606e-06    
0.538          0              0              
0.542          0              0              
0.546          0              0              
0.55           0              0              
0.554          0              0              
0.558          0              4.01606e-06    
0.562          0              0              
0.566          0              0              
0.57           0              4.01606e-06    
0.574          0              0              
0.578          0              0              
0.582          0              0              
0.586          0              0              
0.59           0              0              
0.594          3.27311e-06    0              
0.598          0              4.01606e-06    
0.602          0              0              
0.606          0              0              
0.61           0              0              
0.614          0              0              
0.618          0              0              
0.622          0              0              
0.626          3.24591e-06    0              
0.63           0              0              
0.634          0              0              
0.638          0              0              
0.642          0              0              
0.646          0              0              
0.65           0              0              
0.654          3.22248e-06    0              
0.658          0              4.01606e-06    
0.662          0              0              
0.666          0              0              
0.67           0              0              
0.674          0              0              
0.678          0              4.01606e-06    
0.682          0              0              
0.686          0              0              
0.69           0              4.01606e-06    
0.694          0              0              
0.698          0              0              
0.702          0              0              
0.706          0              0              
0.71           0              0              
0.714          3.17339e-06    0              
0.718          0              0              
0.722          0              0              
0.726          0              4.01606e-06    
0.73           0              0              
0.734          0              0              
0.738          0              0              
0.742          0              4.01606e-06    
0.746          3.14782e-06    0              
0.75           0              0              
0.754          0              0              
0.758          0              0              
0.762          0              0              
0.766          0              4.01606e-06    
0.77           0              0              
0.774          0              0              
0.778          0              0              
0.782          0              4.01606e-06    
0.786          3.11643e-06    4.01606e-06    
0.79           0              0              
0.794          0              0              
0.798          0              0              
0.802          0              0              
0.806          0              0              
0.81           0              0              
0.814          0              0              
0.818          3.09176e-06    0              
0.822          3.08871e-06    0              
0.826          0              0              
0.83           0              0              
0.834          0              0              
0.838          0              4.01606e-06    
0.842          0              0              
0.846          0              0              
0.85           0              0              
0.854          0              0              
0.858          0              0              
0.862          0              0              
0.866          0              0              
0.87           0              0              
0.874          0              0              
0.878          0              0              
0.882          0              0              
0.886          0              0              
0.89           0              0              
0.894          0              0              
0.898          0              0              
0.902          0              4.01606e-06    
0.906          0              0              
0.91           0              0              
0.914          0              0              
0.918          0              0              
0.922          3.01423e-06    0              
0.926          0              0              
0.93           0              0              
0.934          0              0              
0.938          0              0              
0.942          0              0              
0.946          0              4.01606e-06    
0.95           0              5.67957e-06    
0.954          0              0              
0.958          0              0              
0.962          0              0              
0.966          0              0              
0.97           0              0              
0.974          0              0              
0.978          0              0              
0.982          0              0              
0.986          0              0              
0.99           0              0              
0.994          0              0              
0.998          0              0              
1.002          0              0              
1.006          0              0              
1.01           0              4.01606e-06    
1.014          0              0              
1.018          0              0              
1.022          0              0              
1.026          0              0              
1.03           0              0              
1.034          0              0              
1.038          0              0              
1.042          0              0              
1.046          0              0              
1.05           2.92398e-06    0              
1.054          0              0              
1.058          0              0              
1.062          0              0              
1.066          0              0              
1.07           0              0              
1.074          0              0              
1.078          0              0              
1.082          0              0              
1.086          0              0              
1.09           0              4.01606e-06    
1.094          0              0              
1.098          0              0              
1.102          0              0              
1.106          0              0              
1.11           0              0              
1.114          0              0              
1.118          0              0              
1.122          0              0              
1.126          0              0              
1.13           0              0              
1.134          0              0              
1.138          0              0              
1.142          0              0              
1.146          8.57927e-06    0              
1.15           0              0              
1.154          0              0              
1.158          0              0              
1.162          0              0              
1.166          0              0              
1.17           0              0              
1.174          0              0              
1.178          0              0              
1.182          0              0              
1.186          0              0              
1.19           0              0              
1.194          0              0              
1.198          0              0              
1.202          0              0              
1.206          0              0              
1.21           0              0              
1.214          0              0              
1.218          0              0              
1.222          0              0              
1.226          0              4.01606e-06    
1.23           0              0              
1.234          0              0              
1.238          0              0              
1.242          0              0              
1.246          0              0              
1.25           0              0              
1.254          0              0              
1.258          0              0              
1.262          0              0              
1.266          0              0              
1.27           0              0              
1.274          0              0              
1.278          2.77593e-06    0              
1.282          0              0              
1.286          0              0              
1.29           0              0              
1.294          0              0              
1.298          0              0              
1.302          0              0              
1.306          0              0              
1.31           0              0              
1.314          0              0              
1.318          0              0              
1.322          0              0              
1.326          0              0              
1.33           0              0              
1.334          0              0              
1.338          0              0              
1.342          0              0              
1.346          0              0              
1.35           0              0              
1.354          0              0              
1.358          0              0              
1.362          0              0              
1.366          0              0              
1.37           0              0              
1.374          0              0              
1.378          0              0              
1.382          0              0              
1.386          0              0              
1.39           0              0              
1.394          0              0              
1.398          0              0              
1.402          0              0              
1.406          0              0              
1.41           0              0              
1.414          0              0              
1.418          0              0              
1.422          0              0              
1.426          0              0              
1.43           0              0              
1.434          0              0              
1.438          0              0              
1.442          0              0              
1.446          0              0              
1.45           0              0              
1.454          0              0              
1.458          2.66923e-06    0              
1.462          0              0              
1.466          0              0              
1.47           0              0              
1.474          0              0              
1.478          0              0              
1.482          0              0              
1.486          0              0              
1.49           0              0              
1.494          0              0              
1.498          0              0              
1.502          0              0              
1.506          0              0              
1.51           0              0              
1.514          0              0              
1.518          0              0              
1.522          0              0              
1.526          0              0              
1.53           0              0              
1.534          0              0              
1.538          0              0              
1.542          0              0              
1.546          0              0              
1.55           0              0              
1.554          0              0              
1.558          0              0              
1.562          0              0              
1.566          0              0              
1.57           0              0              
1.574          0              0              
1.578          0              0              
1.582          0              0              
1.586          0              0              
1.59           0              0              
1.594          0              0              
1.598          0              0              
1.602          0              0              
1.606          0              0              
1.61           0              0              
1.614          0              0              
1.618          0              0              
1.622          0              0              
1.626          0              0              
1.63           0              0              
1.634          0              0              
1.638          0              0              
1.642          0              0              
1.646          0              0              
1.65           0              0              
1.654          0              0              
1.658          0              0              
1.662          0              0              
1.666          0              0              
1.67           0              0              
1.674          0              0              
1.678          0              0              
1.682          0              0              
1.686          0              0              
1.69           0              0              
1.694          0              0              
1.698          0              0              
1.702          0              0              
1.706          0              0              
1.71           0              0              
1.714          0              0              
1.718          0              0              
1.722          0              0              
1.726          0              0              
1.73           0              0              
1.734          0              0              
1.738          0              0              
1.742          0              0              
1.746          0              0              
1.75           0              0              
1.754          0              0              
1.758          0              0              
1.762          0              0              
1.766          0              0              
1.77           2.5025e-06     0              
1.774          0              0              
1.778          0              0              
1.782          0              0              
1.786          0              0              
1.79           0              0              
1.794          0              0              
1.798          0              0              
1.802          0              0              
1.806          0              0              
1.81           0              0              
1.814          0              0              
1.818          0              0              
1.822          0              0              
1.826          0              0              
1.83           0              0              
1.834          0              0              
1.838          0              0              
1.842          0              0              
1.846          0              0              
1.85           0              0              
1.854          0              0              
1.858          0              0              
1.862          0              0              
1.866          0              0              
1.87           0              0              
1.874          0              0              
1.878          0              0              
1.882          0              0              
1.886          0              0              
1.89           0              0              
1.894          0              0              
1.898          0              0              
1.902          0              0              
1.906          0              0              
1.91           0              0              
1.914          0              0              
1.918          0              0              
1.922          0              0              
1.926          0              0              
1.93           0              0              
1.934          0              0              
1.938          0              0              
1.942          0              0              
1.946          0              0              
1.95           0              0              
1.954          0              0              
1.958          0              0              
1.962          0              0              
1.966          0              0              
1.97           0              0              
1.974          0              0              
1.978          0              0              
1.982          0              0              
1.986          0              0              
1.99           0              0              
1.994          0              0              
1.998          0              0              
