p (GeV)        dN/dp          error          
0.005225       0              0              
0.015675       0              0              
0.026125       0              0              
0.036575       0              0              
0.047025       0              0              
0.057475       0              0              
0.067925       0              0              
0.078375       0              0              
0.088825       0              0              
0.099275       0              0              
0.109725       0              0              
0.120175       4.78469e-06    4.78469e-06    
0.130625       0              0              
0.141075       0              0              
0.151525       0              0              
0.161975       0              0              
0.172425       0              0              
0.182875       0              0              
0.193325       0              0              
0.203775       0              0              
0.214225       0              0              
0.224675       0              0              
0.235125       0              0              
0.245575       0              0              
0.256025       0              0              
0.266475       0              0              
0.276925       0              0              
0.287375       0              0              
0.297825       0              0              
0.308275       0              0              
0.318725       0              0              
0.329175       0              0              
0.339625       0              0              
0.350075       0              0              
0.360525       0              0              
0.370975       0              0              
0.381425       0              0              
0.391875       0              0              
0.402325       0              0              
0.412775       0              0              
0.423225       0              0              
0.433675       0              0              
0.444125       0              0              
0.454575       0              0              
0.465025       0              0              
0.475475       0              0              
0.485925       0              0              
0.496375       0              0              
0.506825       0              0              
0.517275       0              0              
0.527725       0              0              
0.538175       0              0              
0.548625       4.78469e-06    4.78469e-06    
0.559075       0              0              
0.569525       0              0              
0.579975       0              0              
0.590425       0              0              
0.600875       0              0              
0.611325       0              0              
0.621775       0              0              
0.632225       0              0              
0.642675       0              0              
0.653125       0              0              
0.663575       0              0              
0.674025       0              0              
0.684475       0              0              
0.694925       9.56938e-06    6.76657e-06    
0.705375       0              0              
0.715825       4.78469e-06    4.78469e-06    
0.726275       0              0              
0.736725       0              0              
0.747175       0              0              
0.757625       0              0              
0.768075       0              0              
0.778525       0              0              
0.788975       0              0              
0.799425       9.56938e-06    6.76657e-06    
0.809875       4.78469e-06    4.78469e-06    
0.820325       0              0              
0.830775       0              0              
0.841225       0              0              
0.851675       0              0              
0.862125       0              0              
0.872575       4.78469e-06    4.78469e-06    
0.883025       0              0              
0.893475       4.78469e-06    4.78469e-06    
0.903925       0              0              
0.914375       0              0              
0.924825       4.78469e-06    4.78469e-06    
0.935275       4.78469e-06    4.78469e-06    
0.945725       0              0              
0.956175       4.78469e-06    4.78469e-06    
0.966625       0              0              
0.977075       0              0              
0.987525       0              0              
0.997975       0              0              
1.00842        0              0              
1.01887        0              0              
1.02933        9.56938e-06    6.76657e-06    
1.03977        4.78469e-06    4.78469e-06    
1.05022        4.78469e-06    4.78469e-06    
1.06068        4.78469e-06    4.78469e-06    
1.07112        0              0              
1.08157        0              0              
1.09203        0              0              
1.10247        4.78469e-06    4.78469e-06    
1.11292        4.78469e-06    4.78469e-06    
1.12338        4.78469e-06    4.78469e-06    
1.13382        4.78469e-06    4.78469e-06    
1.14427        4.78469e-06    4.78469e-06    
1.15473        9.56938e-06    6.76657e-06    
1.16517        4.78469e-06    4.78469e-06    
1.17562        0              0              
1.18607        0              0              
1.19652        0              0              
1.20697        0              0              
1.21742        0              0              
1.22788        4.78469e-06    4.78469e-06    
1.23832        0              0              
1.24877        9.56938e-06    6.76657e-06    
1.25923        4.78469e-06    4.78469e-06    
1.26967        4.78469e-06    4.78469e-06    
1.28012        4.78469e-06    4.78469e-06    
1.29058        4.78469e-06    4.78469e-06    
1.30102        9.56938e-06    6.76657e-06    
1.31147        9.56938e-06    6.76657e-06    
1.32193        4.78469e-06    4.78469e-06    
1.33237        0              0              
1.34282        0              0              
1.35328        4.78469e-06    4.78469e-06    
1.36372        4.78469e-06    4.78469e-06    
1.37417        0              0              
1.38462        4.78469e-06    4.78469e-06    
1.39507        4.78469e-06    4.78469e-06    
1.40552        0              0              
1.41597        4.78469e-06    4.78469e-06    
1.42642        4.78469e-06    4.78469e-06    
1.43687        0              0              
1.44732        9.56938e-06    6.76657e-06    
1.45777        4.78469e-06    4.78469e-06    
1.46822        0              0              
1.47867        9.56938e-06    6.76657e-06    
1.48913        0              0              
1.49957        9.56938e-06    6.76657e-06    
1.51002        0              0              
1.52048        4.78469e-06    4.78469e-06    
1.53092        0              0              
1.54137        9.56938e-06    6.76657e-06    
1.55183        4.78469e-06    4.78469e-06    
1.56227        4.78469e-06    4.78469e-06    
1.57272        0              0              
1.58317        4.78469e-06    4.78469e-06    
1.59362        4.78469e-06    4.78469e-06    
1.60407        0              0              
1.61452        0              0              
1.62497        0              0              
1.63542        9.56938e-06    6.76657e-06    
1.64587        4.78469e-06    4.78469e-06    
1.65632        1.43541e-05    8.28732e-06    
1.66677        4.78469e-06    4.78469e-06    
1.67722        9.56938e-06    6.76657e-06    
1.68767        4.78469e-06    4.78469e-06    
1.69812        0              0              
1.70857        9.56938e-06    6.76657e-06    
1.71902        4.78469e-06    4.78469e-06    
1.72947        0              0              
1.73992        4.78469e-06    4.78469e-06    
1.75038        4.78469e-06    4.78469e-06    
1.76082        0              0              
1.77127        1.43541e-05    8.28732e-06    
1.78173        9.56938e-06    6.76657e-06    
1.79217        4.78469e-06    4.78469e-06    
1.80262        1.43541e-05    8.28732e-06    
1.81307        0              0              
1.82352        4.78469e-06    4.78469e-06    
1.83397        1.43541e-05    8.28732e-06    
1.84442        0              0              
1.85487        9.56938e-06    6.76657e-06    
1.86532        4.78469e-06    4.78469e-06    
1.87577        9.56938e-06    6.76657e-06    
1.88622        4.78469e-06    4.78469e-06    
1.89667        4.78469e-06    4.78469e-06    
1.90712        0              0              
1.91757        4.78469e-06    4.78469e-06    
1.92802        9.56938e-06    6.76657e-06    
1.93847        0              0              
1.94892        9.56938e-06    6.76657e-06    
1.95937        4.78469e-06    4.78469e-06    
1.96982        4.78469e-06    4.78469e-06    
1.98027        0              0              
1.99072        9.56938e-06    6.76657e-06    
2.00117        4.78469e-06    4.78469e-06    
2.01162        9.56938e-06    6.76657e-06    
2.02207        9.56938e-06    6.76657e-06    
2.03252        9.56938e-06    6.76657e-06    
2.04297        4.78469e-06    4.78469e-06    
2.05342        1.91388e-05    9.56938e-06    
2.06387        9.56938e-06    6.76657e-06    
2.07432        9.56938e-06    6.76657e-06    
2.08477        1.91388e-05    9.56938e-06    
2.09522        9.56938e-06    6.76657e-06    
2.10567        2.39234e-05    1.06989e-05    
2.11612        9.56938e-06    6.76657e-06    
2.12657        9.56938e-06    6.76657e-06    
2.13702        9.56938e-06    6.76657e-06    
2.14747        4.78469e-06    4.78469e-06    
2.15792        0              0              
2.16837        1.43541e-05    8.28732e-06    
2.17882        1.43541e-05    8.28732e-06    
2.18927        9.56938e-06    6.76657e-06    
2.19972        4.78469e-06    4.78469e-06    
2.21017        9.56938e-06    6.76657e-06    
2.22062        9.56938e-06    6.76657e-06    
2.23107        4.78469e-06    4.78469e-06    
2.24152        9.56938e-06    6.76657e-06    
2.25197        1.43541e-05    8.28732e-06    
2.26242        1.43541e-05    8.28732e-06    
2.27287        4.78469e-06    4.78469e-06    
2.28332        0              0              
2.29377        4.78469e-06    4.78469e-06    
2.30422        9.56938e-06    6.76657e-06    
2.31467        4.78469e-06    4.78469e-06    
2.32512        9.56938e-06    6.76657e-06    
2.33557        4.78469e-06    4.78469e-06    
2.34602        1.43541e-05    8.28732e-06    
2.35647        0              0              
2.36692        9.56938e-06    6.76657e-06    
2.37737        9.56938e-06    6.76657e-06    
2.38782        9.56938e-06    6.76657e-06    
2.39827        9.56938e-06    6.76657e-06    
2.40872        9.56938e-06    6.76657e-06    
2.41917        9.56938e-06    6.76657e-06    
2.42962        1.43541e-05    8.28732e-06    
2.44007        0              0              
2.45052        0              0              
2.46097        1.43541e-05    8.28732e-06    
2.47142        4.78469e-06    4.78469e-06    
2.48187        4.78469e-06    4.78469e-06    
2.49232        0              0              
2.50277        9.56938e-06    6.76657e-06    
2.51322        0              0              
2.52367        4.78469e-06    4.78469e-06    
2.53412        1.43541e-05    8.28732e-06    
2.54457        0              0              
2.55502        4.78469e-06    4.78469e-06    
2.56547        4.78469e-06    4.78469e-06    
2.57592        1.91388e-05    9.56938e-06    
2.58637        0              0              
2.59682        4.78469e-06    4.78469e-06    
2.60727        1.43541e-05    8.28732e-06    
2.61772        1.43541e-05    8.28732e-06    
2.62817        4.78469e-06    4.78469e-06    
2.63862        9.56938e-06    6.76657e-06    
2.64907        4.78469e-06    4.78469e-06    
2.65952        1.43541e-05    8.28732e-06    
2.66997        4.78469e-06    4.78469e-06    
2.68042        9.56938e-06    6.76657e-06    
2.69087        4.78469e-06    4.78469e-06    
2.70132        0              0              
2.71177        4.78469e-06    4.78469e-06    
2.72222        9.56938e-06    6.76657e-06    
2.73267        1.91388e-05    9.56938e-06    
2.74312        4.78469e-06    4.78469e-06    
2.75357        0              0              
2.76402        4.78469e-06    4.78469e-06    
2.77447        4.78469e-06    4.78469e-06    
2.78492        0              0              
2.79537        0              0              
2.80582        1.91388e-05    9.56938e-06    
2.81627        0              0              
2.82672        9.56938e-06    6.76657e-06    
2.83717        0              0              
2.84762        4.78469e-06    4.78469e-06    
2.85807        4.78469e-06    4.78469e-06    
2.86852        0              0              
2.87897        9.56938e-06    6.76657e-06    
2.88942        1.91388e-05    9.56938e-06    
2.89987        0              0              
2.91032        4.78469e-06    4.78469e-06    
2.92077        0              0              
2.93122        1.43541e-05    8.28732e-06    
2.94167        4.78469e-06    4.78469e-06    
2.95212        9.56938e-06    6.76657e-06    
2.96257        0              0              
2.97302        4.78469e-06    4.78469e-06    
2.98347        0              0              
2.99392        9.56938e-06    6.76657e-06    
3.00437        0              0              
3.01482        4.78469e-06    4.78469e-06    
3.02527        0              0              
3.03572        4.78469e-06    4.78469e-06    
3.04617        4.78469e-06    4.78469e-06    
3.05662        4.78469e-06    4.78469e-06    
3.06707        0              0              
3.07752        0              0              
3.08797        0              0              
3.09842        4.78469e-06    4.78469e-06    
3.10887        4.78469e-06    4.78469e-06    
3.11932        0              0              
3.12977        0              0              
3.14022        0              0              
3.15067        9.56938e-06    6.76657e-06    
3.16112        4.78469e-06    4.78469e-06    
3.17157        0              0              
3.18202        0              0              
3.19247        9.56938e-06    6.76657e-06    
3.20292        4.78469e-06    4.78469e-06    
3.21337        0              0              
3.22382        4.78469e-06    4.78469e-06    
3.23427        4.78469e-06    4.78469e-06    
3.24472        4.78469e-06    4.78469e-06    
3.25517        4.78469e-06    4.78469e-06    
3.26562        0              0              
3.27607        4.78469e-06    4.78469e-06    
3.28652        0              0              
3.29697        0              0              
3.30742        0              0              
3.31787        0              0              
3.32832        0              0              
3.33877        0              0              
3.34922        0              0              
3.35967        0              0              
3.37012        0              0              
3.38057        0              0              
3.39102        4.78469e-06    4.78469e-06    
3.40147        4.78469e-06    4.78469e-06    
3.41192        0              0              
3.42237        0              0              
3.43282        0              0              
3.44327        0              0              
3.45372        4.78469e-06    4.78469e-06    
3.46417        0              0              
3.47462        0              0              
3.48507        0              0              
3.49552        0              0              
3.50597        9.56938e-06    6.76657e-06    
3.51642        0              0              
3.52687        0              0              
3.53732        0              0              
3.54777        4.78469e-06    4.78469e-06    
3.55822        0              0              
3.56867        0              0              
3.57912        0              0              
3.58957        0              0              
3.60002        0              0              
3.61047        0              0              
3.62092        4.78469e-06    4.78469e-06    
3.63137        9.56938e-06    6.76657e-06    
3.64182        4.78469e-06    4.78469e-06    
3.65227        0              0              
3.66272        0              0              
3.67317        0              0              
3.68362        0              0              
3.69407        4.78469e-06    4.78469e-06    
3.70452        0              0              
3.71497        4.78469e-06    4.78469e-06    
3.72542        0              0              
3.73587        0              0              
3.74632        0              0              
3.75677        0              0              
3.76722        9.56938e-06    6.76657e-06    
3.77767        0              0              
3.78812        4.78469e-06    4.78469e-06    
3.79857        0              0              
3.80902        4.78469e-06    4.78469e-06    
3.81947        0              0              
3.82992        4.78469e-06    4.78469e-06    
3.84037        0              0              
3.85082        0              0              
3.86127        0              0              
3.87172        0              0              
3.88217        4.78469e-06    4.78469e-06    
3.89262        0              0              
3.90307        0              0              
3.91352        0              0              
3.92397        4.78469e-06    4.78469e-06    
3.93442        0              0              
3.94487        0              0              
3.95532        0              0              
3.96577        0              0              
3.97622        0              0              
3.98667        0              0              
3.99712        0              0              
4.00758        0              0              
4.01802        0              0              
4.02848        0              0              
4.03892        0              0              
4.04938        0              0              
4.05983        0              0              
4.07027        0              0              
4.08073        0              0              
4.09117        0              0              
4.10163        0              0              
4.11207        0              0              
4.12252        0              0              
4.13298        0              0              
4.14342        4.78469e-06    4.78469e-06    
4.15388        0              0              
4.16432        0              0              
4.17478        0              0              
4.18522        0              0              
4.19567        0              0              
4.20613        0              0              
4.21657        0              0              
4.22703        0              0              
4.23747        0              0              
4.24792        0              0              
4.25838        0              0              
4.26882        4.78469e-06    4.78469e-06    
4.27928        0              0              
4.28972        0              0              
4.30018        0              0              
4.31062        0              0              
4.32107        0              0              
4.33153        0              0              
4.34197        0              0              
4.35243        0              0              
4.36287        0              0              
4.37333        0              0              
4.38377        0              0              
4.39422        0              0              
4.40468        0              0              
4.41512        0              0              
4.42558        0              0              
4.43602        0              0              
4.44647        0              0              
4.45693        0              0              
4.46737        0              0              
4.47783        0              0              
4.48827        0              0              
4.49873        0              0              
4.50917        0              0              
4.51962        0              0              
4.53008        0              0              
4.54052        0              0              
4.55098        0              0              
4.56142        0              0              
4.57188        0              0              
4.58232        0              0              
4.59277        0              0              
4.60323        0              0              
4.61367        0              0              
4.62413        0              0              
4.63457        4.78469e-06    4.78469e-06    
4.64502        0              0              
4.65548        0              0              
4.66592        0              0              
4.67638        0              0              
4.68682        0              0              
4.69728        0              0              
4.70772        0              0              
4.71817        0              0              
4.72863        0              0              
4.73907        0              0              
4.74953        0              0              
4.75997        0              0              
4.77042        0              0              
4.78087        0              0              
4.79132        0              0              
4.80178        0              0              
4.81222        0              0              
4.82268        0              0              
4.83312        0              0              
4.84357        0              0              
4.85403        0              0              
4.86447        0              0              
4.87493        0              0              
4.88537        0              0              
4.89583        4.78469e-06    4.78469e-06    
4.90627        0              0              
4.91672        0              0              
4.92718        0              0              
4.93762        0              0              
4.94808        0              0              
4.95852        4.78469e-06    4.78469e-06    
4.96897        0              0              
4.97942        0              0              
4.98987        0              0              
5.00033        0              0              
5.01077        0              0              
5.02123        0              0              
5.03167        0              0              
5.04212        0              0              
5.05258        0              0              
5.06302        0              0              
5.07348        0              0              
5.08392        0              0              
5.09438        0              0              
5.10482        0              0              
5.11527        0              0              
5.12573        0              0              
5.13617        0              0              
5.14663        0              0              
5.15707        0              0              
5.16752        0              0              
5.17797        0              0              
5.18842        0              0              
5.19888        0              0              
5.20932        0              0              
5.21978        0              0              
