p (GeV)        dN/dp          error          
0.00480839     0              0              
0.0144252      0              0              
0.0240419      0              0              
0.0336587      0              0              
0.0432755      5.19925e-06    5.19925e-06    
0.0528923      0              0              
0.0625091      0              0              
0.0721258      0              0              
0.0817426      0              0              
0.0913594      0              0              
0.100976       0              0              
0.110593       0              0              
0.12021        0              0              
0.129827       0              0              
0.139443       0              0              
0.14906        0              0              
0.158677       0              0              
0.168294       0              0              
0.17791        0              0              
0.187527       5.19925e-06    5.19925e-06    
0.197144       5.19925e-06    5.19925e-06    
0.206761       0              0              
0.216378       0              0              
0.225994       0              0              
0.235611       0              0              
0.245228       0              0              
0.254845       0              0              
0.264461       0              0              
0.274078       0              0              
0.283695       0              0              
0.293312       0              0              
0.302929       5.19925e-06    5.19925e-06    
0.312545       0              0              
0.322162       0              0              
0.331779       1.03985e-05    7.35284e-06    
0.341396       5.19925e-06    5.19925e-06    
0.351012       0              0              
0.360629       0              0              
0.370246       5.19925e-06    5.19925e-06    
0.379863       5.19925e-06    5.19925e-06    
0.38948        0              0              
0.399096       0              0              
0.408713       5.19925e-06    5.19925e-06    
0.41833        0              0              
0.427947       5.19925e-06    5.19925e-06    
0.437563       1.03985e-05    7.35284e-06    
0.44718        2.0797e-05     1.03985e-05    
0.456797       0              0              
0.466414       1.03985e-05    7.35284e-06    
0.476031       5.19925e-06    5.19925e-06    
0.485647       2.0797e-05     1.03985e-05    
0.495264       1.55977e-05    9.00536e-06    
0.504881       5.19925e-06    5.19925e-06    
0.514498       1.03985e-05    7.35284e-06    
0.524115       2.59962e-05    1.16259e-05    
0.533731       5.19925e-06    5.19925e-06    
0.543348       1.55977e-05    9.00536e-06    
0.552965       5.19925e-06    5.19925e-06    
0.562582       1.03985e-05    7.35284e-06    
0.572198       2.0797e-05     1.03985e-05    
0.581815       1.03985e-05    7.35284e-06    
0.591432       2.0797e-05     1.03985e-05    
0.601049       1.55977e-05    9.00536e-06    
0.610666       2.59962e-05    1.16259e-05    
0.620282       2.0797e-05     1.03985e-05    
0.629899       5.19925e-06    5.19925e-06    
0.639516       2.0797e-05     1.03985e-05    
0.649133       5.19925e-06    5.19925e-06    
0.658749       1.03985e-05    7.35284e-06    
0.668366       2.0797e-05     1.03985e-05    
0.677983       1.03985e-05    7.35284e-06    
0.6876         5.19925e-06    5.19925e-06    
0.697217       1.03985e-05    7.35284e-06    
0.706833       1.03985e-05    7.35284e-06    
0.71645        2.59962e-05    1.16259e-05    
0.726067       1.03985e-05    7.35284e-06    
0.735684       2.0797e-05     1.03985e-05    
0.7453         2.0797e-05     1.03985e-05    
0.754917       3.63947e-05    1.37559e-05    
0.764534       3.11955e-05    1.27355e-05    
0.774151       2.0797e-05     1.03985e-05    
0.783768       1.55977e-05    9.00536e-06    
0.793384       3.63947e-05    1.37559e-05    
0.803001       1.55977e-05    9.00536e-06    
0.812618       6.23909e-05    1.80107e-05    
0.822235       3.11955e-05    1.27355e-05    
0.831851       3.11955e-05    1.27355e-05    
0.841468       2.59962e-05    1.16259e-05    
0.851085       3.11955e-05    1.27355e-05    
0.860702       3.11955e-05    1.27355e-05    
0.870319       3.63947e-05    1.37559e-05    
0.879935       3.63947e-05    1.37559e-05    
0.889552       2.0797e-05     1.03985e-05    
0.899169       1.55977e-05    9.00536e-06    
0.908786       2.0797e-05     1.03985e-05    
0.918402       6.23909e-05    1.80107e-05    
0.928019       2.59962e-05    1.16259e-05    
0.937636       2.59962e-05    1.16259e-05    
0.947253       3.63947e-05    1.37559e-05    
0.95687        4.1594e-05     1.47057e-05    
0.966486       2.0797e-05     1.03985e-05    
0.976103       1.03985e-05    7.35284e-06    
0.98572        4.67932e-05    1.55977e-05    
0.995337       6.23909e-05    1.80107e-05    
1.00495        3.63947e-05    1.37559e-05    
1.01457        2.0797e-05     1.03985e-05    
1.02419        3.11955e-05    1.27355e-05    
1.0338         5.19925e-05    1.64415e-05    
1.04342        3.63947e-05    1.37559e-05    
1.05304        3.11955e-05    1.27355e-05    
1.06265        6.23909e-05    1.80107e-05    
1.07227        2.0797e-05     1.03985e-05    
1.08189        6.75902e-05    1.87461e-05    
1.0915         7.27894e-05    1.94538e-05    
1.10112        5.19925e-05    1.64415e-05    
1.11074        4.67932e-05    1.55977e-05    
1.12035        6.23909e-05    1.80107e-05    
1.12997        4.1594e-05     1.47057e-05    
1.13959        3.11955e-05    1.27355e-05    
1.14921        7.27894e-05    1.94538e-05    
1.15882        4.1594e-05     1.47057e-05    
1.16844        4.67932e-05    1.55977e-05    
1.17806        6.23909e-05    1.80107e-05    
1.18767        5.19925e-05    1.64415e-05    
1.19729        8.31879e-05    2.0797e-05     
1.20691        5.71917e-05    1.72439e-05    
1.21652        5.19925e-05    1.64415e-05    
1.22614        6.23909e-05    1.80107e-05    
1.23576        5.71917e-05    1.72439e-05    
1.24537        8.31879e-05    2.0797e-05     
1.25499        6.23909e-05    1.80107e-05    
1.26461        6.23909e-05    1.80107e-05    
1.27422        9.87857e-05    2.2663e-05     
1.28384        4.1594e-05     1.47057e-05    
1.29346        4.67932e-05    1.55977e-05    
1.30307        6.23909e-05    1.80107e-05    
1.31269        6.23909e-05    1.80107e-05    
1.32231        5.71917e-05    1.72439e-05    
1.33192        7.27894e-05    1.94538e-05    
1.34154        7.27894e-05    1.94538e-05    
1.35116        6.23909e-05    1.80107e-05    
1.36077        9.87857e-05    2.2663e-05     
1.37039        6.75902e-05    1.87461e-05    
1.38001        8.83872e-05    2.1437e-05     
1.38962        8.31879e-05    2.0797e-05     
1.39924        5.71917e-05    1.72439e-05    
1.40886        5.71917e-05    1.72439e-05    
1.41848        8.83872e-05    2.1437e-05     
1.42809        5.19925e-05    1.64415e-05    
1.43771        7.27894e-05    1.94538e-05    
1.44733        3.11955e-05    1.27355e-05    
1.45694        8.31879e-05    2.0797e-05     
1.46656        7.79887e-05    2.01366e-05    
1.47618        7.79887e-05    2.01366e-05    
1.48579        6.75902e-05    1.87461e-05    
1.49541        5.71917e-05    1.72439e-05    
1.50503        8.83872e-05    2.1437e-05     
1.51464        8.31879e-05    2.0797e-05     
1.52426        6.23909e-05    1.80107e-05    
1.53388        0.000119583    2.49347e-05    
1.54349        9.87857e-05    2.2663e-05     
1.55311        0.000103985    2.32517e-05    
1.56273        9.35864e-05    2.20585e-05    
1.57234        8.83872e-05    2.1437e-05     
1.58196        9.87857e-05    2.2663e-05     
1.59158        9.87857e-05    2.2663e-05     
1.60119        8.83872e-05    2.1437e-05     
1.61081        9.35864e-05    2.20585e-05    
1.62043        4.67932e-05    1.55977e-05    
1.63004        9.35864e-05    2.20585e-05    
1.63966        7.27894e-05    1.94538e-05    
1.64928        8.31879e-05    2.0797e-05     
1.65889        0.000103985    2.32517e-05    
1.66851        8.83872e-05    2.1437e-05     
1.67813        8.31879e-05    2.0797e-05     
1.68774        8.31879e-05    2.0797e-05     
1.69736        0.000103985    2.32517e-05    
1.70698        9.35864e-05    2.20585e-05    
1.7166         8.83872e-05    2.1437e-05     
1.72621        9.35864e-05    2.20585e-05    
1.73583        7.27894e-05    1.94538e-05    
1.74545        9.35864e-05    2.20585e-05    
1.75506        0.00013518     2.6511e-05     
1.76468        6.23909e-05    1.80107e-05    
1.7743         9.35864e-05    2.20585e-05    
1.78391        0.000103985    2.32517e-05    
1.79353        0.000103985    2.32517e-05    
1.80315        0.000129981    2.59962e-05    
1.81276        5.71917e-05    1.72439e-05    
1.82238        9.87857e-05    2.2663e-05     
1.832          9.87857e-05    2.2663e-05     
1.84161        9.87857e-05    2.2663e-05     
1.85123        7.79887e-05    2.01366e-05    
1.86085        7.79887e-05    2.01366e-05    
1.87046        9.87857e-05    2.2663e-05     
1.88008        0.000124782    2.5471e-05     
1.8897         9.35864e-05    2.20585e-05    
1.89931        9.35864e-05    2.20585e-05    
1.90893        8.31879e-05    2.0797e-05     
1.91855        9.87857e-05    2.2663e-05     
1.92816        8.31879e-05    2.0797e-05     
1.93778        8.31879e-05    2.0797e-05     
1.9474         8.83872e-05    2.1437e-05     
1.95701        9.35864e-05    2.20585e-05    
1.96663        8.83872e-05    2.1437e-05     
1.97625        7.79887e-05    2.01366e-05    
1.98587        0.000103985    2.32517e-05    
1.99548        9.87857e-05    2.2663e-05     
2.0051         0.000109184    2.38259e-05    
2.01472        7.27894e-05    1.94538e-05    
2.02433        9.87857e-05    2.2663e-05     
2.03395        7.79887e-05    2.01366e-05    
2.04357        7.27894e-05    1.94538e-05    
2.05318        9.35864e-05    2.20585e-05    
2.0628         6.75902e-05    1.87461e-05    
2.07242        7.27894e-05    1.94538e-05    
2.08203        0.000103985    2.32517e-05    
2.09165        9.87857e-05    2.2663e-05     
2.10127        7.79887e-05    2.01366e-05    
2.11088        9.87857e-05    2.2663e-05     
2.1205         6.75902e-05    1.87461e-05    
2.13012        8.31879e-05    2.0797e-05     
2.13973        8.31879e-05    2.0797e-05     
2.14935        9.35864e-05    2.20585e-05    
2.15897        7.27894e-05    1.94538e-05    
2.16858        7.79887e-05    2.01366e-05    
2.1782         9.35864e-05    2.20585e-05    
2.18782        6.23909e-05    1.80107e-05    
2.19743        0.000119583    2.49347e-05    
2.20705        7.79887e-05    2.01366e-05    
2.21667        7.27894e-05    1.94538e-05    
2.22628        9.35864e-05    2.20585e-05    
2.2359         9.35864e-05    2.20585e-05    
2.24552        8.31879e-05    2.0797e-05     
2.25513        5.71917e-05    1.72439e-05    
2.26475        0.000103985    2.32517e-05    
2.27437        6.23909e-05    1.80107e-05    
2.28399        0.000103985    2.32517e-05    
2.2936         9.87857e-05    2.2663e-05     
2.30322        9.87857e-05    2.2663e-05     
2.31284        0.000114383    2.43866e-05    
2.32245        8.83872e-05    2.1437e-05     
2.33207        8.31879e-05    2.0797e-05     
2.34169        7.79887e-05    2.01366e-05    
2.3513         9.87857e-05    2.2663e-05     
2.36092        8.31879e-05    2.0797e-05     
2.37054        7.27894e-05    1.94538e-05    
2.38015        0.000103985    2.32517e-05    
2.38977        8.31879e-05    2.0797e-05     
2.39939        6.75902e-05    1.87461e-05    
2.409          7.79887e-05    2.01366e-05    
2.41862        5.19925e-05    1.64415e-05    
2.42824        4.67932e-05    1.55977e-05    
2.43785        0.000103985    2.32517e-05    
2.44747        5.71917e-05    1.72439e-05    
2.45709        7.27894e-05    1.94538e-05    
2.4667         0.000119583    2.49347e-05    
2.47632        7.27894e-05    1.94538e-05    
2.48594        0.000103985    2.32517e-05    
2.49555        8.31879e-05    2.0797e-05     
2.50517        5.71917e-05    1.72439e-05    
2.51479        4.67932e-05    1.55977e-05    
2.5244         5.71917e-05    1.72439e-05    
2.53402        0.000114383    2.43866e-05    
2.54364        7.27894e-05    1.94538e-05    
2.55326        7.79887e-05    2.01366e-05    
2.56287        6.75902e-05    1.87461e-05    
2.57249        5.19925e-05    1.64415e-05    
2.58211        9.87857e-05    2.2663e-05     
2.59172        5.71917e-05    1.72439e-05    
2.60134        6.23909e-05    1.80107e-05    
2.61096        4.67932e-05    1.55977e-05    
2.62057        5.71917e-05    1.72439e-05    
2.63019        6.23909e-05    1.80107e-05    
2.63981        4.1594e-05     1.47057e-05    
2.64942        5.71917e-05    1.72439e-05    
2.65904        6.75902e-05    1.87461e-05    
2.66866        7.79887e-05    2.01366e-05    
2.67827        3.63947e-05    1.37559e-05    
2.68789        9.35864e-05    2.20585e-05    
2.69751        4.1594e-05     1.47057e-05    
2.70712        6.23909e-05    1.80107e-05    
2.71674        4.1594e-05     1.47057e-05    
2.72636        3.63947e-05    1.37559e-05    
2.73597        4.1594e-05     1.47057e-05    
2.74559        3.63947e-05    1.37559e-05    
2.75521        5.19925e-05    1.64415e-05    
2.76482        8.31879e-05    2.0797e-05     
2.77444        4.1594e-05     1.47057e-05    
2.78406        4.67932e-05    1.55977e-05    
2.79367        5.19925e-05    1.64415e-05    
2.80329        6.23909e-05    1.80107e-05    
2.81291        4.1594e-05     1.47057e-05    
2.82252        6.75902e-05    1.87461e-05    
2.83214        4.1594e-05     1.47057e-05    
2.84176        3.63947e-05    1.37559e-05    
2.85138        7.79887e-05    2.01366e-05    
2.86099        6.23909e-05    1.80107e-05    
2.87061        6.23909e-05    1.80107e-05    
2.88023        1.55977e-05    9.00536e-06    
2.88984        8.31879e-05    2.0797e-05     
2.89946        1.03985e-05    7.35284e-06    
2.90908        3.63947e-05    1.37559e-05    
2.91869        6.75902e-05    1.87461e-05    
2.92831        5.19925e-05    1.64415e-05    
2.93793        3.63947e-05    1.37559e-05    
2.94754        3.11955e-05    1.27355e-05    
2.95716        5.19925e-05    1.64415e-05    
2.96678        3.11955e-05    1.27355e-05    
2.97639        3.63947e-05    1.37559e-05    
2.98601        2.59962e-05    1.16259e-05    
2.99563        1.03985e-05    7.35284e-06    
3.00524        4.1594e-05     1.47057e-05    
3.01486        3.63947e-05    1.37559e-05    
3.02448        2.59962e-05    1.16259e-05    
3.03409        4.67932e-05    1.55977e-05    
3.04371        4.67932e-05    1.55977e-05    
3.05333        5.19925e-05    1.64415e-05    
3.06294        5.71917e-05    1.72439e-05    
3.07256        3.11955e-05    1.27355e-05    
3.08218        2.0797e-05     1.03985e-05    
3.09179        5.19925e-05    1.64415e-05    
3.10141        4.1594e-05     1.47057e-05    
3.11103        2.0797e-05     1.03985e-05    
3.12065        4.1594e-05     1.47057e-05    
3.13026        3.63947e-05    1.37559e-05    
3.13988        2.0797e-05     1.03985e-05    
3.1495         2.59962e-05    1.16259e-05    
3.15911        3.11955e-05    1.27355e-05    
3.16873        2.0797e-05     1.03985e-05    
3.17835        2.59962e-05    1.16259e-05    
3.18796        2.0797e-05     1.03985e-05    
3.19758        2.0797e-05     1.03985e-05    
3.2072         4.1594e-05     1.47057e-05    
3.21681        3.63947e-05    1.37559e-05    
3.22643        4.1594e-05     1.47057e-05    
3.23605        3.11955e-05    1.27355e-05    
3.24566        2.59962e-05    1.16259e-05    
3.25528        4.1594e-05     1.47057e-05    
3.2649         3.11955e-05    1.27355e-05    
3.27451        2.0797e-05     1.03985e-05    
3.28413        1.55977e-05    9.00536e-06    
3.29375        3.11955e-05    1.27355e-05    
3.30336        3.11955e-05    1.27355e-05    
3.31298        3.11955e-05    1.27355e-05    
3.3226         2.59962e-05    1.16259e-05    
3.33221        3.11955e-05    1.27355e-05    
3.34183        0              0              
3.35145        1.55977e-05    9.00536e-06    
3.36106        2.0797e-05     1.03985e-05    
3.37068        3.11955e-05    1.27355e-05    
3.3803         3.63947e-05    1.37559e-05    
3.38991        2.59962e-05    1.16259e-05    
3.39953        2.59962e-05    1.16259e-05    
3.40915        2.0797e-05     1.03985e-05    
3.41877        3.11955e-05    1.27355e-05    
3.42838        1.55977e-05    9.00536e-06    
3.438          2.59962e-05    1.16259e-05    
3.44762        3.11955e-05    1.27355e-05    
3.45723        5.19925e-06    5.19925e-06    
3.46685        5.19925e-06    5.19925e-06    
3.47647        1.55977e-05    9.00536e-06    
3.48608        1.55977e-05    9.00536e-06    
3.4957         1.03985e-05    7.35284e-06    
3.50532        1.55977e-05    9.00536e-06    
3.51493        2.0797e-05     1.03985e-05    
3.52455        5.19925e-06    5.19925e-06    
3.53417        1.55977e-05    9.00536e-06    
3.54378        2.59962e-05    1.16259e-05    
3.5534         1.03985e-05    7.35284e-06    
3.56302        3.11955e-05    1.27355e-05    
3.57263        5.19925e-06    5.19925e-06    
3.58225        2.59962e-05    1.16259e-05    
3.59187        1.03985e-05    7.35284e-06    
3.60148        1.03985e-05    7.35284e-06    
3.6111         2.0797e-05     1.03985e-05    
3.62072        2.59962e-05    1.16259e-05    
3.63033        1.03985e-05    7.35284e-06    
3.63995        1.03985e-05    7.35284e-06    
3.64957        1.03985e-05    7.35284e-06    
3.65918        5.19925e-06    5.19925e-06    
3.6688         2.0797e-05     1.03985e-05    
3.67842        1.03985e-05    7.35284e-06    
3.68804        2.0797e-05     1.03985e-05    
3.69765        1.03985e-05    7.35284e-06    
3.70727        1.55977e-05    9.00536e-06    
3.71689        1.03985e-05    7.35284e-06    
3.7265         1.55977e-05    9.00536e-06    
3.73612        2.0797e-05     1.03985e-05    
3.74574        1.03985e-05    7.35284e-06    
3.75535        5.19925e-06    5.19925e-06    
3.76497        5.19925e-06    5.19925e-06    
3.77459        1.55977e-05    9.00536e-06    
3.7842         0              0              
3.79382        5.19925e-06    5.19925e-06    
3.80344        0              0              
3.81305        5.19925e-06    5.19925e-06    
3.82267        0              0              
3.83229        5.19925e-06    5.19925e-06    
3.8419         0              0              
3.85152        5.19925e-06    5.19925e-06    
3.86114        0              0              
3.87075        1.03985e-05    7.35284e-06    
3.88037        0              0              
3.88999        1.03985e-05    7.35284e-06    
3.8996         2.0797e-05     1.03985e-05    
3.90922        0              0              
3.91884        5.19925e-06    5.19925e-06    
3.92845        1.03985e-05    7.35284e-06    
3.93807        1.55977e-05    9.00536e-06    
3.94769        2.0797e-05     1.03985e-05    
3.9573         1.55977e-05    9.00536e-06    
3.96692        1.55977e-05    9.00536e-06    
3.97654        1.03985e-05    7.35284e-06    
3.98616        1.55977e-05    9.00536e-06    
3.99577        5.19925e-06    5.19925e-06    
4.00539        5.19925e-06    5.19925e-06    
4.01501        5.19925e-06    5.19925e-06    
4.02462        5.19925e-06    5.19925e-06    
4.03424        5.19925e-06    5.19925e-06    
4.04386        1.03985e-05    7.35284e-06    
4.05347        0              0              
4.06309        0              0              
4.07271        1.03985e-05    7.35284e-06    
4.08232        5.19925e-06    5.19925e-06    
4.09194        1.03985e-05    7.35284e-06    
4.10156        5.19925e-06    5.19925e-06    
4.11117        5.19925e-06    5.19925e-06    
4.12079        5.19925e-06    5.19925e-06    
4.13041        5.19925e-06    5.19925e-06    
4.14002        5.19925e-06    5.19925e-06    
4.14964        5.19925e-06    5.19925e-06    
4.15926        5.19925e-06    5.19925e-06    
4.16887        0              0              
4.17849        0              0              
4.18811        5.19925e-06    5.19925e-06    
4.19772        0              0              
4.20734        5.19925e-06    5.19925e-06    
4.21696        5.19925e-06    5.19925e-06    
4.22657        0              0              
4.23619        5.19925e-06    5.19925e-06    
4.24581        1.55977e-05    9.00536e-06    
4.25543        1.03985e-05    7.35284e-06    
4.26504        0              0              
4.27466        0              0              
4.28428        0              0              
4.29389        5.19925e-06    5.19925e-06    
4.30351        0              0              
4.31313        0              0              
4.32274        0              0              
4.33236        5.19925e-06    5.19925e-06    
4.34198        0              0              
4.35159        0              0              
4.36121        0              0              
4.37083        0              0              
4.38044        0              0              
4.39006        5.19925e-06    5.19925e-06    
4.39968        0              0              
4.40929        0              0              
4.41891        0              0              
4.42853        0              0              
4.43814        0              0              
4.44776        0              0              
4.45738        0              0              
4.46699        5.19925e-06    5.19925e-06    
4.47661        0              0              
4.48623        0              0              
4.49584        0              0              
4.50546        0              0              
4.51508        0              0              
4.52469        0              0              
4.53431        0              0              
4.54393        0              0              
4.55355        0              0              
4.56316        0              0              
4.57278        0              0              
4.5824         0              0              
4.59201        5.19925e-06    5.19925e-06    
4.60163        0              0              
4.61125        0              0              
4.62086        0              0              
4.63048        0              0              
4.6401         0              0              
4.64971        0              0              
4.65933        5.19925e-06    5.19925e-06    
4.66895        0              0              
4.67856        0              0              
4.68818        5.19925e-06    5.19925e-06    
4.6978         0              0              
4.70741        5.19925e-06    5.19925e-06    
4.71703        0              0              
4.72665        0              0              
4.73626        0              0              
4.74588        0              0              
4.7555         0              0              
4.76511        0              0              
4.77473        0              0              
4.78435        0              0              
4.79396        0              0              
4.80358        0              0              
