pT (GeV)       dN/dpt         error          
0.00599114     0              0              
0.0179734      0              0              
0.0299557      4.17283e-06    4.17283e-06    
0.041938       0              0              
0.0539203      0              0              
0.0659025      0              0              
0.0778848      0              0              
0.0898671      0              0              
0.101849       0              0              
0.113832       8.34566e-06    5.90127e-06    
0.125814       0              0              
0.137796       0              0              
0.149779       0              0              
0.161761       1.25185e-05    7.22755e-06    
0.173743       1.66913e-05    8.34566e-06    
0.185725       4.17283e-06    4.17283e-06    
0.197708       8.34566e-06    5.90127e-06    
0.20969        4.17283e-06    4.17283e-06    
0.221672       0              0              
0.233654       8.34566e-06    5.90127e-06    
0.245637       4.17283e-06    4.17283e-06    
0.257619       0              0              
0.269601       1.25185e-05    7.22755e-06    
0.281584       4.17283e-06    4.17283e-06    
0.293566       1.25185e-05    7.22755e-06    
0.305548       8.34566e-06    5.90127e-06    
0.31753        4.17283e-06    4.17283e-06    
0.329513       4.17283e-06    4.17283e-06    
0.341495       1.25185e-05    7.22755e-06    
0.353477       8.34566e-06    5.90127e-06    
0.36546        8.34566e-06    5.90127e-06    
0.377442       1.25185e-05    7.22755e-06    
0.389424       8.34566e-06    5.90127e-06    
0.401406       8.34566e-06    5.90127e-06    
0.413389       1.66913e-05    8.34566e-06    
0.425371       2.08641e-05    9.33073e-06    
0.437353       4.17283e-06    4.17283e-06    
0.449335       8.34566e-06    5.90127e-06    
0.461318       4.17283e-06    4.17283e-06    
0.4733         1.25185e-05    7.22755e-06    
0.485282       0              0              
0.497265       8.34566e-06    5.90127e-06    
0.509247       8.34566e-06    5.90127e-06    
0.521229       1.25185e-05    7.22755e-06    
0.533211       1.25185e-05    7.22755e-06    
0.545194       2.08641e-05    9.33073e-06    
0.557176       1.25185e-05    7.22755e-06    
0.569158       1.66913e-05    8.34566e-06    
0.581141       2.5037e-05     1.02213e-05    
0.593123       4.17283e-06    4.17283e-06    
0.605105       8.34566e-06    5.90127e-06    
0.617087       1.25185e-05    7.22755e-06    
0.62907        1.25185e-05    7.22755e-06    
0.641052       1.25185e-05    7.22755e-06    
0.653034       3.33826e-05    1.18025e-05    
0.665017       4.17283e-06    4.17283e-06    
0.676999       2.08641e-05    9.33073e-06    
0.688981       1.25185e-05    7.22755e-06    
0.700963       3.33826e-05    1.18025e-05    
0.712946       2.08641e-05    9.33073e-06    
0.724928       4.17283e-06    4.17283e-06    
0.73691        3.33826e-05    1.18025e-05    
0.748892       1.25185e-05    7.22755e-06    
0.760875       8.34566e-06    5.90127e-06    
0.772857       1.25185e-05    7.22755e-06    
0.784839       8.34566e-06    5.90127e-06    
0.796822       8.34566e-06    5.90127e-06    
0.808804       2.5037e-05     1.02213e-05    
0.820786       1.66913e-05    8.34566e-06    
0.832768       2.92098e-05    1.10403e-05    
0.844751       1.66913e-05    8.34566e-06    
0.856733       2.92098e-05    1.10403e-05    
0.868715       8.34566e-06    5.90127e-06    
0.880698       1.25185e-05    7.22755e-06    
0.89268        1.66913e-05    8.34566e-06    
0.904662       8.34566e-06    5.90127e-06    
0.916644       2.92098e-05    1.10403e-05    
0.928627       4.17283e-05    1.31956e-05    
0.940609       1.66913e-05    8.34566e-06    
0.952591       2.08641e-05    9.33073e-06    
0.964574       2.92098e-05    1.10403e-05    
0.976556       2.92098e-05    1.10403e-05    
0.988538       3.33826e-05    1.18025e-05    
1.00052        4.17283e-05    1.31956e-05    
1.0125         2.08641e-05    9.33073e-06    
1.02448        2.08641e-05    9.33073e-06    
1.03647        4.17283e-05    1.31956e-05    
1.04845        2.5037e-05     1.02213e-05    
1.06043        2.5037e-05     1.02213e-05    
1.07241        2.5037e-05     1.02213e-05    
1.0844         1.66913e-05    8.34566e-06    
1.09638        4.59011e-05    1.38397e-05    
1.10836        2.92098e-05    1.10403e-05    
1.12034        2.92098e-05    1.10403e-05    
1.13233        2.08641e-05    9.33073e-06    
1.14431        3.33826e-05    1.18025e-05    
1.15629        8.34566e-06    5.90127e-06    
1.16827        3.33826e-05    1.18025e-05    
1.18025        3.75555e-05    1.25185e-05    
1.19224        4.59011e-05    1.38397e-05    
1.20422        3.33826e-05    1.18025e-05    
1.2162         2.08641e-05    9.33073e-06    
1.22818        2.92098e-05    1.10403e-05    
1.24017        4.17283e-05    1.31956e-05    
1.25215        3.33826e-05    1.18025e-05    
1.26413        1.66913e-05    8.34566e-06    
1.27611        2.08641e-05    9.33073e-06    
1.2881         2.08641e-05    9.33073e-06    
1.30008        5.00739e-05    1.44551e-05    
1.31206        4.17283e-05    1.31956e-05    
1.32404        2.5037e-05     1.02213e-05    
1.33602        2.92098e-05    1.10403e-05    
1.34801        2.08641e-05    9.33073e-06    
1.35999        1.66913e-05    8.34566e-06    
1.37197        1.66913e-05    8.34566e-06    
1.38395        2.5037e-05     1.02213e-05    
1.39594        3.33826e-05    1.18025e-05    
1.40792        3.33826e-05    1.18025e-05    
1.4199         5.42468e-05    1.50453e-05    
1.43188        2.5037e-05     1.02213e-05    
1.44386        2.5037e-05     1.02213e-05    
1.45585        2.08641e-05    9.33073e-06    
1.46783        4.17283e-05    1.31956e-05    
1.47981        3.33826e-05    1.18025e-05    
1.49179        3.75555e-05    1.25185e-05    
1.50378        1.25185e-05    7.22755e-06    
1.51576        4.17283e-05    1.31956e-05    
1.52774        3.75555e-05    1.25185e-05    
1.53972        1.25185e-05    7.22755e-06    
1.55171        2.5037e-05     1.02213e-05    
1.56369        2.5037e-05     1.02213e-05    
1.57567        3.33826e-05    1.18025e-05    
1.58765        2.5037e-05     1.02213e-05    
1.59963        1.66913e-05    8.34566e-06    
1.61162        8.34566e-06    5.90127e-06    
1.6236         2.92098e-05    1.10403e-05    
1.63558        5.00739e-05    1.44551e-05    
1.64756        1.66913e-05    8.34566e-06    
1.65955        1.25185e-05    7.22755e-06    
1.67153        2.92098e-05    1.10403e-05    
1.68351        2.5037e-05     1.02213e-05    
1.69549        2.92098e-05    1.10403e-05    
1.70747        3.33826e-05    1.18025e-05    
1.71946        5.00739e-05    1.44551e-05    
1.73144        2.08641e-05    9.33073e-06    
1.74342        2.5037e-05     1.02213e-05    
1.7554         1.25185e-05    7.22755e-06    
1.76739        3.33826e-05    1.18025e-05    
1.77937        2.92098e-05    1.10403e-05    
1.79135        4.59011e-05    1.38397e-05    
1.80333        2.08641e-05    9.33073e-06    
1.81532        2.5037e-05     1.02213e-05    
1.8273         3.75555e-05    1.25185e-05    
1.83928        2.92098e-05    1.10403e-05    
1.85126        3.75555e-05    1.25185e-05    
1.86324        1.25185e-05    7.22755e-06    
1.87523        2.5037e-05     1.02213e-05    
1.88721        2.5037e-05     1.02213e-05    
1.89919        3.33826e-05    1.18025e-05    
1.91117        3.33826e-05    1.18025e-05    
1.92316        2.5037e-05     1.02213e-05    
1.93514        2.5037e-05     1.02213e-05    
1.94712        1.66913e-05    8.34566e-06    
1.9591         2.08641e-05    9.33073e-06    
1.97109        3.33826e-05    1.18025e-05    
1.98307        2.92098e-05    1.10403e-05    
1.99505        2.08641e-05    9.33073e-06    
2.00703        2.08641e-05    9.33073e-06    
2.01901        3.33826e-05    1.18025e-05    
2.031          2.92098e-05    1.10403e-05    
2.04298        2.5037e-05     1.02213e-05    
2.05496        2.08641e-05    9.33073e-06    
2.06694        5.00739e-05    1.44551e-05    
2.07893        5.00739e-05    1.44551e-05    
2.09091        2.92098e-05    1.10403e-05    
2.10289        1.25185e-05    7.22755e-06    
2.11487        1.66913e-05    8.34566e-06    
2.12685        2.5037e-05     1.02213e-05    
2.13884        3.75555e-05    1.25185e-05    
2.15082        2.5037e-05     1.02213e-05    
2.1628         1.66913e-05    8.34566e-06    
2.17478        8.34566e-06    5.90127e-06    
2.18677        4.17283e-05    1.31956e-05    
2.19875        1.66913e-05    8.34566e-06    
2.21073        2.08641e-05    9.33073e-06    
2.22271        1.25185e-05    7.22755e-06    
2.2347         2.08641e-05    9.33073e-06    
2.24668        2.08641e-05    9.33073e-06    
2.25866        2.5037e-05     1.02213e-05    
2.27064        2.08641e-05    9.33073e-06    
2.28262        1.66913e-05    8.34566e-06    
2.29461        2.08641e-05    9.33073e-06    
2.30659        2.08641e-05    9.33073e-06    
2.31857        2.08641e-05    9.33073e-06    
2.33055        8.34566e-06    5.90127e-06    
2.34254        1.25185e-05    7.22755e-06    
2.35452        1.66913e-05    8.34566e-06    
2.3665         2.08641e-05    9.33073e-06    
2.37848        1.25185e-05    7.22755e-06    
2.39046        2.08641e-05    9.33073e-06    
2.40245        4.17283e-06    4.17283e-06    
2.41443        1.25185e-05    7.22755e-06    
2.42641        2.08641e-05    9.33073e-06    
2.43839        2.08641e-05    9.33073e-06    
2.45038        4.17283e-06    4.17283e-06    
2.46236        1.66913e-05    8.34566e-06    
2.47434        1.25185e-05    7.22755e-06    
2.48632        8.34566e-06    5.90127e-06    
2.49831        3.75555e-05    1.25185e-05    
2.51029        8.34566e-06    5.90127e-06    
2.52227        2.5037e-05     1.02213e-05    
2.53425        2.5037e-05     1.02213e-05    
2.54623        1.25185e-05    7.22755e-06    
2.55822        1.25185e-05    7.22755e-06    
2.5702         2.08641e-05    9.33073e-06    
2.58218        2.08641e-05    9.33073e-06    
2.59416        1.66913e-05    8.34566e-06    
2.60615        4.17283e-06    4.17283e-06    
2.61813        8.34566e-06    5.90127e-06    
2.63011        1.66913e-05    8.34566e-06    
2.64209        4.17283e-06    4.17283e-06    
2.65408        1.25185e-05    7.22755e-06    
2.66606        4.17283e-06    4.17283e-06    
2.67804        1.25185e-05    7.22755e-06    
2.69002        1.66913e-05    8.34566e-06    
2.702          1.66913e-05    8.34566e-06    
2.71399        1.25185e-05    7.22755e-06    
2.72597        2.5037e-05     1.02213e-05    
2.73795        4.17283e-06    4.17283e-06    
2.74993        0              0              
2.76192        4.17283e-06    4.17283e-06    
2.7739         2.92098e-05    1.10403e-05    
2.78588        1.66913e-05    8.34566e-06    
2.79786        4.17283e-06    4.17283e-06    
2.80984        4.17283e-06    4.17283e-06    
2.82183        2.92098e-05    1.10403e-05    
2.83381        2.08641e-05    9.33073e-06    
2.84579        1.25185e-05    7.22755e-06    
2.85777        1.25185e-05    7.22755e-06    
2.86976        4.17283e-06    4.17283e-06    
2.88174        0              0              
2.89372        8.34566e-06    5.90127e-06    
2.9057         1.25185e-05    7.22755e-06    
2.91769        4.17283e-06    4.17283e-06    
2.92967        4.17283e-06    4.17283e-06    
2.94165        4.17283e-06    4.17283e-06    
2.95363        1.25185e-05    7.22755e-06    
2.96561        8.34566e-06    5.90127e-06    
2.9776         8.34566e-06    5.90127e-06    
2.98958        4.17283e-06    4.17283e-06    
3.00156        4.17283e-06    4.17283e-06    
3.01354        8.34566e-06    5.90127e-06    
3.02553        8.34566e-06    5.90127e-06    
3.03751        8.34566e-06    5.90127e-06    
3.04949        4.17283e-06    4.17283e-06    
3.06147        4.17283e-06    4.17283e-06    
3.07345        0              0              
3.08544        4.17283e-06    4.17283e-06    
3.09742        0              0              
3.1094         4.17283e-06    4.17283e-06    
3.12138        8.34566e-06    5.90127e-06    
3.13337        8.34566e-06    5.90127e-06    
3.14535        8.34566e-06    5.90127e-06    
3.15733        1.66913e-05    8.34566e-06    
3.16931        0              0              
3.1813         4.17283e-06    4.17283e-06    
3.19328        1.25185e-05    7.22755e-06    
3.20526        0              0              
3.21724        8.34566e-06    5.90127e-06    
3.22922        0              0              
3.24121        1.66913e-05    8.34566e-06    
3.25319        4.17283e-06    4.17283e-06    
3.26517        0              0              
3.27715        8.34566e-06    5.90127e-06    
3.28914        1.25185e-05    7.22755e-06    
3.30112        1.25185e-05    7.22755e-06    
3.3131         4.17283e-06    4.17283e-06    
3.32508        0              0              
3.33706        0              0              
3.34905        0              0              
3.36103        8.34566e-06    5.90127e-06    
3.37301        4.17283e-06    4.17283e-06    
3.38499        0              0              
3.39698        0              0              
3.40896        0              0              
3.42094        0              0              
3.43292        0              0              
3.44491        0              0              
3.45689        8.34566e-06    5.90127e-06    
3.46887        4.17283e-06    4.17283e-06    
3.48085        0              0              
3.49283        8.34566e-06    5.90127e-06    
3.50482        8.34566e-06    5.90127e-06    
3.5168         4.17283e-06    4.17283e-06    
3.52878        0              0              
3.54076        4.17283e-06    4.17283e-06    
3.55275        0              0              
3.56473        4.17283e-06    4.17283e-06    
3.57671        0              0              
3.58869        0              0              
3.60068        4.17283e-06    4.17283e-06    
3.61266        0              0              
3.62464        0              0              
3.63662        0              0              
3.6486         4.17283e-06    4.17283e-06    
3.66059        0              0              
3.67257        4.17283e-06    4.17283e-06    
3.68455        0              0              
3.69653        0              0              
3.70852        0              0              
3.7205         4.17283e-06    4.17283e-06    
3.73248        8.34566e-06    5.90127e-06    
3.74446        4.17283e-06    4.17283e-06    
3.75644        0              0              
3.76843        4.17283e-06    4.17283e-06    
3.78041        0              0              
3.79239        0              0              
3.80437        0              0              
3.81636        0              0              
3.82834        4.17283e-06    4.17283e-06    
3.84032        4.17283e-06    4.17283e-06    
3.8523         0              0              
3.86429        0              0              
3.87627        0              0              
3.88825        0              0              
3.90023        0              0              
3.91221        0              0              
3.9242         0              0              
3.93618        0              0              
3.94816        0              0              
3.96014        0              0              
3.97213        0              0              
3.98411        1.25185e-05    7.22755e-06    
3.99609        4.17283e-06    4.17283e-06    
4.00807        0              0              
4.02005        0              0              
4.03204        4.17283e-06    4.17283e-06    
4.04402        0              0              
4.056          0              0              
4.06798        0              0              
4.07997        0              0              
4.09195        4.17283e-06    4.17283e-06    
4.10393        0              0              
4.11591        0              0              
4.1279         0              0              
4.13988        4.17283e-06    4.17283e-06    
4.15186        0              0              
4.16384        0              0              
4.17582        0              0              
4.18781        4.17283e-06    4.17283e-06    
4.19979        0              0              
4.21177        0              0              
4.22375        0              0              
4.23574        4.17283e-06    4.17283e-06    
4.24772        4.17283e-06    4.17283e-06    
4.2597         0              0              
4.27168        0              0              
4.28367        0              0              
4.29565        0              0              
4.30763        4.17283e-06    4.17283e-06    
4.31961        0              0              
4.33159        0              0              
4.34358        0              0              
4.35556        0              0              
4.36754        0              0              
4.37952        0              0              
4.39151        0              0              
4.40349        0              0              
4.41547        0              0              
4.42745        4.17283e-06    4.17283e-06    
4.43943        0              0              
4.45142        0              0              
4.4634         0              0              
4.47538        0              0              
4.48736        0              0              
4.49935        0              0              
4.51133        0              0              
4.52331        0              0              
4.53529        0              0              
4.54728        0              0              
4.55926        0              0              
4.57124        0              0              
4.58322        0              0              
4.5952         4.17283e-06    4.17283e-06    
4.60719        0              0              
4.61917        0              0              
4.63115        0              0              
4.64313        0              0              
4.65512        0              0              
4.6671         0              0              
4.67908        0              0              
4.69106        0              0              
4.70304        0              0              
4.71503        0              0              
4.72701        0              0              
4.73899        0              0              
4.75097        0              0              
4.76296        0              0              
4.77494        0              0              
4.78692        0              0              
4.7989         0              0              
4.81089        0              0              
4.82287        0              0              
4.83485        0              0              
4.84683        0              0              
4.85881        0              0              
4.8708         0              0              
4.88278        0              0              
4.89476        0              0              
4.90674        0              0              
4.91873        0              0              
4.93071        0              0              
4.94269        0              0              
4.95467        0              0              
4.96666        0              0              
4.97864        0              0              
4.99062        0              0              
5.0026         0              0              
5.01458        0              0              
5.02657        0              0              
5.03855        0              0              
5.05053        0              0              
5.06251        0              0              
5.0745         0              0              
5.08648        0              0              
5.09846        0              0              
5.11044        0              0              
5.12242        0              0              
5.13441        0              0              
5.14639        0              0              
5.15837        0              0              
5.17035        0              0              
5.18234        0              0              
5.19432        0              0              
5.2063         0              0              
5.21828        0              0              
5.23027        0              0              
5.24225        0              0              
5.25423        0              0              
5.26621        0              0              
5.27819        0              0              
5.29018        0              0              
5.30216        0              0              
5.31414        0              0              
5.32612        0              0              
5.33811        0              0              
5.35009        0              0              
5.36207        0              0              
5.37405        0              0              
5.38603        0              0              
5.39802        0              0              
5.41           0              0              
5.42198        0              0              
5.43396        0              0              
5.44595        0              0              
5.45793        0              0              
5.46991        0              0              
5.48189        0              0              
5.49388        0              0              
5.50586        0              0              
5.51784        0              0              
5.52982        0              0              
5.5418         0              0              
5.55379        0              0              
5.56577        0              0              
5.57775        0              0              
5.58973        0              0              
5.60172        0              0              
5.6137         0              0              
5.62568        0              0              
5.63766        0              0              
5.64965        0              0              
5.66163        0              0              
5.67361        0              0              
5.68559        0              0              
5.69757        0              0              
5.70956        0              0              
5.72154        0              0              
5.73352        0              0              
5.7455         0              0              
5.75749        0              0              
5.76947        0              0              
5.78145        0              0              
5.79343        0              0              
5.80541        0              0              
5.8174         0              0              
5.82938        0              0              
5.84136        0              0              
5.85334        0              0              
5.86533        0              0              
5.87731        0              0              
5.88929        0              0              
5.90127        0              0              
5.91326        0              0              
5.92524        0              0              
5.93722        0              0              
5.9492         0              0              
5.96118        0              0              
5.97317        0              0              
5.98515        0              0              
