-2.994         0              0              
-2.982         0              0              
-2.97          0              0              
-2.958         0              0              
-2.946         0              0              
-2.934         0              0              
-2.922         0              0              
-2.91          0              0              
-2.898         0              0              
-2.886         0              0              
-2.874         0              0              
-2.862         0              0              
-2.85          0              0              
-2.838         0              0              
-2.826         0              0              
-2.814         0              0              
-2.802         0              0              
-2.79          0              0              
-2.778         0              0              
-2.766         0              0              
-2.754         0              0              
-2.742         0              0              
-2.73          0              0              
-2.718         0              0              
-2.706         0              0              
-2.694         0              0              
-2.682         0              0              
-2.67          0              0              
-2.658         0              0              
-2.646         0              0              
-2.634         0              0              
-2.622         0              0              
-2.61          0              0              
-2.598         0              0              
-2.586         0              0              
-2.574         0              0              
-2.562         0              0              
-2.55          0              0              
-2.538         0              0              
-2.526         0              0              
-2.514         0              0              
-2.502         0              0              
-2.49          0              0              
-2.478         0              0              
-2.466         0              0              
-2.454         0              0              
-2.442         0              0              
-2.43          0              0              
-2.418         0              0              
-2.406         0              0              
-2.394         0              0              
-2.382         0              0              
-2.37          0              0              
-2.358         0              0              
-2.346         0              0              
-2.334         0              0              
-2.322         0              0              
-2.31          0              0              
-2.298         0              0              
-2.286         0              0              
-2.274         0              0              
-2.262         0              0              
-2.25          0              0              
-2.238         0              0              
-2.226         0              0              
-2.214         0              0              
-2.202         0              0              
-2.19          0              0              
-2.178         0              0              
-2.166         0              0              
-2.154         0              0              
-2.142         0              0              
-2.13          0              0              
-2.118         0              0              
-2.106         0              0              
-2.094         0              0              
-2.082         0              0              
-2.07          0              0              
-2.058         0              0              
-2.046         0              0              
-2.034         0              0              
-2.022         0              0              
-2.01          0              0              
-1.998         0              0              
-1.986         0              0              
-1.974         0              0              
-1.962         0              0              
-1.95          0              0              
-1.938         0              0              
-1.926         0              0              
-1.914         0              0              
-1.902         0              0              
-1.89          0              0              
-1.878         0              0              
-1.866         0              0              
-1.854         0              0              
-1.842         0              0              
-1.83          0              0              
-1.818         0              0              
-1.806         0              0              
-1.794         0              0              
-1.782         0              0              
-1.77          0              0              
-1.758         0              0              
-1.746         0              0              
-1.734         0              0              
-1.722         0              0              
-1.71          0              0              
-1.698         0              0              
-1.686         0              0              
-1.674         0              0              
-1.662         4.16667e-06    4.16667e-06    
-1.65          0              0              
-1.638         0              0              
-1.626         0              0              
-1.614         0              0              
-1.602         0              0              
-1.59          0              0              
-1.578         0              0              
-1.566         4.16667e-06    4.16667e-06    
-1.554         0              0              
-1.542         4.16667e-06    4.16667e-06    
-1.53          0              0              
-1.518         4.16667e-06    4.16667e-06    
-1.506         0              0              
-1.494         0              0              
-1.482         2.08333e-05    9.31695e-06    
-1.47          1.66667e-05    8.33333e-06    
-1.458         1.25e-05       7.21688e-06    
-1.446         4.16667e-05    1.31762e-05    
-1.434         2.91667e-05    1.1024e-05     
-1.422         2.5e-05        1.02062e-05    
-1.41          4.58333e-05    1.38193e-05    
-1.398         3.33333e-05    1.17851e-05    
-1.386         3.75e-05       1.25e-05       
-1.374         5e-05          1.44338e-05    
-1.362         9.58333e-05    1.99826e-05    
-1.35          4.58333e-05    1.38193e-05    
-1.338         6.66667e-05    1.66667e-05    
-1.326         7.08333e-05    1.71796e-05    
-1.314         9.16667e-05    1.95434e-05    
-1.302         0.00015        2.5e-05        
-1.29          0.000125       2.28218e-05    
-1.278         0.000141667    2.42956e-05    
-1.266         0.000216667    3.00462e-05    
-1.254         0.000195833    2.85652e-05    
-1.242         0.0001875      2.79508e-05    
-1.23          0.000295833    3.51089e-05    
-1.218         0.000304167    3.56e-05       
-1.206         0.000341667    3.77307e-05    
-1.194         0.000325       3.67989e-05    
-1.182         0.000391667    4.03972e-05    
-1.17          0.000529167    4.69558e-05    
-1.158         0.000504167    4.58332e-05    
-1.146         0.000520833    4.65846e-05    
-1.134         0.000708333    5.43265e-05    
-1.122         0.000833333    5.89253e-05    
-1.11          0.000866667    6.00922e-05    
-1.098         0.000941667    6.26384e-05    
-1.086         0.00104583     6.6012e-05     
-1.074         0.0010875      6.73141e-05    
-1.062         0.00126667     7.26478e-05    
-1.05          0.00161667     8.2073e-05     
-1.038         0.00162917     8.23897e-05    
-1.026         0.0017875      8.63004e-05    
-1.014         0.00192917     8.96549e-05    
-1.002         0.00206667     9.27949e-05    
-0.99          0.00257917     0.000103664    
-0.978         0.00254167     0.000102908    
-0.966         0.00261667     0.000104415    
-0.954         0.0029         0.000109922    
-0.942         0.003125       0.000114107    
-0.93          0.00363333     0.000123038    
-0.918         0.004125       0.000131098    
-0.906         0.00435        0.000134626    
-0.894         0.0042875      0.000133655    
-0.882         0.0050875      0.000145591    
-0.87          0.00514167     0.000146364    
-0.858         0.00565833     0.000153541    
-0.846         0.00617917     0.000160451    
-0.834         0.00657083     0.000165458    
-0.822         0.00743333     0.000175981    
-0.81          0.00725833     0.000173898    
-0.798         0.00789167     0.000181325    
-0.786         0.00879583     0.00019143     
-0.774         0.00895833     0.00019328     
-0.762         0.0093         0.000196839    
-0.75          0.0104458      0.000208695    
-0.738         0.0114375      0.000218288    
-0.726         0.0117375      0.000221211    
-0.714         0.01265        0.000229566    
-0.702         0.0131292      0.000233872    
-0.69          0.0142         0.000243221    
-0.678         0.0148292      0.00024855     
-0.666         0.0157292      0.000256048    
-0.654         0.0164125      0.00026148     
-0.642         0.017575       0.00027058     
-0.63          0.0184083      0.00027692     
-0.618         0.018875       0.000280407    
-0.606         0.0202042      0.00029017     
-0.594         0.0203708      0.000291363    
-0.582         0.0217917      0.000301289    
-0.57          0.02305        0.000309863    
-0.558         0.0237792      0.000314725    
-0.546         0.0245958      0.000320082    
-0.534         0.0259958      0.000329115    
-0.522         0.0272208      0.000336724    
-0.51          0.0273125      0.000337342    
-0.498         0.0283042      0.000343407    
-0.486         0.0301083      0.000354323    
-0.474         0.030025       0.000353784    
-0.462         0.0317042      0.000363387    
-0.45          0.0325         0.000368013    
-0.438         0.0335708      0.000373928    
-0.426         0.0347167      0.000380436    
-0.414         0.0360375      0.000387461    
-0.402         0.0362875      0.000388891    
-0.39          0.0379417      0.000397646    
-0.378         0.0387417      0.000401812    
-0.366         0.0399792      0.000408087    
-0.354         0.0410208      0.000413449    
-0.342         0.0414833      0.000415687    
-0.33          0.0416292      0.000416417    
-0.318         0.0426083      0.000421282    
-0.306         0.0434708      0.000425644    
-0.294         0.044475       0.000430606    
-0.282         0.0457042      0.000436427    
-0.27          0.0462625      0.000439042    
-0.258         0.0472708      0.000443874    
-0.246         0.0473333      0.000444127    
-0.234         0.0488583      0.00045137     
-0.222         0.049525       0.000454242    
-0.21          0.0498667      0.000455881    
-0.198         0.0504333      0.000458308    
-0.186         0.0509625      0.000460855    
-0.174         0.0515125      0.000463294    
-0.162         0.0526333      0.000468301    
-0.15          0.0526542      0.000468245    
-0.138         0.0531333      0.000470481    
-0.126         0.0529292      0.00046954     
-0.114         0.0532667      0.000471033    
-0.102         0.0538375      0.000473621    
-0.09          0.0547083      0.000477468    
-0.078         0.0556292      0.000481536    
-0.066         0.0548333      0.000477903    
-0.054         0.0556458      0.000481427    
-0.042         0.0550375      0.000478827    
-0.03          0.054725       0.000477686    
-0.018         0.0556667      0.000481553    
-0.006         0.0554125      0.000480526    
0.006          0.0555708      0.000481211    
0.018          0.0559542      0.000482722    
0.03           0.0546792      0.000477377    
0.042          0.0547083      0.000477468    
0.054          0.0543292      0.000475703    
0.066          0.0537667      0.000473346    
0.078          0.0540208      0.000474462    
0.09           0.0545667      0.00047685     
0.102          0.0541667      0.000475101    
0.114          0.0536125      0.000472558    
0.126          0.0534333      0.000471879    
0.138          0.0519417      0.000465255    
0.15           0.0523375      0.000466836    
0.162          0.0522708      0.000466613    
0.174          0.051975       0.000465516    
0.186          0.0502083      0.000457513    
0.198          0.0500292      0.000456584    
0.21           0.049225       0.000452981    
0.222          0.0489167      0.00045137     
0.234          0.0481917      0.000448015    
0.246          0.0479875      0.000447065    
0.258          0.0471         0.000442994    
0.27           0.0460667      0.000438073    
0.282          0.0459083      0.00043736     
0.294          0.0443583      0.0004298      
0.306          0.044075       0.000428466    
0.318          0.0424958      0.000420809    
0.33           0.0417875      0.000417249    
0.342          0.0415958      0.000416292    
0.354          0.040025       0.00040849     
0.366          0.0395917      0.000406276    
0.378          0.0385333      0.000400731    
0.39           0.0373292      0.000394339    
0.402          0.0363667      0.000389181    
0.414          0.0354625      0.00038436     
0.426          0.034875       0.000381347    
0.438          0.0331208      0.000371695    
0.45           0.0324833      0.000367824    
0.462          0.0315792      0.000362719    
0.474          0.0309208      0.00035892     
0.486          0.0289792      0.000347526    
0.498          0.0284958      0.000344568    
0.51           0.0276583      0.000339469    
0.522          0.0268917      0.000334734    
0.534          0.02495        0.000322377    
0.546          0.0247125      0.00032084     
0.558          0.0235         0.000312928    
0.57           0.0222333      0.00030444     
0.582          0.0213083      0.000297988    
0.594          0.0206875      0.000293618    
0.606          0.0198958      0.000287948    
0.618          0.0194417      0.000284584    
0.63           0.0178167      0.000272498    
0.642          0.0171833      0.000267614    
0.654          0.0162         0.000259849    
0.666          0.0153125      0.000252568    
0.678          0.0142792      0.000243898    
0.69           0.0143042      0.000244112    
0.702          0.0136125      0.000238138    
0.714          0.0126708      0.000229754    
0.726          0.01165        0.000220306    
0.738          0.0113792      0.000217731    
0.75           0.010625       0.000210393    
0.762          0.0100083      0.000204197    
0.774          0.00907917     0.000194488    
0.786          0.008825       0.000191747    
0.798          0.00790833     0.000181517    
0.81           0.0077625      0.000179835    
0.822          0.00719583     0.000173147    
0.834          0.00655417     0.000165248    
0.846          0.00579167     0.000155339    
0.858          0.00574167     0.000154667    
0.87           0.00545        0.000150688    
0.882          0.005075       0.000145531    
0.894          0.00448333     0.000136673    
0.906          0.004125       0.000131098    
0.918          0.0039625      0.00012849     
0.93           0.003425       0.000119458    
0.942          0.00307917     0.000113267    
0.954          0.00291667     0.000110238    
0.966          0.00286667     0.000109289    
0.978          0.0027         0.000106064    
0.99           0.0024875      0.000101805    
1.002          0.00214167     9.44637e-05    
1.014          0.00187917     8.84855e-05    
1.026          0.00169167     8.39552e-05    
1.038          0.00164167     8.27052e-05    
1.05           0.00139167     7.6148e-05     
1.062          0.00130417     7.37153e-05    
1.074          0.0012375      7.18065e-05    
1.086          0.00108333     6.7185e-05     
1.098          0.000954167    6.30527e-05    
1.11           0.000879167    6.0524e-05     
1.122          0.000766667    5.65192e-05    
1.134          0.000670833    5.28689e-05    
1.146          0.0005375      4.73241e-05    
1.158          0.0005625      4.84121e-05    
1.17           0.000508333    4.60222e-05    
1.182          0.000479167    4.46824e-05    
1.194          0.0003375      3.74999e-05    
1.206          0.000379167    3.97474e-05    
1.218          0.000316667    3.63241e-05    
1.23           0.000204167    2.91666e-05    
1.242          0.000233333    3.11804e-05    
1.254          0.000208333    2.94627e-05    
1.266          0.000133333    2.35702e-05    
1.278          0.000154167    2.53448e-05    
1.29           0.000125       2.28218e-05    
1.302          0.000145833    2.46503e-05    
1.314          9.58333e-05    1.99826e-05    
1.326          9.16667e-05    1.95434e-05    
1.338          8.75e-05       1.90941e-05    
1.35           6.25e-05       1.61374e-05    
1.362          3.75e-05       1.25e-05       
1.374          2.91667e-05    1.1024e-05     
1.386          3.33333e-05    1.17851e-05    
1.398          2.08333e-05    9.31695e-06    
1.41           3.33333e-05    1.17851e-05    
1.422          2.5e-05        1.02062e-05    
1.434          3.33333e-05    1.17851e-05    
1.446          2.08333e-05    9.31695e-06    
1.458          8.33333e-06    5.89256e-06    
1.47           8.33333e-06    5.89256e-06    
1.482          8.33333e-06    5.89256e-06    
1.494          4.16667e-06    4.16667e-06    
1.506          1.25e-05       7.21688e-06    
1.518          4.16667e-06    4.16667e-06    
1.53           4.16667e-06    4.16667e-06    
1.542          0              0              
1.554          4.16667e-06    4.16667e-06    
1.566          4.16667e-06    4.16667e-06    
1.578          4.16667e-06    4.16667e-06    
1.59           0              0              
1.602          0              0              
1.614          8.33333e-06    5.89256e-06    
1.626          0              0              
1.638          0              0              
1.65           0              0              
1.662          0              0              
1.674          0              0              
1.686          0              0              
1.698          0              0              
1.71           0              0              
1.722          0              0              
1.734          0              0              
1.746          0              0              
1.758          0              0              
1.77           0              0              
1.782          0              0              
1.794          0              0              
1.806          0              0              
1.818          0              0              
1.83           0              0              
1.842          0              0              
1.854          0              0              
1.866          0              0              
1.878          0              0              
1.89           0              0              
1.902          0              0              
1.914          0              0              
1.926          0              0              
1.938          0              0              
1.95           0              0              
1.962          0              0              
1.974          0              0              
1.986          0              0              
1.998          0              0              
2.01           0              0              
2.022          0              0              
2.034          0              0              
2.046          0              0              
2.058          0              0              
2.07           0              0              
2.082          0              0              
2.094          0              0              
2.106          0              0              
2.118          0              0              
2.13           0              0              
2.142          0              0              
2.154          0              0              
2.166          0              0              
2.178          0              0              
2.19           0              0              
2.202          0              0              
2.214          0              0              
2.226          0              0              
2.238          0              0              
2.25           0              0              
2.262          0              0              
2.274          0              0              
2.286          0              0              
2.298          0              0              
2.31           0              0              
2.322          0              0              
2.334          0              0              
2.346          0              0              
2.358          0              0              
2.37           0              0              
2.382          0              0              
2.394          0              0              
2.406          0              0              
2.418          0              0              
2.43           0              0              
2.442          0              0              
2.454          0              0              
2.466          0              0              
2.478          0              0              
2.49           0              0              
2.502          0              0              
2.514          0              0              
2.526          0              0              
2.538          0              0              
2.55           0              0              
2.562          0              0              
2.574          0              0              
2.586          0              0              
2.598          0              0              
2.61           0              0              
2.622          0              0              
2.634          0              0              
2.646          0              0              
2.658          0              0              
2.67           0              0              
2.682          0              0              
2.694          0              0              
2.706          0              0              
2.718          0              0              
2.73           0              0              
2.742          0              0              
2.754          0              0              
2.766          0              0              
2.778          0              0              
2.79           0              0              
2.802          0              0              
2.814          0              0              
2.826          0              0              
2.838          0              0              
2.85           0              0              
2.862          0              0              
2.874          0              0              
2.886          0              0              
2.898          0              0              
2.91           0              0              
2.922          0              0              
2.934          0              0              
2.946          0              0              
2.958          0              0              
2.97           0              0              
2.982          0              0              
2.994          0              0              
