0.005225       0              0              
0.015675       0              0              
0.026125       0              0              
0.036575       0              0              
0.047025       0              0              
0.057475       0              0              
0.067925       0              0              
0.078375       0              0              
0.088825       0              0              
0.099275       0              0              
0.109725       0              0              
0.120175       0              0              
0.130625       0              0              
0.141075       0              0              
0.151525       0              0              
0.161975       0              0              
0.172425       0              0              
0.182875       0              0              
0.193325       0              0              
0.203775       0              0              
0.214225       0              0              
0.224675       0              0              
0.235125       1.43541e-05    8.28732e-06    
0.245575       4.78469e-06    4.78469e-06    
0.256025       4.78469e-06    4.78469e-06    
0.266475       0              0              
0.276925       0              0              
0.287375       0              0              
0.297825       9.56938e-06    6.76657e-06    
0.308275       9.56938e-06    6.76657e-06    
0.318725       4.78469e-06    4.78469e-06    
0.329175       4.78469e-06    4.78469e-06    
0.339625       0              0              
0.350075       4.78469e-06    4.78469e-06    
0.360525       0              0              
0.370975       0              0              
0.381425       4.78469e-06    4.78469e-06    
0.391875       0              0              
0.402325       0              0              
0.412775       4.78469e-06    4.78469e-06    
0.423225       4.78469e-06    4.78469e-06    
0.433675       9.56938e-06    6.76657e-06    
0.444125       1.91388e-05    9.56938e-06    
0.454575       0              0              
0.465025       0              0              
0.475475       0              0              
0.485925       0              0              
0.496375       9.56938e-06    6.76657e-06    
0.506825       9.56938e-06    6.76657e-06    
0.517275       9.56938e-06    6.76657e-06    
0.527725       9.56938e-06    6.76657e-06    
0.538175       9.56938e-06    6.76657e-06    
0.548625       9.56938e-06    6.76657e-06    
0.559075       1.43541e-05    8.28732e-06    
0.569525       0              0              
0.579975       9.56938e-06    6.76657e-06    
0.590425       9.56938e-06    6.76657e-06    
0.600875       9.56938e-06    6.76657e-06    
0.611325       9.56938e-06    6.76657e-06    
0.621775       1.43541e-05    8.28732e-06    
0.632225       1.43541e-05    8.28732e-06    
0.642675       3.82775e-05    1.35331e-05    
0.653125       2.39234e-05    1.06989e-05    
0.663575       1.91388e-05    9.56938e-06    
0.674025       3.34928e-05    1.26591e-05    
0.684475       2.39234e-05    1.06989e-05    
0.694925       2.87081e-05    1.172e-05      
0.705375       9.56938e-06    6.76657e-06    
0.715825       1.43541e-05    8.28732e-06    
0.726275       9.56938e-06    6.76657e-06    
0.736725       1.43541e-05    8.28732e-06    
0.747175       2.39234e-05    1.06989e-05    
0.757625       3.34928e-05    1.26591e-05    
0.768075       1.43541e-05    8.28732e-06    
0.778525       2.39234e-05    1.06989e-05    
0.788975       1.91388e-05    9.56938e-06    
0.799425       4.78469e-06    4.78469e-06    
0.809875       3.34928e-05    1.26591e-05    
0.820325       4.78469e-05    1.51305e-05    
0.830775       3.82775e-05    1.35331e-05    
0.841225       4.78469e-05    1.51305e-05    
0.851675       2.87081e-05    1.172e-05      
0.862125       5.74163e-05    1.65746e-05    
0.872575       2.87081e-05    1.172e-05      
0.883025       2.87081e-05    1.172e-05      
0.893475       4.30622e-05    1.43541e-05    
0.903925       2.39234e-05    1.06989e-05    
0.914375       4.78469e-05    1.51305e-05    
0.924825       7.17703e-05    1.8531e-05     
0.935275       5.74163e-05    1.65746e-05    
0.945725       5.74163e-05    1.65746e-05    
0.956175       4.30622e-05    1.43541e-05    
0.966625       2.87081e-05    1.172e-05      
0.977075       7.17703e-05    1.8531e-05     
0.987525       4.78469e-05    1.51305e-05    
0.997975       3.82775e-05    1.35331e-05    
1.00842        4.78469e-05    1.51305e-05    
1.01887        2.87081e-05    1.172e-05      
1.02933        7.17703e-05    1.8531e-05     
1.03977        7.17703e-05    1.8531e-05     
1.05022        5.74163e-05    1.65746e-05    
1.06068        4.30622e-05    1.43541e-05    
1.07112        2.87081e-05    1.172e-05      
1.08157        5.26316e-05    1.5869e-05     
1.09203        4.78469e-05    1.51305e-05    
1.10247        4.78469e-05    1.51305e-05    
1.11292        9.09091e-05    2.0856e-05     
1.12338        3.34928e-05    1.26591e-05    
1.13382        5.26316e-05    1.5869e-05     
1.14427        2.87081e-05    1.172e-05      
1.15473        8.13397e-05    1.97278e-05    
1.16517        9.09091e-05    2.0856e-05     
1.17562        6.69856e-05    1.79027e-05    
1.18607        6.69856e-05    1.79027e-05    
1.19652        4.78469e-05    1.51305e-05    
1.20697        6.69856e-05    1.79027e-05    
1.21742        7.6555e-05     1.91387e-05    
1.22788        6.2201e-05     1.72514e-05    
1.23832        4.78469e-05    1.51305e-05    
1.24877        5.74163e-05    1.65746e-05    
1.25923        8.61244e-05    2.02997e-05    
1.26967        8.13397e-05    1.97278e-05    
1.28012        8.13397e-05    1.97278e-05    
1.29058        0.000119617    2.39234e-05    
1.30102        0.000105263    2.24422e-05    
1.31147        8.61244e-05    2.02997e-05    
1.32193        7.17703e-05    1.8531e-05     
1.33237        5.74163e-05    1.65746e-05    
1.34282        8.61244e-05    2.02997e-05    
1.35328        0.000105263    2.24422e-05    
1.36372        8.61244e-05    2.02997e-05    
1.37417        9.56938e-05    2.13978e-05    
1.38462        8.61244e-05    2.02997e-05    
1.39507        8.13397e-05    1.97278e-05    
1.40552        7.6555e-05     1.91387e-05    
1.41597        0.000133971    2.53182e-05    
1.42642        6.69856e-05    1.79027e-05    
1.43687        8.61244e-05    2.02997e-05    
1.44732        0.000124402    2.43972e-05    
1.45777        0.000105263    2.24422e-05    
1.46822        5.74163e-05    1.65746e-05    
1.47867        9.56938e-05    2.13978e-05    
1.48913        0.000143541    2.62068e-05    
1.49957        8.13397e-05    1.97278e-05    
1.51002        9.56938e-05    2.13978e-05    
1.52048        8.61244e-05    2.02997e-05    
1.53092        0.000129187    2.4862e-05     
1.54137        0.000100478    2.19262e-05    
1.55183        0.000105263    2.24422e-05    
1.56227        6.69856e-05    1.79027e-05    
1.57272        0.000124402    2.43972e-05    
1.58317        0.000114833    2.34401e-05    
1.59362        0.000119617    2.39234e-05    
1.60407        0.000105263    2.24422e-05    
1.61452        9.09091e-05    2.0856e-05     
1.62497        0.000114833    2.34401e-05    
1.63542        9.56938e-05    2.13978e-05    
1.64587        0.000148325    2.664e-05      
1.65632        0.000124402    2.43972e-05    
1.66677        0.000172249    2.87081e-05    
1.67722        0.000119617    2.39234e-05    
1.68767        0.000100478    2.19262e-05    
1.69812        0.000148325    2.664e-05      
1.70857        0.000119617    2.39234e-05    
1.71902        0.000143541    2.62068e-05    
1.72947        0.000129187    2.4862e-05     
1.73992        0.000162679    2.78993e-05    
1.75038        0.000172249    2.87081e-05    
1.76082        8.13397e-05    1.97278e-05    
1.77127        0.000124402    2.43972e-05    
1.78173        0.00015311     2.70663e-05    
1.79217        0.000177033    2.91041e-05    
1.80262        0.000172249    2.87081e-05    
1.81307        0.000119617    2.39234e-05    
1.82352        0.000119617    2.39234e-05    
1.83397        0.000133971    2.53182e-05    
1.84442        0.000177033    2.91041e-05    
1.85487        0.000167464    2.83066e-05    
1.86532        0.000157895    2.74859e-05    
1.87577        0.000105263    2.24422e-05    
1.88622        0.000129187    2.4862e-05     
1.89667        0.000129187    2.4862e-05     
1.90712        9.56938e-05    2.13978e-05    
1.91757        0.000110048    2.29465e-05    
1.92802        0.000143541    2.62068e-05    
1.93847        0.000119617    2.39234e-05    
1.94892        0.000129187    2.4862e-05     
1.95937        9.56938e-05    2.13978e-05    
1.96982        0.000110048    2.29465e-05    
1.98027        0.000196172    3.06369e-05    
1.99072        0.000148325    2.664e-05      
2.00117        0.000119617    2.39234e-05    
2.01162        0.000105263    2.24422e-05    
2.02207        7.6555e-05     1.91387e-05    
2.03252        0.000105263    2.24422e-05    
2.04297        0.000167464    2.83066e-05    
2.05342        0.000162679    2.78993e-05    
2.06387        0.000172249    2.87081e-05    
2.07432        0.000100478    2.19262e-05    
2.08477        7.17703e-05    1.8531e-05     
2.09522        0.000129187    2.4862e-05     
2.10567        0.000138756    2.57663e-05    
2.11612        0.000110048    2.29465e-05    
2.12657        0.000172249    2.87081e-05    
2.13702        0.000100478    2.19262e-05    
2.14747        0.000138756    2.57663e-05    
2.15792        0.000162679    2.78993e-05    
2.16837        0.000148325    2.664e-05      
2.17882        0.000133971    2.53182e-05    
2.18927        0.000129187    2.4862e-05     
2.19972        0.000129187    2.4862e-05     
2.21017        0.000138756    2.57663e-05    
2.22062        0.000138756    2.57663e-05    
2.23107        0.000196172    3.06369e-05    
2.24152        0.000181818    2.94948e-05    
2.25197        0.000114833    2.34401e-05    
2.26242        0.000105263    2.24422e-05    
2.27287        0.000172249    2.87081e-05    
2.28332        0.000148325    2.664e-05      
2.29377        0.000133971    2.53182e-05    
2.30422        0.000148325    2.664e-05      
2.31467        0.000143541    2.62068e-05    
2.32512        0.000100478    2.19262e-05    
2.33557        0.000143541    2.62068e-05    
2.34602        0.000129187    2.4862e-05     
2.35647        0.000177033    2.91041e-05    
2.36692        0.00015311     2.70663e-05    
2.37737        0.000119617    2.39234e-05    
2.38782        0.000105263    2.24422e-05    
2.39827        0.000162679    2.78993e-05    
2.40872        0.000119617    2.39234e-05    
2.41917        0.000148325    2.664e-05      
2.42962        0.000114833    2.34401e-05    
2.44007        0.000129187    2.4862e-05     
2.45052        0.000167464    2.83066e-05    
2.46097        0.000100478    2.19262e-05    
2.47142        0.000148325    2.664e-05      
2.48187        0.000129187    2.4862e-05     
2.49232        0.00015311     2.70663e-05    
2.50277        0.000119617    2.39234e-05    
2.51322        0.000100478    2.19262e-05    
2.52367        0.000138756    2.57663e-05    
2.53412        0.000129187    2.4862e-05     
2.54457        0.000124402    2.43972e-05    
2.55502        0.000110048    2.29465e-05    
2.56547        0.000100478    2.19262e-05    
2.57592        0.000110048    2.29465e-05    
2.58637        8.13397e-05    1.97278e-05    
2.59682        0.000124402    2.43972e-05    
2.60727        0.000119617    2.39234e-05    
2.61772        0.000129187    2.4862e-05     
2.62817        0.000133971    2.53182e-05    
2.63862        0.00015311     2.70663e-05    
2.64907        0.000114833    2.34401e-05    
2.65952        0.000105263    2.24422e-05    
2.66997        0.000114833    2.34401e-05    
2.68042        0.000105263    2.24422e-05    
2.69087        0.000124402    2.43972e-05    
2.70132        9.56938e-05    2.13978e-05    
2.71177        0.000114833    2.34401e-05    
2.72222        0.000105263    2.24422e-05    
2.73267        8.13397e-05    1.97278e-05    
2.74312        0.000100478    2.19262e-05    
2.75357        0.000105263    2.24422e-05    
2.76402        8.61244e-05    2.02997e-05    
2.77447        0.000143541    2.62068e-05    
2.78492        9.56938e-05    2.13978e-05    
2.79537        0.000119617    2.39234e-05    
2.80582        0.000129187    2.4862e-05     
2.81627        0.000100478    2.19262e-05    
2.82672        0.000100478    2.19262e-05    
2.83717        9.09091e-05    2.0856e-05     
2.84762        0.000129187    2.4862e-05     
2.85807        0.000114833    2.34401e-05    
2.86852        0.000105263    2.24422e-05    
2.87897        8.61244e-05    2.02997e-05    
2.88942        9.56938e-05    2.13978e-05    
2.89987        0.000100478    2.19262e-05    
2.91032        8.61244e-05    2.02997e-05    
2.92077        7.6555e-05     1.91387e-05    
2.93122        9.56938e-05    2.13978e-05    
2.94167        5.26316e-05    1.5869e-05     
2.95212        8.13397e-05    1.97278e-05    
2.96257        0.000110048    2.29465e-05    
2.97302        0.000114833    2.34401e-05    
2.98347        8.13397e-05    1.97278e-05    
2.99392        5.74163e-05    1.65746e-05    
3.00437        8.13397e-05    1.97278e-05    
3.01482        0.000100478    2.19262e-05    
3.02527        7.17703e-05    1.8531e-05     
3.03572        0.000105263    2.24422e-05    
3.04617        8.13397e-05    1.97278e-05    
3.05662        3.34928e-05    1.26591e-05    
3.06707        9.56938e-05    2.13978e-05    
3.07752        8.13397e-05    1.97278e-05    
3.08797        9.09091e-05    2.0856e-05     
3.09842        5.74163e-05    1.65746e-05    
3.10887        7.6555e-05     1.91387e-05    
3.11932        7.17703e-05    1.8531e-05     
3.12977        8.13397e-05    1.97278e-05    
3.14022        7.6555e-05     1.91387e-05    
3.15067        5.26316e-05    1.5869e-05     
3.16112        7.17703e-05    1.8531e-05     
3.17157        6.69856e-05    1.79027e-05    
3.18202        7.17703e-05    1.8531e-05     
3.19247        8.61244e-05    2.02997e-05    
3.20292        6.69856e-05    1.79027e-05    
3.21337        8.13397e-05    1.97278e-05    
3.22382        5.74163e-05    1.65746e-05    
3.23427        6.2201e-05     1.72514e-05    
3.24472        4.78469e-05    1.51305e-05    
3.25517        5.26316e-05    1.5869e-05     
3.26562        3.82775e-05    1.35331e-05    
3.27607        5.26316e-05    1.5869e-05     
3.28652        6.2201e-05     1.72514e-05    
3.29697        0.000100478    2.19262e-05    
3.30742        4.30622e-05    1.43541e-05    
3.31787        7.17703e-05    1.8531e-05     
3.32832        2.39234e-05    1.06989e-05    
3.33877        4.78469e-05    1.51305e-05    
3.34922        4.30622e-05    1.43541e-05    
3.35967        3.82775e-05    1.35331e-05    
3.37012        5.26316e-05    1.5869e-05     
3.38057        5.26316e-05    1.5869e-05     
3.39102        5.74163e-05    1.65746e-05    
3.40147        6.69856e-05    1.79027e-05    
3.41192        6.2201e-05     1.72514e-05    
3.42237        6.69856e-05    1.79027e-05    
3.43282        6.69856e-05    1.79027e-05    
3.44327        1.91388e-05    9.56938e-06    
3.45372        3.82775e-05    1.35331e-05    
3.46417        3.82775e-05    1.35331e-05    
3.47462        3.34928e-05    1.26591e-05    
3.48507        3.34928e-05    1.26591e-05    
3.49552        1.91388e-05    9.56938e-06    
3.50597        6.2201e-05     1.72514e-05    
3.51642        4.30622e-05    1.43541e-05    
3.52687        5.26316e-05    1.5869e-05     
3.53732        7.17703e-05    1.8531e-05     
3.54777        3.34928e-05    1.26591e-05    
3.55822        4.30622e-05    1.43541e-05    
3.56867        4.30622e-05    1.43541e-05    
3.57912        3.82775e-05    1.35331e-05    
3.58957        3.34928e-05    1.26591e-05    
3.60002        3.34928e-05    1.26591e-05    
3.61047        2.87081e-05    1.172e-05      
3.62092        1.43541e-05    8.28732e-06    
3.63137        1.43541e-05    8.28732e-06    
3.64182        1.91388e-05    9.56938e-06    
3.65227        4.30622e-05    1.43541e-05    
3.66272        4.30622e-05    1.43541e-05    
3.67317        3.82775e-05    1.35331e-05    
3.68362        3.34928e-05    1.26591e-05    
3.69407        2.39234e-05    1.06989e-05    
3.70452        3.82775e-05    1.35331e-05    
3.71497        2.87081e-05    1.172e-05      
3.72542        2.87081e-05    1.172e-05      
3.73587        1.91388e-05    9.56938e-06    
3.74632        9.56938e-06    6.76657e-06    
3.75677        4.30622e-05    1.43541e-05    
3.76722        1.91388e-05    9.56938e-06    
3.77767        2.39234e-05    1.06989e-05    
3.78812        9.56938e-06    6.76657e-06    
3.79857        1.43541e-05    8.28732e-06    
3.80902        5.74163e-05    1.65746e-05    
3.81947        3.34928e-05    1.26591e-05    
3.82992        2.39234e-05    1.06989e-05    
3.84037        1.43541e-05    8.28732e-06    
3.85082        3.82775e-05    1.35331e-05    
3.86127        2.87081e-05    1.172e-05      
3.87172        1.43541e-05    8.28732e-06    
3.88217        3.34928e-05    1.26591e-05    
3.89262        1.91388e-05    9.56938e-06    
3.90307        3.82775e-05    1.35331e-05    
3.91352        9.56938e-06    6.76657e-06    
3.92397        9.56938e-06    6.76657e-06    
3.93442        3.34928e-05    1.26591e-05    
3.94487        1.91388e-05    9.56938e-06    
3.95532        1.91388e-05    9.56938e-06    
3.96577        1.43541e-05    8.28732e-06    
3.97622        2.87081e-05    1.172e-05      
3.98667        9.56938e-06    6.76657e-06    
3.99712        1.91388e-05    9.56938e-06    
4.00758        1.43541e-05    8.28732e-06    
4.01802        1.43541e-05    8.28732e-06    
4.02848        4.78469e-05    1.51305e-05    
4.03892        2.87081e-05    1.172e-05      
4.04938        1.43541e-05    8.28732e-06    
4.05983        9.56938e-06    6.76657e-06    
4.07027        0              0              
4.08073        2.39234e-05    1.06989e-05    
4.09117        1.43541e-05    8.28732e-06    
4.10163        9.56938e-06    6.76657e-06    
4.11207        1.43541e-05    8.28732e-06    
4.12252        4.78469e-06    4.78469e-06    
4.13298        0              0              
4.14342        9.56938e-06    6.76657e-06    
4.15388        9.56938e-06    6.76657e-06    
4.16432        1.43541e-05    8.28732e-06    
4.17478        1.91388e-05    9.56938e-06    
4.18522        1.43541e-05    8.28732e-06    
4.19567        4.78469e-06    4.78469e-06    
4.20613        1.91388e-05    9.56938e-06    
4.21657        1.43541e-05    8.28732e-06    
4.22703        2.39234e-05    1.06989e-05    
4.23747        9.56938e-06    6.76657e-06    
4.24792        1.43541e-05    8.28732e-06    
4.25838        2.39234e-05    1.06989e-05    
4.26882        9.56938e-06    6.76657e-06    
4.27928        9.56938e-06    6.76657e-06    
4.28972        9.56938e-06    6.76657e-06    
4.30018        3.34928e-05    1.26591e-05    
4.31062        1.43541e-05    8.28732e-06    
4.32107        9.56938e-06    6.76657e-06    
4.33153        0              0              
4.34197        9.56938e-06    6.76657e-06    
4.35243        2.39234e-05    1.06989e-05    
4.36287        1.91388e-05    9.56938e-06    
4.37333        1.43541e-05    8.28732e-06    
4.38377        9.56938e-06    6.76657e-06    
4.39422        1.43541e-05    8.28732e-06    
4.40468        4.78469e-06    4.78469e-06    
4.41512        4.78469e-06    4.78469e-06    
4.42558        1.43541e-05    8.28732e-06    
4.43602        0              0              
4.44647        4.78469e-06    4.78469e-06    
4.45693        1.43541e-05    8.28732e-06    
4.46737        4.78469e-06    4.78469e-06    
4.47783        1.91388e-05    9.56938e-06    
4.48827        0              0              
4.49873        9.56938e-06    6.76657e-06    
4.50917        1.91388e-05    9.56938e-06    
4.51962        9.56938e-06    6.76657e-06    
4.53008        4.78469e-06    4.78469e-06    
4.54052        9.56938e-06    6.76657e-06    
4.55098        4.78469e-06    4.78469e-06    
4.56142        4.78469e-06    4.78469e-06    
4.57188        4.78469e-06    4.78469e-06    
4.58232        4.78469e-06    4.78469e-06    
4.59277        0              0              
4.60323        0              0              
4.61367        4.78469e-06    4.78469e-06    
4.62413        9.56938e-06    6.76657e-06    
4.63457        0              0              
4.64502        0              0              
4.65548        0              0              
4.66592        0              0              
4.67638        0              0              
4.68682        4.78469e-06    4.78469e-06    
4.69728        0              0              
4.70772        1.43541e-05    8.28732e-06    
4.71817        0              0              
4.72863        0              0              
4.73907        9.56938e-06    6.76657e-06    
4.74953        1.43541e-05    8.28732e-06    
4.75997        4.78469e-06    4.78469e-06    
4.77042        0              0              
4.78087        4.78469e-06    4.78469e-06    
4.79132        0              0              
4.80178        4.78469e-06    4.78469e-06    
4.81222        0              0              
4.82268        4.78469e-06    4.78469e-06    
4.83312        9.56938e-06    6.76657e-06    
4.84357        4.78469e-06    4.78469e-06    
4.85403        4.78469e-06    4.78469e-06    
4.86447        0              0              
4.87493        0              0              
4.88537        4.78469e-06    4.78469e-06    
4.89583        4.78469e-06    4.78469e-06    
4.90627        0              0              
4.91672        0              0              
4.92718        0              0              
4.93762        4.78469e-06    4.78469e-06    
4.94808        0              0              
4.95852        0              0              
4.96897        4.78469e-06    4.78469e-06    
4.97942        0              0              
4.98987        4.78469e-06    4.78469e-06    
5.00033        4.78469e-06    4.78469e-06    
5.01077        0              0              
5.02123        0              0              
5.03167        0              0              
5.04212        0              0              
5.05258        0              0              
5.06302        0              0              
5.07348        4.78469e-06    4.78469e-06    
5.08392        0              0              
5.09438        0              0              
5.10482        4.78469e-06    4.78469e-06    
5.11527        0              0              
5.12573        4.78469e-06    4.78469e-06    
5.13617        0              0              
5.14663        0              0              
5.15707        0              0              
5.16752        0              0              
5.17797        0              0              
5.18842        0              0              
5.19888        0              0              
5.20932        0              0              
5.21978        0              0              
