p (GeV)        dN/dp          error          
0.00480892     0              0              
0.0144268      0              0              
0.0240446      0              0              
0.0336624      0              0              
0.0432803      0              0              
0.0528981      0              0              
0.062516       0              0              
0.0721338      0              0              
0.0817516      0              0              
0.0913695      0              0              
0.100987       0              0              
0.110605       0              0              
0.120223       0              0              
0.129841       0              0              
0.139459       0              0              
0.149077       0              0              
0.158694       0              0              
0.168312       0              0              
0.17793        0              0              
0.187548       0              0              
0.197166       0              0              
0.206784       0              0              
0.216401       5.19867e-06    5.19867e-06    
0.226019       0              0              
0.235637       0              0              
0.245255       0              0              
0.254873       0              0              
0.264491       0              0              
0.274108       5.19867e-06    5.19867e-06    
0.283726       0              0              
0.293344       0              0              
0.302962       0              0              
0.31258        0              0              
0.322198       0              0              
0.331815       5.19867e-06    5.19867e-06    
0.341433       5.19867e-06    5.19867e-06    
0.351051       0              0              
0.360669       0              0              
0.370287       1.03973e-05    7.35203e-06    
0.379905       5.19867e-06    5.19867e-06    
0.389523       0              0              
0.39914        5.19867e-06    5.19867e-06    
0.408758       0              0              
0.418376       5.19867e-06    5.19867e-06    
0.427994       0              0              
0.437612       0              0              
0.44723        0              0              
0.456847       0              0              
0.466465       0              0              
0.476083       1.03973e-05    7.35203e-06    
0.485701       5.19867e-06    5.19867e-06    
0.495319       0              0              
0.504937       5.19867e-06    5.19867e-06    
0.514554       0              0              
0.524172       1.03973e-05    7.35203e-06    
0.53379        0              0              
0.543408       5.19867e-06    5.19867e-06    
0.553026       5.19867e-06    5.19867e-06    
0.562644       0              0              
0.572261       5.19867e-06    5.19867e-06    
0.581879       0              0              
0.591497       1.03973e-05    7.35203e-06    
0.601115       1.03973e-05    7.35203e-06    
0.610733       5.19867e-06    5.19867e-06    
0.620351       1.03973e-05    7.35203e-06    
0.629969       2.59934e-05    1.16246e-05    
0.639586       1.03973e-05    7.35203e-06    
0.649204       1.03973e-05    7.35203e-06    
0.658822       0              0              
0.66844        5.19867e-06    5.19867e-06    
0.678058       5.19867e-06    5.19867e-06    
0.687676       5.19867e-06    5.19867e-06    
0.697293       0              0              
0.706911       5.19867e-06    5.19867e-06    
0.716529       0              0              
0.726147       0              0              
0.735765       1.03973e-05    7.35203e-06    
0.745383       1.03973e-05    7.35203e-06    
0.755          0              0              
0.764618       1.03973e-05    7.35203e-06    
0.774236       1.03973e-05    7.35203e-06    
0.783854       5.19867e-06    5.19867e-06    
0.793472       1.03973e-05    7.35203e-06    
0.80309        2.07947e-05    1.03973e-05    
0.812707       2.07947e-05    1.03973e-05    
0.822325       2.07947e-05    1.03973e-05    
0.831943       0              0              
0.841561       5.19867e-06    5.19867e-06    
0.851179       2.59934e-05    1.16246e-05    
0.860797       0              0              
0.870415       1.5596e-05     9.00436e-06    
0.880032       1.5596e-05     9.00436e-06    
0.88965        5.19867e-06    5.19867e-06    
0.899268       1.5596e-05     9.00436e-06    
0.908886       1.03973e-05    7.35203e-06    
0.918504       0              0              
0.928122       2.07947e-05    1.03973e-05    
0.937739       5.19867e-06    5.19867e-06    
0.947357       1.03973e-05    7.35203e-06    
0.956975       5.19867e-06    5.19867e-06    
0.966593       5.19867e-06    5.19867e-06    
0.976211       1.5596e-05     9.00436e-06    
0.985829       1.5596e-05     9.00436e-06    
0.995446       5.19867e-06    5.19867e-06    
1.00506        1.5596e-05     9.00436e-06    
1.01468        1.03973e-05    7.35203e-06    
1.0243         1.5596e-05     9.00436e-06    
1.03392        1.5596e-05     9.00436e-06    
1.04354        1.03973e-05    7.35203e-06    
1.05315        5.19867e-06    5.19867e-06    
1.06277        5.19867e-06    5.19867e-06    
1.07239        2.07947e-05    1.03973e-05    
1.08201        2.07947e-05    1.03973e-05    
1.09162        5.19867e-06    5.19867e-06    
1.10124        2.59934e-05    1.16246e-05    
1.11086        1.03973e-05    7.35203e-06    
1.12048        2.59934e-05    1.16246e-05    
1.1301         1.5596e-05     9.00436e-06    
1.13971        2.59934e-05    1.16246e-05    
1.14933        2.07947e-05    1.03973e-05    
1.15895        1.5596e-05     9.00436e-06    
1.16857        1.5596e-05     9.00436e-06    
1.17819        3.1192e-05     1.27341e-05    
1.1878         1.5596e-05     9.00436e-06    
1.19742        3.63907e-05    1.37544e-05    
1.20704        2.59934e-05    1.16246e-05    
1.21666        3.1192e-05     1.27341e-05    
1.22627        2.07947e-05    1.03973e-05    
1.23589        2.59934e-05    1.16246e-05    
1.24551        3.63907e-05    1.37544e-05    
1.25513        2.07947e-05    1.03973e-05    
1.26475        2.07947e-05    1.03973e-05    
1.27436        3.63907e-05    1.37544e-05    
1.28398        5.19867e-06    5.19867e-06    
1.2936         3.1192e-05     1.27341e-05    
1.30322        3.1192e-05     1.27341e-05    
1.31284        2.07947e-05    1.03973e-05    
1.32245        2.59934e-05    1.16246e-05    
1.33207        3.1192e-05     1.27341e-05    
1.34169        3.63907e-05    1.37544e-05    
1.35131        3.1192e-05     1.27341e-05    
1.36092        2.07947e-05    1.03973e-05    
1.37054        2.07947e-05    1.03973e-05    
1.38016        2.59934e-05    1.16246e-05    
1.38978        3.63907e-05    1.37544e-05    
1.3994         4.15894e-05    1.47041e-05    
1.40901        6.23841e-05    1.80087e-05    
1.41863        6.23841e-05    1.80087e-05    
1.42825        1.03973e-05    7.35203e-06    
1.43787        1.5596e-05     9.00436e-06    
1.44748        2.59934e-05    1.16246e-05    
1.4571         2.59934e-05    1.16246e-05    
1.46672        5.71854e-05    1.7242e-05     
1.47634        4.15894e-05    1.47041e-05    
1.48596        3.63907e-05    1.37544e-05    
1.49557        5.71854e-05    1.7242e-05     
1.50519        1.5596e-05     9.00436e-06    
1.51481        3.1192e-05     1.27341e-05    
1.52443        4.15894e-05    1.47041e-05    
1.53405        1.5596e-05     9.00436e-06    
1.54366        4.15894e-05    1.47041e-05    
1.55328        2.07947e-05    1.03973e-05    
1.5629         5.19867e-05    1.64396e-05    
1.57252        4.67881e-05    1.5596e-05     
1.58213        2.59934e-05    1.16246e-05    
1.59175        4.67881e-05    1.5596e-05     
1.60137        4.15894e-05    1.47041e-05    
1.61099        3.63907e-05    1.37544e-05    
1.62061        4.67881e-05    1.5596e-05     
1.63022        2.07947e-05    1.03973e-05    
1.63984        3.1192e-05     1.27341e-05    
1.64946        3.1192e-05     1.27341e-05    
1.65908        3.63907e-05    1.37544e-05    
1.6687         5.19867e-05    1.64396e-05    
1.67831        4.15894e-05    1.47041e-05    
1.68793        2.59934e-05    1.16246e-05    
1.69755        5.71854e-05    1.7242e-05     
1.70717        3.1192e-05     1.27341e-05    
1.71678        3.63907e-05    1.37544e-05    
1.7264         3.63907e-05    1.37544e-05    
1.73602        3.63907e-05    1.37544e-05    
1.74564        4.67881e-05    1.5596e-05     
1.75526        5.19867e-05    1.64396e-05    
1.76487        5.19867e-05    1.64396e-05    
1.77449        4.15894e-05    1.47041e-05    
1.78411        3.1192e-05     1.27341e-05    
1.79373        3.1192e-05     1.27341e-05    
1.80335        2.59934e-05    1.16246e-05    
1.81296        3.1192e-05     1.27341e-05    
1.82258        3.1192e-05     1.27341e-05    
1.8322         2.07947e-05    1.03973e-05    
1.84182        3.63907e-05    1.37544e-05    
1.85143        4.67881e-05    1.5596e-05     
1.86105        2.59934e-05    1.16246e-05    
1.87067        8.31788e-05    2.07947e-05    
1.88029        4.15894e-05    1.47041e-05    
1.88991        1.03973e-05    7.35203e-06    
1.89952        2.59934e-05    1.16246e-05    
1.90914        2.07947e-05    1.03973e-05    
1.91876        5.71854e-05    1.7242e-05     
1.92838        4.15894e-05    1.47041e-05    
1.93799        2.59934e-05    1.16246e-05    
1.94761        3.63907e-05    1.37544e-05    
1.95723        3.1192e-05     1.27341e-05    
1.96685        3.63907e-05    1.37544e-05    
1.97647        4.15894e-05    1.47041e-05    
1.98608        4.67881e-05    1.5596e-05     
1.9957         5.19867e-05    1.64396e-05    
2.00532        2.59934e-05    1.16246e-05    
2.01494        3.63907e-05    1.37544e-05    
2.02456        4.15894e-05    1.47041e-05    
2.03417        2.59934e-05    1.16246e-05    
2.04379        3.1192e-05     1.27341e-05    
2.05341        4.15894e-05    1.47041e-05    
2.06303        2.07947e-05    1.03973e-05    
2.07264        2.59934e-05    1.16246e-05    
2.08226        2.07947e-05    1.03973e-05    
2.09188        3.1192e-05     1.27341e-05    
2.1015         1.5596e-05     9.00436e-06    
2.11112        3.63907e-05    1.37544e-05    
2.12073        4.15894e-05    1.47041e-05    
2.13035        4.67881e-05    1.5596e-05     
2.13997        1.03973e-05    7.35203e-06    
2.14959        2.59934e-05    1.16246e-05    
2.15921        3.63907e-05    1.37544e-05    
2.16882        4.67881e-05    1.5596e-05     
2.17844        6.23841e-05    1.80087e-05    
2.18806        1.5596e-05     9.00436e-06    
2.19768        2.59934e-05    1.16246e-05    
2.20729        2.59934e-05    1.16246e-05    
2.21691        2.59934e-05    1.16246e-05    
2.22653        1.5596e-05     9.00436e-06    
2.23615        5.71854e-05    1.7242e-05     
2.24577        3.1192e-05     1.27341e-05    
2.25538        4.15894e-05    1.47041e-05    
2.265          3.1192e-05     1.27341e-05    
2.27462        2.59934e-05    1.16246e-05    
2.28424        4.15894e-05    1.47041e-05    
2.29385        4.15894e-05    1.47041e-05    
2.30347        2.07947e-05    1.03973e-05    
2.31309        3.1192e-05     1.27341e-05    
2.32271        2.59934e-05    1.16246e-05    
2.33233        3.1192e-05     1.27341e-05    
2.34194        1.5596e-05     9.00436e-06    
2.35156        4.15894e-05    1.47041e-05    
2.36118        3.1192e-05     1.27341e-05    
2.3708         4.67881e-05    1.5596e-05     
2.38042        3.63907e-05    1.37544e-05    
2.39003        2.59934e-05    1.16246e-05    
2.39965        1.5596e-05     9.00436e-06    
2.40927        3.63907e-05    1.37544e-05    
2.41889        2.07947e-05    1.03973e-05    
2.4285         3.63907e-05    1.37544e-05    
2.43812        3.1192e-05     1.27341e-05    
2.44774        1.5596e-05     9.00436e-06    
2.45736        3.63907e-05    1.37544e-05    
2.46698        2.59934e-05    1.16246e-05    
2.47659        1.03973e-05    7.35203e-06    
2.48621        3.1192e-05     1.27341e-05    
2.49583        2.59934e-05    1.16246e-05    
2.50545        3.1192e-05     1.27341e-05    
2.51507        3.63907e-05    1.37544e-05    
2.52468        3.1192e-05     1.27341e-05    
2.5343         3.1192e-05     1.27341e-05    
2.54392        3.1192e-05     1.27341e-05    
2.55354        3.63907e-05    1.37544e-05    
2.56315        4.15894e-05    1.47041e-05    
2.57277        1.5596e-05     9.00436e-06    
2.58239        1.03973e-05    7.35203e-06    
2.59201        2.07947e-05    1.03973e-05    
2.60163        1.5596e-05     9.00436e-06    
2.61124        1.5596e-05     9.00436e-06    
2.62086        3.63907e-05    1.37544e-05    
2.63048        2.07947e-05    1.03973e-05    
2.6401         2.59934e-05    1.16246e-05    
2.64971        1.5596e-05     9.00436e-06    
2.65933        5.19867e-06    5.19867e-06    
2.66895        3.1192e-05     1.27341e-05    
2.67857        1.03973e-05    7.35203e-06    
2.68819        3.1192e-05     1.27341e-05    
2.6978         2.59934e-05    1.16246e-05    
2.70742        3.1192e-05     1.27341e-05    
2.71704        1.5596e-05     9.00436e-06    
2.72666        3.1192e-05     1.27341e-05    
2.73628        2.59934e-05    1.16246e-05    
2.74589        3.1192e-05     1.27341e-05    
2.75551        1.5596e-05     9.00436e-06    
2.76513        2.07947e-05    1.03973e-05    
2.77475        5.19867e-06    5.19867e-06    
2.78436        1.03973e-05    7.35203e-06    
2.79398        1.03973e-05    7.35203e-06    
2.8036         1.03973e-05    7.35203e-06    
2.81322        3.63907e-05    1.37544e-05    
2.82284        2.59934e-05    1.16246e-05    
2.83245        2.59934e-05    1.16246e-05    
2.84207        1.5596e-05     9.00436e-06    
2.85169        2.07947e-05    1.03973e-05    
2.86131        1.5596e-05     9.00436e-06    
2.87093        1.03973e-05    7.35203e-06    
2.88054        5.19867e-06    5.19867e-06    
2.89016        3.1192e-05     1.27341e-05    
2.89978        2.07947e-05    1.03973e-05    
2.9094         1.5596e-05     9.00436e-06    
2.91901        2.07947e-05    1.03973e-05    
2.92863        3.1192e-05     1.27341e-05    
2.93825        2.07947e-05    1.03973e-05    
2.94787        1.03973e-05    7.35203e-06    
2.95749        3.63907e-05    1.37544e-05    
2.9671         1.5596e-05     9.00436e-06    
2.97672        1.03973e-05    7.35203e-06    
2.98634        5.19867e-06    5.19867e-06    
2.99596        1.03973e-05    7.35203e-06    
3.00558        2.59934e-05    1.16246e-05    
3.01519        1.03973e-05    7.35203e-06    
3.02481        1.03973e-05    7.35203e-06    
3.03443        0              0              
3.04405        1.03973e-05    7.35203e-06    
3.05366        1.03973e-05    7.35203e-06    
3.06328        1.03973e-05    7.35203e-06    
3.0729         5.19867e-06    5.19867e-06    
3.08252        5.19867e-06    5.19867e-06    
3.09214        2.07947e-05    1.03973e-05    
3.10175        1.03973e-05    7.35203e-06    
3.11137        1.03973e-05    7.35203e-06    
3.12099        5.19867e-06    5.19867e-06    
3.13061        2.07947e-05    1.03973e-05    
3.14022        2.59934e-05    1.16246e-05    
3.14984        5.19867e-06    5.19867e-06    
3.15946        1.03973e-05    7.35203e-06    
3.16908        0              0              
3.1787         1.03973e-05    7.35203e-06    
3.18831        2.07947e-05    1.03973e-05    
3.19793        0              0              
3.20755        2.59934e-05    1.16246e-05    
3.21717        1.5596e-05     9.00436e-06    
3.22679        0              0              
3.2364         1.03973e-05    7.35203e-06    
3.24602        1.03973e-05    7.35203e-06    
3.25564        1.5596e-05     9.00436e-06    
3.26526        3.1192e-05     1.27341e-05    
3.27487        2.07947e-05    1.03973e-05    
3.28449        1.03973e-05    7.35203e-06    
3.29411        2.59934e-05    1.16246e-05    
3.30373        5.19867e-06    5.19867e-06    
3.31335        1.03973e-05    7.35203e-06    
3.32296        5.19867e-06    5.19867e-06    
3.33258        0              0              
3.3422         1.03973e-05    7.35203e-06    
3.35182        5.19867e-06    5.19867e-06    
3.36144        0              0              
3.37105        5.19867e-06    5.19867e-06    
3.38067        1.03973e-05    7.35203e-06    
3.39029        1.03973e-05    7.35203e-06    
3.39991        5.19867e-06    5.19867e-06    
3.40952        0              0              
3.41914        0              0              
3.42876        0              0              
3.43838        0              0              
3.448          5.19867e-06    5.19867e-06    
3.45761        1.03973e-05    7.35203e-06    
3.46723        2.07947e-05    1.03973e-05    
3.47685        1.03973e-05    7.35203e-06    
3.48647        5.19867e-06    5.19867e-06    
3.49608        0              0              
3.5057         1.5596e-05     9.00436e-06    
3.51532        0              0              
3.52494        0              0              
3.53456        1.5596e-05     9.00436e-06    
3.54417        0              0              
3.55379        5.19867e-06    5.19867e-06    
3.56341        5.19867e-06    5.19867e-06    
3.57303        1.03973e-05    7.35203e-06    
3.58265        1.5596e-05     9.00436e-06    
3.59226        5.19867e-06    5.19867e-06    
3.60188        0              0              
3.6115         5.19867e-06    5.19867e-06    
3.62112        0              0              
3.63073        5.19867e-06    5.19867e-06    
3.64035        0              0              
3.64997        5.19867e-06    5.19867e-06    
3.65959        0              0              
3.66921        0              0              
3.67882        0              0              
3.68844        1.03973e-05    7.35203e-06    
3.69806        5.19867e-06    5.19867e-06    
3.70768        5.19867e-06    5.19867e-06    
3.7173         1.03973e-05    7.35203e-06    
3.72691        0              0              
3.73653        0              0              
3.74615        5.19867e-06    5.19867e-06    
3.75577        5.19867e-06    5.19867e-06    
3.76538        0              0              
3.775          0              0              
3.78462        0              0              
3.79424        5.19867e-06    5.19867e-06    
3.80386        0              0              
3.81347        0              0              
3.82309        0              0              
3.83271        0              0              
3.84233        0              0              
3.85194        5.19867e-06    5.19867e-06    
3.86156        0              0              
3.87118        0              0              
3.8808         5.19867e-06    5.19867e-06    
3.89042        5.19867e-06    5.19867e-06    
3.90003        0              0              
3.90965        5.19867e-06    5.19867e-06    
3.91927        0              0              
3.92889        0              0              
3.93851        1.03973e-05    7.35203e-06    
3.94812        5.19867e-06    5.19867e-06    
3.95774        0              0              
3.96736        5.19867e-06    5.19867e-06    
3.97698        5.19867e-06    5.19867e-06    
3.98659        0              0              
3.99621        0              0              
4.00583        0              0              
4.01545        0              0              
4.02507        0              0              
4.03468        5.19867e-06    5.19867e-06    
4.0443         5.19867e-06    5.19867e-06    
4.05392        0              0              
4.06354        1.03973e-05    7.35203e-06    
4.07316        0              0              
4.08277        5.19867e-06    5.19867e-06    
4.09239        5.19867e-06    5.19867e-06    
4.10201        1.03973e-05    7.35203e-06    
4.11163        5.19867e-06    5.19867e-06    
4.12124        0              0              
4.13086        0              0              
4.14048        5.19867e-06    5.19867e-06    
4.1501         0              0              
4.15972        0              0              
4.16933        0              0              
4.17895        0              0              
4.18857        0              0              
4.19819        0              0              
4.20781        0              0              
4.21742        5.19867e-06    5.19867e-06    
4.22704        5.19867e-06    5.19867e-06    
4.23666        0              0              
4.24628        0              0              
4.25589        0              0              
4.26551        0              0              
4.27513        5.19867e-06    5.19867e-06    
4.28475        0              0              
4.29437        0              0              
4.30398        5.19867e-06    5.19867e-06    
4.3136         0              0              
4.32322        0              0              
4.33284        0              0              
4.34245        5.19867e-06    5.19867e-06    
4.35207        0              0              
4.36169        0              0              
4.37131        0              0              
4.38093        0              0              
4.39054        0              0              
4.40016        0              0              
4.40978        0              0              
4.4194         0              0              
4.42902        0              0              
4.43863        0              0              
4.44825        5.19867e-06    5.19867e-06    
4.45787        0              0              
4.46749        5.19867e-06    5.19867e-06    
4.4771         0              0              
4.48672        0              0              
4.49634        0              0              
4.50596        0              0              
4.51558        0              0              
4.52519        0              0              
4.53481        5.19867e-06    5.19867e-06    
4.54443        0              0              
4.55405        5.19867e-06    5.19867e-06    
4.56367        0              0              
4.57328        0              0              
4.5829         5.19867e-06    5.19867e-06    
4.59252        0              0              
4.60214        0              0              
4.61175        0              0              
4.62137        5.19867e-06    5.19867e-06    
4.63099        0              0              
4.64061        0              0              
4.65023        0              0              
4.65984        0              0              
4.66946        0              0              
4.67908        0              0              
4.6887         0              0              
4.69831        5.19867e-06    5.19867e-06    
4.70793        0              0              
4.71755        0              0              
4.72717        0              0              
4.73679        0              0              
4.7464         0              0              
4.75602        0              0              
4.76564        0              0              
4.77526        0              0              
4.78488        0              0              
4.79449        0              0              
4.80411        0              0              
