pT (GeV)       dN/dpt         error          
0.00393827     0.0343679      0.000467192    
0.0118148      0.103078       0.000808632    
0.0196914      0.17123        0.00104264     
0.0275679      0.240645       0.00123583     
0.0354444      0.308955       0.00140064     
0.043321       0.375628       0.00154408     
0.0511975      0.447004       0.00168453     
0.0590741      0.5123         0.00180398     
0.0669506      0.578401       0.00191552     
0.0748272      0.643671       0.00202126     
0.0827037      0.712362       0.00212663     
0.0905803      0.778654       0.00222351     
0.0984568      0.840267       0.00230952     
0.106333       0.911212       0.002405       
0.11421        0.973054       0.00248496     
0.122086       1.0373         0.00256612     
0.129963       1.09871        0.00264121     
0.13784        1.15751        0.00271052     
0.145716       1.21673        0.0027796      
0.153593       1.28113        0.00285184     
0.161469       1.34122        0.00291693     
0.169346       1.39852        0.00298001     
0.177222       1.45353        0.00303782     
0.185099       1.50703        0.00309288     
0.192975       1.56426        0.00315055     
0.200852       1.61175        0.00319889     
0.208728       1.67157        0.00325746     
0.216605       1.7238         0.00330801     
0.224482       1.7729         0.00335483     
0.232358       1.82859        0.00340666     
0.240235       1.86947        0.00344496     
0.248111       1.92138        0.00349211     
0.255988       1.96397        0.00353081     
0.263864       2.00813        0.0035708      
0.271741       2.05044        0.00360785     
0.279617       2.09044        0.00364225     
0.287494       2.13394        0.00368059     
0.29537        2.17284        0.00371325     
0.303247       2.20295        0.00373907     
0.311123       2.24214        0.00377224     
0.319          2.27474        0.00379986     
0.326877       2.31232        0.00383073     
0.334753       2.34803        0.00386152     
0.34263        2.3762         0.00388338     
0.350506       2.40132        0.00390472     
0.358383       2.43299        0.00392936     
0.366259       2.45686        0.00394911     
0.374136       2.48904        0.00397535     
0.382012       2.51525        0.00399514     
0.389889       2.53764        0.00401355     
0.397765       2.56351        0.004035       
0.405642       2.57662        0.00404422     
0.413519       2.59958        0.00406263     
0.421395       2.61365        0.00407249     
0.429272       2.62994        0.0040848      
0.437148       2.64858        0.00409969     
0.445025       2.65857        0.00410876     
0.452901       2.67609        0.00412042     
0.460778       2.68535        0.00412885     
0.468654       2.69512        0.00413593     
0.476531       2.70624        0.00414521     
0.484407       2.71317        0.00415001     
0.492284       2.71837        0.00415449     
0.500161       2.7239         0.00415859     
0.508037       2.73366        0.00416583     
0.515914       2.73072        0.00416389     
0.52379        2.7335         0.00416526     
0.531667       2.73861        0.00416995     
0.539543       2.73076        0.00416274     
0.54742        2.73435        0.00416665     
0.555296       2.73199        0.00416476     
0.563173       2.72946        0.00416339     
0.571049       2.72618        0.00415887     
0.578926       2.71375        0.00415097     
0.586803       2.71156        0.0041501      
0.594679       2.70551        0.0041431      
0.602556       2.70266        0.00414257     
0.610432       2.6985         0.00413824     
0.618309       2.68009        0.0041243      
0.626185       2.67008        0.00411733     
0.634062       2.66347        0.00411165     
0.641938       2.64935        0.00409953     
0.649815       2.63277        0.00408856     
0.657691       2.62363        0.00408038     
0.665568       2.61127        0.00407147     
0.673445       2.59517        0.00405816     
0.681321       2.59096        0.00405573     
0.689198       2.56679        0.00403629     
0.697074       2.55487        0.00402771     
0.704951       2.53713        0.00401201     
0.712827       2.51343        0.00399424     
0.720704       2.49868        0.00398259     
0.72858        2.48215        0.0039688      
0.736457       2.46771        0.00395838     
0.744333       2.44342        0.00393777     
0.75221        2.42239        0.00392131     
0.760086       2.41233        0.00391494     
0.767963       2.38306        0.00388782     
0.77584        2.36379        0.00387387     
0.783716       2.34976        0.00386179     
0.791593       2.32106        0.00383868     
0.799469       2.30533        0.00382607     
0.807346       2.28671        0.00380951     
0.815222       2.26334        0.00378966     
0.823099       2.23692        0.00376766     
0.830975       2.21786        0.00375243     
0.838852       2.18675        0.00372533     
0.846728       2.17461        0.00371559     
0.854605       2.14943        0.00369382     
0.862482       2.12323        0.00367062     
0.870358       2.10041        0.00365132     
0.878235       2.07726        0.00363075     
0.886111       2.05534        0.00361085     
0.893988       2.02937        0.00358909     
0.901864       2.00867        0.00357146     
0.909741       1.98668        0.00354995     
0.917617       1.96444        0.00353183     
0.925494       1.93473        0.00350412     
0.93337        1.91386        0.00348576     
0.941247       1.89388        0.00346764     
0.949124       1.86561        0.0034409      
0.957          1.84199        0.00341947     
0.964877       1.82063        0.00340052     
0.972753       1.78955        0.00337054     
0.98063        1.76245        0.00334456     
0.988506       1.74683        0.0033303      
0.996383       1.72309        0.00330732     
1.00426        1.69867        0.00328404     
1.01214        1.67643        0.00326251     
1.02001        1.65999        0.00324559     
1.02789        1.63234        0.00321904     
1.03577        1.60376        0.00319122     
1.04364        1.58815        0.00317499     
1.05152        1.56317        0.0031497      
1.0594         1.54346        0.00312899     
1.06727        1.51665        0.00310337     
1.07515        1.49959        0.00308559     
1.08302        1.46628        0.00305068     
1.0909         1.4521         0.00303633     
1.09878        1.43119        0.00301495     
1.10665        1.40598        0.00298689     
1.11453        1.38596        0.00296527     
1.12241        1.36528        0.00294369     
1.13028        1.34254        0.00291918     
1.13816        1.3226         0.00289746     
1.14604        1.29981        0.00287214     
1.15391        1.2801         0.00285057     
1.16179        1.26024        0.00282823     
1.16967        1.241          0.00280696     
1.17754        1.22007        0.00278238     
1.18542        1.19831        0.00275833     
1.1933         1.17984        0.00273674     
1.20117        1.16254        0.00271662     
1.20905        1.14359        0.00269366     
1.21693        1.12145        0.00266863     
1.2248         1.10586        0.0026494      
1.23268        1.08795        0.0026278      
1.24056        1.06608        0.00260197     
1.24843        1.05256        0.00258515     
1.25631        1.0324         0.00256071     
1.26419        1.01769        0.00254181     
1.27206        0.992745       0.00251027     
1.27994        0.976837       0.0024901      
1.28781        0.958034       0.00246637     
1.29569        0.947351       0.00245228     
1.30357        0.922568       0.00242017     
1.31144        0.914297       0.00240897     
1.31932        0.893799       0.00238213     
1.3272         0.87607        0.00235804     
1.33507        0.856543       0.00233189     
1.34295        0.846101       0.00231751     
1.35083        0.832192       0.00229841     
1.3587         0.815891       0.0022762      
1.36658        0.807042       0.0022636      
1.37446        0.784608       0.00223185     
1.38233        0.769436       0.00220998     
1.39021        0.758162       0.00219433     
1.39809        0.742312       0.00217042     
1.40596        0.730752       0.00215365     
1.41384        0.713054       0.00212752     
1.42172        0.70371        0.00211359     
1.42959        0.691941       0.00209583     
1.43747        0.677575       0.00207383     
1.44535        0.662645       0.00205111     
1.45322        0.647327       0.00202738     
1.4611         0.638402       0.00201266     
1.46898        0.625903       0.00199301     
1.47685        0.609969       0.00196774     
1.48473        0.601209       0.00195332     
1.49261        0.592804       0.00193977     
1.50048        0.575951       0.00191225     
1.50836        0.566517       0.00189595     
1.51623        0.553752       0.00187471     
1.52411        0.542744       0.00185636     
1.53199        0.532823       0.00183907     
1.53986        0.525681       0.00182687     
1.54774        0.510865       0.00180098     
1.55562        0.501267       0.00178376     
1.56349        0.493091       0.00176897     
1.57137        0.480782       0.00174719     
1.57925        0.470593       0.00172858     
1.58712        0.461903       0.00171251     
1.595          0.456215       0.00170213     
1.60288        0.445944       0.00168274     
1.61075        0.435775       0.00166324     
1.61863        0.428132       0.00164864     
1.62651        0.417842       0.00162895     
1.63438        0.410243       0.00161385     
1.64226        0.401801       0.00159698     
1.65014        0.391365       0.00157619     
1.65801        0.382052       0.00155739     
1.66589        0.37406        0.00154111     
1.67377        0.36549        0.00152349     
1.68164        0.359168       0.00151041     
1.68952        0.353937       0.00149891     
1.6974         0.345031       0.00148017     
1.70527        0.34006        0.0014689      
1.71315        0.332056       0.00145229     
1.72102        0.322934       0.00143175     
1.7289         0.316579       0.00141744     
1.73678        0.310898       0.00140555     
1.74465        0.303896       0.00138912     
1.75253        0.295726       0.00137001     
1.76041        0.291822       0.00136148     
1.76828        0.285093       0.00134511     
1.77616        0.277895       0.00132785     
1.78404        0.275889       0.00132368     
1.79191        0.267408       0.00130312     
1.79979        0.260362       0.00128591     
1.80767        0.255144       0.00127232     
1.81554        0.24865        0.00125631     
1.82342        0.242905       0.00124203     
1.8313         0.239909       0.00123434     
1.83917        0.234214       0.00121953     
1.84705        0.228819       0.00120496     
1.85493        0.223835       0.00119205     
1.8628         0.217672       0.00117558     
1.87068        0.214256       0.00116618     
1.87856        0.208194       0.0011499      
1.88643        0.206861       0.00114559     
1.89431        0.198387       0.00112216     
1.90219        0.195485       0.00111406     
1.91006        0.192813       0.00110589     
1.91794        0.188262       0.00109309     
1.92582        0.182275       0.00107584     
1.93369        0.179743       0.00106859     
1.94157        0.176023       0.00105698     
1.94944        0.171814       0.00104418     
1.95732        0.16732        0.00103051     
1.9652         0.163098       0.00101738     
1.97307        0.161283       0.00101171     
1.98095        0.155487       0.00099341     
1.98883        0.153659       0.00098777     
1.9967         0.149266       0.000973587    
2.00458        0.1462         0.000963437    
2.01246        0.144054       0.000956359    
2.02033        0.138328       0.000936991    
2.02821        0.137052       0.000932841    
2.03609        0.132457       0.000916841    
2.04396        0.12974        0.000907361    
2.05184        0.126966       0.000897715    
2.05972        0.124103       0.00088751     
2.06759        0.120859       0.000876039    
2.07547        0.119043       0.000869217    
2.08335        0.115019       0.000854469    
2.09122        0.114136       0.000851333    
2.0991         0.110416       0.00083723     
2.10698        0.108214       0.000828852    
2.11485        0.105281       0.000817563    
2.12273        0.102659       0.000807737    
2.13061        0.100545       0.000798846    
2.13848        0.098641       0.000791256    
2.14636        0.0958288      0.000779911    
2.15423        0.0944513      0.00077445     
2.16211        0.0918106      0.000763672    
2.16999        0.0885223      0.000749685    
2.17786        0.0876019      0.000745622    
2.18574        0.08432        0.000731647    
2.19362        0.0835773      0.000728312    
2.20149        0.0818887      0.000720925    
2.20937        0.0797367      0.000711626    
2.21725        0.0781878      0.000704407    
2.22512        0.0759724      0.000694365    
2.233          0.0745124      0.000687667    
2.24088        0.0719859      0.000676157    
2.24875        0.0709639      0.000671108    
2.25663        0.067974       0.000656953    
2.26451        0.0678724      0.00065634     
2.27238        0.0657014      0.000645705    
2.28026        0.0640319      0.00063758     
2.28814        0.0624766      0.000629926    
2.29601        0.0614927      0.000625018    
2.30389        0.0602231      0.000618283    
2.31177        0.0572459      0.000603088    
2.31964        0.0585853      0.000609825    
2.32752        0.0548464      0.000590335    
2.3354         0.05484        0.000589892    
2.34327        0.0533419      0.00058192     
2.35115        0.0523199      0.000576254    
2.35902        0.0502695      0.000564785    
2.3669         0.048873       0.000556888    
2.37478        0.0471654      0.000547076    
2.38265        0.0472034      0.000547592    
2.39053        0.0462639      0.000541974    
2.39841        0.0451594      0.000535321    
2.40628        0.0434137      0.000524952    
2.41416        0.0423409      0.000518352    
2.42204        0.0413824      0.00051261     
2.42991        0.0407793      0.000508944    
2.43779        0.0392304      0.000499117    
2.44567        0.0382147      0.000492456    
2.45354        0.0380878      0.000491801    
2.46142        0.0367357      0.000483085    
2.4693         0.0362532      0.000479654    
2.47717        0.0353518      0.000473825    
2.48505        0.0345012      0.000467924    
2.49293        0.0340314      0.000464728    
2.5008         0.0321524      0.00045172     
2.50868        0.0319176      0.000450157    
2.51656        0.0303306      0.000438738    
2.52443        0.0304639      0.000439701    
2.53231        0.0298545      0.000435375    
2.54019        0.0286674      0.000426542    
2.54806        0.0284262      0.000424839    
2.55594        0.02762        0.000418679    
2.56382        0.0270487      0.000414328    
2.57169        0.025887       0.000405434    
2.57957        0.0253157      0.000400838    
2.58744        0.0247253      0.000396137    
2.59532        0.0241032      0.000391226    
2.6032         0.0237223      0.000388021    
2.61107        0.023005       0.000382111    
2.61895        0.0221734      0.000375142    
2.62683        0.0213038      0.000367713    
2.6347         0.0213482      0.000368096    
2.64258        0.0207705      0.000363194    
2.65046        0.021253       0.000367274    
2.65833        0.0200532      0.000356759    
2.66621        0.0193168      0.000350148    
2.67409        0.0191962      0.000349054    
2.68196        0.0184916      0.000342589    
2.68984        0.0180346      0.000338329    
2.69772        0.0173363      0.000331715    
2.70559        0.0173807      0.00033214     
2.71347        0.0165999      0.000324595    
2.72135        0.0158445      0.000317124    
2.72922        0.0160096      0.000318771    
2.7371         0.0155208      0.000313996    
2.74498        0.0150383      0.000308952    
2.75285        0.0153748      0.000312389    
2.76073        0.0146321      0.000304751    
2.76861        0.0135212      0.000292955    
2.77648        0.0135592      0.000293367    
2.78436        0.0132292      0.000289775    
2.79223        0.0124991      0.000281667    
2.80011        0.0129752      0.000286981    
2.80799        0.0121817      0.000278068    
2.81586        0.0122262      0.000278575    
2.82374        0.0119596      0.000275667    
2.83162        0.0111915      0.000266527    
2.83949        0.0105059      0.000258235    
2.84737        0.0107281      0.000260951    
2.85525        0.0103154      0.000255884    
2.86312        0.00999804     0.000251917    
2.871          0.00994726     0.000251276    
2.87888        0.00964255     0.000247398    
2.88675        0.00953464     0.00024601     
2.89463        0.00971238     0.000248292    
2.90251        0.00905854     0.00023979     
2.91038        0.00898871     0.000238864    
2.91826        0.00844914     0.000231584    
2.92614        0.00830313     0.000229575    
2.93401        0.00815713     0.000227547    
2.94189        0.0077826      0.000222263    
2.94977        0.00764929     0.000220351    
2.95764        0.00801113     0.000225502    
2.96552        0.0073319      0.000215731    
2.9734         0.00720494     0.000213855    
2.98127        0.00697641     0.000210437    
2.98915        0.00675423     0.000207059    
2.99702        0.00683041     0.000208223    
3.0049         0.00618291     0.000198109    
3.01278        0.00636066     0.000200936    
3.02065        0.00651301     0.000203328    
3.02853        0.00585917     0.000192852    
3.03641        0.00628448     0.000199931    
3.04428        0.00580838     0.000192015    
3.05216        0.00572586     0.000190646    
3.06004        0.00547829     0.000186479    
3.06791        0.00507837     0.000179544    
3.07579        0.00524342     0.000182438    
3.08367        0.00502124     0.000178531    
3.09154        0.0051482      0.000180774    
3.09942        0.0049768      0.000177739    
3.1073         0.00455784     0.000170094    
3.11517        0.0045007      0.000169025    
3.12305        0.00422139     0.000163696    
3.13093        0.00411348     0.00016159     
3.1388         0.00426583     0.000164555    
3.14668        0.0040627      0.00016059     
3.15456        0.0037326      0.000153928    
3.16243        0.00384052     0.000156137    
3.17031        0.00380243     0.000155361    
3.17819        0.0037326      0.000153928    
3.18606        0.00356121     0.000150352    
3.19394        0.00371991     0.000153666    
3.20182        0.00349773     0.000149006    
3.20969        0.00321842     0.000142933    
3.21757        0.00319937     0.00014251     
3.22544        0.00344694     0.00014792     
3.23332        0.00300259     0.000138057    
3.2412         0.0031105      0.000140516    
3.24907        0.00267884     0.000130403    
3.25695        0.00282484     0.000133909    
3.26483        0.00278041     0.000132852    
3.2727         0.00273597     0.000131786    
3.28058        0.00262806     0.000129161    
3.28846        0.00246936     0.0001252      
3.29633        0.00244397     0.000124555    
3.30421        0.00247571     0.000125361    
3.31209        0.00254553     0.000127117    
3.31996        0.00219639     0.000118078    
3.32784        0.00223448     0.000119097    
3.33572        0.00219005     0.000117907    
3.34359        0.00208848     0.000115141    
3.35147        0.0023424      0.000121939    
3.35935        0.002171       0.000117393    
3.36722        0.00188534     0.000109398    
3.3751         0.0020377      0.000113732    
3.38298        0.00178378     0.00010641     
3.39085        0.0017203      0.0001045      
3.39873        0.00180282     0.000106977    
3.40661        0.00168221     0.000103337    
3.41448        0.00177743     0.000106221    
3.42236        0.0017076      0.000104114    
3.43023        0.00153621     9.87505e-05    
3.43811        0.00153621     9.87505e-05    
3.44599        0.00149812     9.75187e-05    
3.45386        0.00132038     9.15511e-05    
3.46174        0.00151716     9.81365e-05    
3.46962        0.00147273     9.66887e-05    
3.47749        0.00130768     9.11099e-05    
3.48537        0.00118072     8.65743e-05    
3.49325        0.00121881     8.79595e-05    
3.50112        0.00128864     9.04441e-05    
3.509          0.00112359     8.44538e-05    
3.51688        0.00119976     8.72696e-05    
3.52475        0.00125055     8.90975e-05    
3.53263        0.00114898     8.54027e-05    
3.54051        0.00106646     8.22786e-05    
3.54838        0.00114898     8.54027e-05    
3.55626        0.00096489     7.82626e-05    
3.56414        0.00104741     8.15407e-05    
3.57201        0.00116802     8.61075e-05    
3.57989        0.00113629     8.49296e-05    
3.58777        0.00104741     8.15407e-05    
3.59564        0.000888715    7.51098e-05    
3.60352        0.000888715    7.51098e-05    
3.6114         0.000831583    7.26555e-05    
3.61927        0.000863323    7.40291e-05    
3.62715        0.000806191    7.15377e-05    
3.63503        0.000882367    7.48411e-05    
3.6429         0.000863323    7.40291e-05    
3.65078        0.000660188    6.47366e-05    
3.65865        0.000768103    6.98274e-05    
3.66653        0.000863323    7.40291e-05    
3.67441        0.000793495    7.09721e-05    
3.68228        0.000749059    6.89563e-05    
3.69016        0.0006221      6.28415e-05    
3.69804        0.000634796    6.34795e-05    
3.70591        0.000647492    6.41111e-05    
3.71379        0.00065384     6.44246e-05    
3.72167        0.000564969    5.98864e-05    
3.72954        0.000507837    5.67778e-05    
3.73742        0.000742712    6.86635e-05    
3.7453         0.000609404    6.21969e-05    
3.75317        0.000564969    5.98864e-05    
3.76105        0.000438009    5.273e-05      
3.76893        0.000514185    5.71315e-05    
3.7768         0.000482445    5.53401e-05    
3.78468        0.000571317    6.02219e-05    
3.79256        0.000514185    5.71315e-05    
3.80043        0.000469749    5.46071e-05    
3.80831        0.000463401    5.42369e-05    
3.81619        0.000330094    4.57757e-05    
3.82406        0.000444357    5.31108e-05    
3.83194        0.000387226    4.95791e-05    
3.83982        0.000380878    4.9171e-05     
3.84769        0.000380878    4.9171e-05     
3.85557        0.000304702    4.39799e-05    
3.86344        0.000425313    5.19602e-05    
3.87132        0.000361834    4.7926e-05     
3.8792         0.000330094    4.57757e-05    
3.88707        0.000418965    5.1571e-05     
3.89495        0.00031105     4.44357e-05    
3.90283        0.000501489    5.64218e-05    
3.9107         0.000304702    4.39799e-05    
3.91858        0.00027931     4.21076e-05    
3.92646        0.000317398    4.48868e-05    
3.93433        0.000215831    3.70146e-05    
