pT (GeV)       dN/dpt         error          
0.00487561     0.000153827    2.80848e-05    
0.0146268      0.000415333    4.6148e-05     
0.024378       0.000635818    5.7098e-05     
0.0341293      0.000784517    6.34242e-05    
0.0438805      0.00108704     7.46581e-05    
0.0536317      0.00155878     8.94014e-05    
0.0633829      0.00176388     9.51013e-05    
0.0731341      0.00192284     9.92939e-05    
0.0828854      0.00218947     0.000105955    
0.0926366      0.00246123     0.000112338    
0.102388       0.00271761     0.000118044    
0.112139       0.00296373     0.000123273    
0.12189        0.00337394     0.000131528    
0.131641       0.00340983     0.000132225    
0.141393       0.00396361     0.000142558    
0.151144       0.00406103     0.0001443      
0.160895       0.00439945     0.000150192    
0.170646       0.00472249     0.000155608    
0.180398       0.00480965     0.000157037    
0.190149       0.00490195     0.000158537    
0.1999         0.00523011     0.000163757    
0.209651       0.00567109     0.000170521    
0.219402       0.00590183     0.000173955    
0.229154       0.00611718     0.0001771      
0.238905       0.00592746     0.000174483    
0.248656       0.0066966      0.000185297    
0.258407       0.00654277     0.000183157    
0.268159       0.00696836     0.000189019    
0.27791        0.0074606      0.000195581    
0.287661       0.0077016      0.000198715    
0.297412       0.00762981     0.000197786    
0.307163       0.0084092      0.000207642    
0.316915       0.00839895     0.000207515    
0.326666       0.0083528      0.000206945    
0.336417       0.00893222     0.000214001    
0.346168       0.00909117     0.000215897    
0.35592        0.00954752     0.000221249    
0.365671       0.0095424      0.000221308    
0.375422       0.00978852     0.000224023    
0.385173       0.00960905     0.00022196     
0.394924       0.00983467     0.000224551    
0.404676       0.0106089      0.000233222    
0.414427       0.0107166      0.000234402    
0.424178       0.0105884      0.000232996    
0.433929       0.0111114      0.000238681    
0.443681       0.011455       0.00024245     
0.453432       0.011655       0.000244448    
0.463183       0.0117421      0.000245467    
0.472934       0.0118498      0.000246482    
0.482685       0.0121882      0.000249977    
0.492437       0.0125779      0.000253941    
0.502188       0.0123626      0.000251758    
0.511939       0.012542       0.000253579    
0.52169        0.0124856      0.000253008    
0.531441       0.0127881      0.000256054    
0.541193       0.0131368      0.000259521    
0.550944       0.0132753      0.000260885    
0.560695       0.013588       0.00026404     
0.570446       0.013706       0.000265083    
0.580198       0.0136957      0.000264984    
0.589949       0.0142905      0.000270773    
0.5997         0.0140444      0.000268335    
0.609451       0.0141675      0.000269508    
0.619202       0.0140444      0.000268335    
0.628954       0.0141111      0.000268971    
0.638705       0.0147981      0.000275441    
0.648456       0.0147417      0.000274915    
0.658207       0.0151622      0.000278902    
0.667959       0.0144649      0.000272322    
0.67771        0.0151878      0.000279137    
0.687461       0.015475       0.000281762    
0.697212       0.0152699      0.00027989     
0.706963       0.015475       0.000281762    
0.716715       0.0160031      0.000286434    
0.726466       0.0155314      0.000282181    
0.736217       0.0162339      0.000288491    
0.745968       0.0158749      0.000285284    
0.75572        0.016239       0.000288536    
0.765471       0.0159877      0.000286296    
0.775222       0.0162492      0.000288628    
0.784973       0.01608        0.000287121    
0.794724       0.016562       0.000291392    
0.804476       0.01628        0.000288901    
0.814227       0.0161928      0.000288126    
0.823978       0.0166389      0.000292067    
0.833729       0.0164595      0.000290488    
0.843481       0.0168543      0.000293951    
0.853232       0.016844       0.000293862    
0.862983       0.016921       0.000294532    
0.872734       0.0172132      0.000297064    
0.882485       0.016921       0.000294532    
0.892237       0.0171876      0.000296843    
0.901988       0.0171312      0.000296356    
0.911739       0.0165364      0.000291256    
0.92149        0.0170645      0.000295867    
0.931242       0.0167466      0.000293011    
0.940993       0.0171876      0.000296843    
0.950744       0.0168851      0.000294309    
0.960495       0.0169774      0.000295111    
0.970246       0.0169876      0.000295111    
0.979998       0.0165261      0.000291076    
0.989749       0.0167518      0.000293145    
0.9995         0.0169107      0.000294443    
1.00925        0.0165723      0.000291482    
1.019          0.0168184      0.000293638    
1.02875        0.0173107      0.000297904    
1.0385         0.0163672      0.000289673    
1.04826        0.0168953      0.000294309    
1.05801        0.0166595      0.000292247    
1.06776        0.0169569      0.000294933    
1.07751        0.0163672      0.000289673    
1.08726        0.0168697      0.000294085    
1.09701        0.0167466      0.000293011    
1.10676        0.0164185      0.000290217    
1.11651        0.0164338      0.000290353    
1.12627        0.0159211      0.000285699    
1.13602        0.0166646      0.000292292    
1.14577        0.0158801      0.00028533     
1.15552        0.0165672      0.000291617    
1.16527        0.0163672      0.000289673    
1.17502        0.0154545      0.000281575    
1.18477        0.0162031      0.000288217    
1.19452        0.0157519      0.000284177    
1.20428        0.0158339      0.000284916    
1.21403        0.0154391      0.000281341    
1.22378        0.0156852      0.000283575    
1.23353        0.0154186      0.000281155    
1.24328        0.0155416      0.000282274    
1.25303        0.0153109      0.000280171    
1.26278        0.0149622      0.000276963    
1.27253        0.015234       0.000279467    
1.28229        0.0145777      0.000273381    
1.29204        0.0149622      0.000276963    
1.30179        0.014711       0.000274628    
1.31154        0.0145879      0.000273477    
1.32129        0.0146802      0.000274341    
1.33104        0.0148648      0.00027606     
1.34079        0.0144341      0.000272032    
1.35054        0.0144649      0.000272322    
1.3603         0.0141521      0.000269362    
1.37005        0.0143264      0.000271015    
1.3798         0.0146136      0.000273717    
1.38955        0.0133265      0.000261388    
1.3993         0.0135214      0.000263392    
1.40905        0.013547       0.000263541    
1.4188         0.0132855      0.000261086    
1.42855        0.0133676      0.00026179     
1.4383         0.0135624      0.000263691    
1.44806        0.0131471      0.000259622    
1.45781        0.0128189      0.000256362    
1.46756        0.012419       0.000252332    
1.47731        0.0122856      0.000250974    
1.48706        0.012219       0.000250292    
1.49681        0.0120805      0.00024887     
1.50656        0.0119267      0.000247387    
1.51631        0.0120959      0.000249029    
1.52607        0.0124036      0.000252175    
1.53582        0.0116498      0.000244394    
1.54557        0.0120959      0.000249029    
1.55532        0.0114704      0.000242504    
1.56507        0.0112653      0.000240327    
1.57482        0.0112909      0.0002406      
1.58457        0.0112601      0.000240272    
1.59432        0.0111627      0.000239231    
1.60408        0.0112089      0.000239724    
1.61383        0.0110755      0.000238295    
1.62358        0.0106192      0.000233334    
1.63333        0.0105269      0.000232318    
1.64308        0.0104859      0.000231865    
1.65283        0.010409       0.000231013    
1.66258        0.0100039      0.000226474    
1.67233        0.0100449      0.000226938    
1.68209        0.0102603      0.000229357    
1.69184        0.0101013      0.000227574    
1.70159        0.00950138     0.000220713    
1.71134        0.00920398     0.000217232    
1.72109        0.00931678     0.000218559    
1.73084        0.0087989      0.000212398    
1.74059        0.00886556     0.000213201    
1.75034        0.00873224     0.000211592    
1.7601         0.00881941     0.000212646    
1.76985        0.0085579      0.00020947     
1.7796         0.00854765     0.000209344    
1.78935        0.00857841     0.00020972     
1.7991         0.00851176     0.000208904    
1.80885        0.00812719     0.000204131    
1.8186         0.00817334     0.000204838    
1.82835        0.00797849     0.000202385    
1.8381         0.00765545     0.000198118    
1.84786        0.007999       0.000202515    
1.85761        0.00716321     0.000191644    
1.86736        0.0074965      0.000196185    
1.87711        0.00780415     0.000200033    
1.88686        0.00724012     0.000192806    
1.89661        0.00714782     0.000191438    
1.90636        0.006753       0.000186076    
1.91611        0.00697861     0.000189158    
1.92587        0.00695298     0.000188811    
1.93562        0.00673762     0.000185864    
1.94537        0.0065479      0.000183228    
1.95512        0.00644535     0.000181788    
1.96487        0.00635818     0.000180555    
1.97462        0.00609667     0.000176803    
1.98437        0.00608129     0.00017658     
1.99412        0.00573774     0.00017152     
2.00388        0.00592234     0.000174257    
2.01363        0.00552239     0.00016827     
2.02338        0.00581978     0.000172741    
2.03313        0.00565058     0.000170212    
2.04288        0.005507       0.000168036    
2.05263        0.00544034     0.000167016    
2.06238        0.0054506      0.000167173    
2.07213        0.00529165     0.000164717    
2.08189        0.00518397     0.000163033    
2.09164        0.00489682     0.000158454    
2.10139        0.00478914     0.000156702    
2.11114        0.0046507      0.00015442     
2.12089        0.00493272     0.000159199    
2.13064        0.00445585     0.000151151    
2.14039        0.00482504     0.000157288    
2.15014        0.004502       0.000151932    
2.1599         0.00461481     0.000153823    
2.16965        0.00443534     0.000150803    
2.1794         0.00410718     0.000145117    
2.18915        0.00408154     0.000144663    
2.1989         0.00398412     0.000142927    
2.20865        0.00428152     0.000148165    
2.2184         0.00393797     0.000142096    
2.22815        0.00382003     0.000139953    
2.2379         0.0042046      0.000146828    
2.24766        0.00366108     0.00013701     
2.25741        0.00331241     0.000130323    
2.26716        0.00345085     0.000133018    
2.27691        0.00345085     0.000133018    
2.28666        0.00328164     0.000129716    
2.29641        0.00340983     0.000132225    
2.30616        0.00342521     0.000132523    
2.31591        0.00315858     0.000127261    
2.32567        0.00300475     0.000124123    
2.33542        0.00300988     0.000124229    
2.34517        0.00300988     0.000124229    
2.35492        0.00303039     0.000124652    
2.36467        0.00292271     0.000122417    
2.37442        0.00277401     0.000119262    
2.38417        0.0028099      0.000120032    
2.39392        0.00276888     0.000119152    
2.40368        0.00269197     0.000117486    
2.41343        0.00254327     0.000114195    
2.42318        0.00249712     0.000113154    
2.43293        0.00248174     0.000112805    
2.44268        0.00243559     0.000111751    
2.45243        0.00233817     0.000109494    
2.46218        0.00236893     0.000110212    
2.47193        0.00222024     0.000106697    
2.48169        0.00225613     0.000107555    
2.49144        0.0021023      0.000103824    
2.50119        0.00222536     0.00010682     
2.51094        0.00232279     0.000109133    
2.52069        0.00214845     0.000104958    
2.53044        0.00191258     9.90288e-05    
2.54019        0.00189207     9.84964e-05    
2.54994        0.00195873     0.000100216    
2.5597         0.00192284     9.92939e-05    
2.56945        0.00190233     9.87629e-05    
2.5792         0.00172286     9.3989e-05     
2.58895        0.00176901     9.52394e-05    
2.5987         0.00177414     9.53774e-05    
2.60845        0.00166646     9.24377e-05    
2.6182         0.00161518     9.10045e-05    
2.62795        0.00179977     9.6064e-05     
2.63771        0.00146136     8.65626e-05    
2.64746        0.00160493     9.07152e-05    
2.65721        0.00157929     8.99877e-05    
2.66696        0.00143572     8.58e-05       
2.67671        0.00144597     8.61058e-05    
2.68646        0.00143059     8.56466e-05    
2.69621        0.00141008     8.50304e-05    
2.70596        0.00133829     8.28378e-05    
2.71571        0.00152801     8.85148e-05    
2.72547        0.00127676     8.09111e-05    
2.73522        0.0012101      7.87707e-05    
2.74497        0.00125625     8.02586e-05    
2.75472        0.00117934     7.77629e-05    
2.76447        0.00113319     7.62263e-05    
2.77422        0.00125625     8.02586e-05    
2.78397        0.00116396     7.72541e-05    
2.79372        0.00108192     7.44818e-05    
2.80348        0.00101526     7.21509e-05    
2.81323        0.00107166     7.41279e-05    
2.82298        0.000943472    6.95533e-05    
2.83273        0.00107679     7.43051e-05    
2.84248        0.000958854    7.01181e-05    
2.85223        0.000917834    6.86018e-05    
2.86198        0.000892196    6.76369e-05    
2.87173        0.000810155    6.44522e-05    
2.88149        0.0007999      6.4043e-05     
2.89124        0.00084092     6.56646e-05    
2.90099        0.000717859    6.06699e-05    
2.91074        0.000794772    6.38374e-05    
2.92049        0.000887068    6.74423e-05    
2.93024        0.000881941    6.72471e-05    
2.93999        0.000733242    6.13165e-05    
2.94974        0.000769135    6.27993e-05    
2.9595         0.000753752    6.21682e-05    
2.96925        0.000666583    5.8463e-05     
2.979          0.000687094    5.93556e-05    
2.98875        0.000646073    5.75566e-05    
2.9985         0.000748624    6.19564e-05    
3.00825        0.000584542    5.47472e-05    
3.018          0.000620435    5.6403e-05     
3.02775        0.000512756    5.12755e-05    
3.03751        0.000579415    5.45066e-05    
3.04726        0.000553777    5.32871e-05    
3.05701        0.000528139    5.2039e-05     
3.06676        0.000492246    5.02395e-05    
3.07651        0.000523011    5.17857e-05    
3.08626        0.000446098    4.78266e-05    
3.09601        0.000481991    4.97135e-05    
3.10576        0.000512756    5.12755e-05    
3.11551        0.000446098    4.78266e-05    
3.12527        0.000517884    5.15312e-05    
3.13502        0.000456353    4.83732e-05    
3.14477        0.000415333    4.6148e-05     
3.15452        0.000528139    5.2039e-05     
3.16427        0.000394822    4.49941e-05    
3.17402        0.000389695    4.4701e-05     
3.18377        0.000333292    4.13397e-05    
3.19352        0.000369185    4.35087e-05    
3.20328        0.000389695    4.4701e-05     
3.21303        0.000405078    4.55747e-05    
3.22278        0.000394822    4.49941e-05    
3.23253        0.000343547    4.19708e-05    
3.24228        0.000338419    4.16565e-05    
3.25203        0.000302526    3.93855e-05    
3.26178        0.000307654    3.97179e-05    
3.27153        0.000343547    4.19708e-05    
3.28129        0.000276888    3.76797e-05    
3.29104        0.000251251    3.58929e-05    
3.30079        0.000333292    4.13397e-05    
3.31054        0.000307654    3.97179e-05    
3.32029        0.000312781    4.00475e-05    
3.33004        0.000307654    3.97179e-05    
3.33979        0.000220485    3.36236e-05    
3.34954        0.000271761    3.73292e-05    
3.3593         0.000297399    3.90503e-05    
3.36905        0.000287144    3.83711e-05    
3.3788         0.000240995    3.51528e-05    
3.38855        0.000153827    2.80848e-05    
3.3983         0.000194847    3.16084e-05    
3.40805        0.00016921     2.94556e-05    
3.4178         0.000215358    3.32304e-05    
3.42755        0.000220485    3.36236e-05    
3.43731        0.00016921     2.94556e-05    
3.44706        0.000261506    3.66181e-05    
3.45681        0.000256378    3.62573e-05    
3.46656        0.00018972     3.11897e-05    
3.47631        0.000138444    2.66436e-05    
3.48606        0.000153827    2.80848e-05    
3.49581        0.000164082    2.90059e-05    
3.50556        0.000148699    2.76128e-05    
3.51531        0.000143572    2.71325e-05    
3.52507        0.000174337    2.98986e-05    
3.53482        0.000199975    3.20216e-05    
3.54457        0.000220485    3.36236e-05    
3.55432        0.000158954    2.8549e-05     
3.56407        0.000143572    2.71325e-05    
3.57382        0.000102551    2.29312e-05    
3.58357        0.000133317    2.61455e-05    
3.59332        0.000123062    2.51198e-05    
3.60308        0.000138444    2.66436e-05    
3.61283        0.000138444    2.66436e-05    
3.62258        0.000143572    2.71325e-05    
3.63233        9.74237e-05    2.23505e-05    
3.64208        0.000123062    2.51198e-05    
3.65183        0.000107679    2.34974e-05    
3.66158        6.66583e-05    1.84877e-05    
3.67133        0.000102551    2.29312e-05    
3.68109        0.000112806    2.40504e-05    
3.69084        8.71686e-05    2.11415e-05    
3.70059        8.2041e-05     2.05102e-05    
3.71034        0.000123062    2.51198e-05    
3.72009        9.74237e-05    2.23505e-05    
3.72984        0.000102551    2.29312e-05    
3.73959        0.000123062    2.51198e-05    
3.74934        7.17859e-05    1.91856e-05    
3.7591         0.000102551    2.29312e-05    
3.76885        0.000112806    2.40504e-05    
3.7786         9.22961e-05    2.17544e-05    
3.78835        9.22961e-05    2.17544e-05    
3.7981         7.69135e-05    1.9859e-05     
3.80785        6.66583e-05    1.84877e-05    
3.8176         5.64032e-05    1.70062e-05    
3.82735        5.64032e-05    1.70062e-05    
3.83711        8.71686e-05    2.11415e-05    
3.84686        6.15308e-05    1.77624e-05    
3.85661        7.69135e-05    1.9859e-05     
3.86636        3.58929e-05    1.35663e-05    
3.87611        8.2041e-05     2.05102e-05    
3.88586        6.15308e-05    1.77624e-05    
3.89561        5.12756e-05    1.62148e-05    
3.90536        5.12756e-05    1.62148e-05    
3.91511        6.66583e-05    1.84877e-05    
3.92487        3.58929e-05    1.35663e-05    
3.93462        7.69135e-05    1.9859e-05     
3.94437        3.07654e-05    1.25599e-05    
3.95412        4.10205e-05    1.45029e-05    
3.96387        3.07654e-05    1.25599e-05    
3.97362        4.10205e-05    1.45029e-05    
3.98337        5.12756e-05    1.62148e-05    
3.99312        4.10205e-05    1.45029e-05    
4.00288        3.07654e-05    1.25599e-05    
4.01263        1.02551e-05    7.25147e-06    
4.02238        5.64032e-05    1.70062e-05    
4.03213        2.56378e-05    1.14656e-05    
4.04188        2.56378e-05    1.14656e-05    
4.05163        4.61481e-05    1.53827e-05    
4.06138        4.10205e-05    1.45029e-05    
4.07113        3.58929e-05    1.35663e-05    
4.08089        3.07654e-05    1.25599e-05    
4.09064        3.07654e-05    1.25599e-05    
4.10039        3.07654e-05    1.25599e-05    
4.11014        2.56378e-05    1.14656e-05    
4.11989        4.61481e-05    1.53827e-05    
4.12964        3.07654e-05    1.25599e-05    
4.13939        3.07654e-05    1.25599e-05    
4.14914        2.56378e-05    1.14656e-05    
4.1589         3.58929e-05    1.35663e-05    
4.16865        1.53827e-05    8.8812e-06     
4.1784         3.07654e-05    1.25599e-05    
4.18815        2.56378e-05    1.14656e-05    
4.1979         2.05103e-05    1.02551e-05    
4.20765        3.07654e-05    1.25599e-05    
4.2174         1.53827e-05    8.8812e-06     
4.22715        0              0              
4.23691        2.56378e-05    1.14656e-05    
4.24666        2.56378e-05    1.14656e-05    
4.25641        1.02551e-05    7.25147e-06    
4.26616        2.56378e-05    1.14656e-05    
4.27591        3.07654e-05    1.25599e-05    
4.28566        2.05103e-05    1.02551e-05    
4.29541        0              0              
4.30516        0              0              
4.31491        1.02551e-05    7.25147e-06    
4.32467        5.12756e-06    5.12756e-06    
4.33442        2.05103e-05    1.02551e-05    
4.34417        2.05103e-05    1.02551e-05    
4.35392        1.02551e-05    7.25147e-06    
4.36367        1.53827e-05    8.8812e-06     
4.37342        1.02551e-05    7.25147e-06    
4.38317        2.05103e-05    1.02551e-05    
4.39292        1.53827e-05    8.8812e-06     
4.40268        2.05103e-05    1.02551e-05    
4.41243        3.58929e-05    1.35663e-05    
4.42218        1.53827e-05    8.8812e-06     
4.43193        1.53827e-05    8.8812e-06     
4.44168        1.02551e-05    7.25147e-06    
4.45143        3.07654e-05    1.25599e-05    
4.46118        5.12756e-06    5.12756e-06    
4.47093        1.02551e-05    7.25147e-06    
4.48069        2.05103e-05    1.02551e-05    
4.49044        1.02551e-05    7.25147e-06    
4.50019        5.12756e-06    5.12756e-06    
4.50994        1.02551e-05    7.25147e-06    
4.51969        0              0              
4.52944        5.12756e-06    5.12756e-06    
4.53919        5.12756e-06    5.12756e-06    
4.54894        1.53827e-05    8.8812e-06     
4.5587         0              0              
4.56845        1.02551e-05    7.25147e-06    
4.5782         5.12756e-06    5.12756e-06    
4.58795        1.02551e-05    7.25147e-06    
4.5977         1.02551e-05    7.25147e-06    
4.60745        0              0              
4.6172         0              0              
4.62695        5.12756e-06    5.12756e-06    
4.63671        0              0              
4.64646        5.12756e-06    5.12756e-06    
4.65621        5.12756e-06    5.12756e-06    
4.66596        5.12756e-06    5.12756e-06    
4.67571        5.12756e-06    5.12756e-06    
4.68546        5.12756e-06    5.12756e-06    
4.69521        1.02551e-05    7.25147e-06    
4.70496        0              0              
4.71471        0              0              
4.72447        1.53827e-05    8.8812e-06     
4.73422        5.12756e-06    5.12756e-06    
4.74397        0              0              
4.75372        5.12756e-06    5.12756e-06    
4.76347        0              0              
4.77322        5.12756e-06    5.12756e-06    
4.78297        5.12756e-06    5.12756e-06    
4.79272        1.02551e-05    7.25147e-06    
4.80248        1.02551e-05    7.25147e-06    
4.81223        5.12756e-06    5.12756e-06    
4.82198        5.12756e-06    5.12756e-06    
4.83173        1.02551e-05    7.25147e-06    
4.84148        0              0              
4.85123        1.53827e-05    8.8812e-06     
4.86098        5.12756e-06    5.12756e-06    
4.87073        0              0              
