p (GeV)        dN/dp          error          
0.005225       0              0              
0.015675       0              0              
0.026125       0              0              
0.036575       0              0              
0.047025       0              0              
0.057475       0              0              
0.067925       0              0              
0.078375       0              0              
0.088825       0              0              
0.099275       0              0              
0.109725       0              0              
0.120175       0              0              
0.130625       0              0              
0.141075       0              0              
0.151525       0              0              
0.161975       0              0              
0.172425       0              0              
0.182875       0              0              
0.193325       0              0              
0.203775       0              0              
0.214225       0              0              
0.224675       0              0              
0.235125       0              0              
0.245575       0              0              
0.256025       0              0              
0.266475       0              0              
0.276925       0              0              
0.287375       0              0              
0.297825       0              0              
0.308275       0              0              
0.318725       0              0              
0.329175       0              0              
0.339625       0              0              
0.350075       0              0              
0.360525       0              0              
0.370975       0              0              
0.381425       0              0              
0.391875       0              0              
0.402325       0              0              
0.412775       4.78469e-06    4.78469e-06    
0.423225       0              0              
0.433675       0              0              
0.444125       0              0              
0.454575       0              0              
0.465025       0              0              
0.475475       0              0              
0.485925       0              0              
0.496375       0              0              
0.506825       0              0              
0.517275       0              0              
0.527725       0              0              
0.538175       0              0              
0.548625       0              0              
0.559075       0              0              
0.569525       0              0              
0.579975       0              0              
0.590425       0              0              
0.600875       0              0              
0.611325       0              0              
0.621775       0              0              
0.632225       0              0              
0.642675       0              0              
0.653125       0              0              
0.663575       0              0              
0.674025       0              0              
0.684475       0              0              
0.694925       0              0              
0.705375       0              0              
0.715825       0              0              
0.726275       0              0              
0.736725       0              0              
0.747175       0              0              
0.757625       0              0              
0.768075       0              0              
0.778525       0              0              
0.788975       0              0              
0.799425       0              0              
0.809875       0              0              
0.820325       0              0              
0.830775       0              0              
0.841225       0              0              
0.851675       4.78469e-06    4.78469e-06    
0.862125       0              0              
0.872575       0              0              
0.883025       0              0              
0.893475       0              0              
0.903925       0              0              
0.914375       0              0              
0.924825       0              0              
0.935275       0              0              
0.945725       0              0              
0.956175       0              0              
0.966625       0              0              
0.977075       0              0              
0.987525       0              0              
0.997975       0              0              
1.00842        0              0              
1.01887        0              0              
1.02933        0              0              
1.03977        0              0              
1.05022        0              0              
1.06068        0              0              
1.07112        0              0              
1.08157        0              0              
1.09203        4.78469e-06    4.78469e-06    
1.10247        0              0              
1.11292        0              0              
1.12338        0              0              
1.13382        0              0              
1.14427        0              0              
1.15473        4.78469e-06    4.78469e-06    
1.16517        0              0              
1.17562        0              0              
1.18607        0              0              
1.19652        0              0              
1.20697        0              0              
1.21742        4.78469e-06    4.78469e-06    
1.22788        4.78469e-06    4.78469e-06    
1.23832        4.78469e-06    4.78469e-06    
1.24877        0              0              
1.25923        0              0              
1.26967        0              0              
1.28012        4.78469e-06    4.78469e-06    
1.29058        0              0              
1.30102        0              0              
1.31147        0              0              
1.32193        0              0              
1.33237        0              0              
1.34282        0              0              
1.35328        0              0              
1.36372        0              0              
1.37417        4.78469e-06    4.78469e-06    
1.38462        0              0              
1.39507        4.78469e-06    4.78469e-06    
1.40552        0              0              
1.41597        0              0              
1.42642        0              0              
1.43687        4.78469e-06    4.78469e-06    
1.44732        0              0              
1.45777        0              0              
1.46822        0              0              
1.47867        4.78469e-06    4.78469e-06    
1.48913        4.78469e-06    4.78469e-06    
1.49957        0              0              
1.51002        0              0              
1.52048        0              0              
1.53092        0              0              
1.54137        0              0              
1.55183        0              0              
1.56227        0              0              
1.57272        4.78469e-06    4.78469e-06    
1.58317        0              0              
1.59362        0              0              
1.60407        4.78469e-06    4.78469e-06    
1.61452        0              0              
1.62497        0              0              
1.63542        0              0              
1.64587        0              0              
1.65632        0              0              
1.66677        0              0              
1.67722        4.78469e-06    4.78469e-06    
1.68767        4.78469e-06    4.78469e-06    
1.69812        0              0              
1.70857        0              0              
1.71902        0              0              
1.72947        0              0              
1.73992        0              0              
1.75038        0              0              
1.76082        0              0              
1.77127        0              0              
1.78173        0              0              
1.79217        0              0              
1.80262        4.78469e-06    4.78469e-06    
1.81307        0              0              
1.82352        0              0              
1.83397        0              0              
1.84442        0              0              
1.85487        9.56938e-06    6.76657e-06    
1.86532        4.78469e-06    4.78469e-06    
1.87577        0              0              
1.88622        0              0              
1.89667        0              0              
1.90712        0              0              
1.91757        0              0              
1.92802        0              0              
1.93847        0              0              
1.94892        4.78469e-06    4.78469e-06    
1.95937        4.78469e-06    4.78469e-06    
1.96982        0              0              
1.98027        0              0              
1.99072        0              0              
2.00117        0              0              
2.01162        9.56938e-06    6.76657e-06    
2.02207        0              0              
2.03252        0              0              
2.04297        0              0              
2.05342        0              0              
2.06387        0              0              
2.07432        0              0              
2.08477        0              0              
2.09522        0              0              
2.10567        0              0              
2.11612        4.78469e-06    4.78469e-06    
2.12657        0              0              
2.13702        0              0              
2.14747        0              0              
2.15792        4.78469e-06    4.78469e-06    
2.16837        0              0              
2.17882        4.78469e-06    4.78469e-06    
2.18927        0              0              
2.19972        0              0              
2.21017        0              0              
2.22062        0              0              
2.23107        0              0              
2.24152        0              0              
2.25197        9.56938e-06    6.76657e-06    
2.26242        4.78469e-06    4.78469e-06    
2.27287        0              0              
2.28332        0              0              
2.29377        0              0              
2.30422        0              0              
2.31467        0              0              
2.32512        4.78469e-06    4.78469e-06    
2.33557        0              0              
2.34602        0              0              
2.35647        0              0              
2.36692        4.78469e-06    4.78469e-06    
2.37737        0              0              
2.38782        0              0              
2.39827        0              0              
2.40872        0              0              
2.41917        4.78469e-06    4.78469e-06    
2.42962        4.78469e-06    4.78469e-06    
2.44007        0              0              
2.45052        4.78469e-06    4.78469e-06    
2.46097        4.78469e-06    4.78469e-06    
2.47142        4.78469e-06    4.78469e-06    
2.48187        0              0              
2.49232        0              0              
2.50277        0              0              
2.51322        0              0              
2.52367        4.78469e-06    4.78469e-06    
2.53412        0              0              
2.54457        0              0              
2.55502        0              0              
2.56547        0              0              
2.57592        0              0              
2.58637        0              0              
2.59682        4.78469e-06    4.78469e-06    
2.60727        0              0              
2.61772        0              0              
2.62817        0              0              
2.63862        0              0              
2.64907        0              0              
2.65952        0              0              
2.66997        0              0              
2.68042        0              0              
2.69087        0              0              
2.70132        9.56938e-06    6.76657e-06    
2.71177        0              0              
2.72222        0              0              
2.73267        4.78469e-06    4.78469e-06    
2.74312        0              0              
2.75357        0              0              
2.76402        4.78469e-06    4.78469e-06    
2.77447        0              0              
2.78492        0              0              
2.79537        0              0              
2.80582        0              0              
2.81627        0              0              
2.82672        0              0              
2.83717        0              0              
2.84762        0              0              
2.85807        0              0              
2.86852        0              0              
2.87897        4.78469e-06    4.78469e-06    
2.88942        0              0              
2.89987        0              0              
2.91032        4.78469e-06    4.78469e-06    
2.92077        0              0              
2.93122        0              0              
2.94167        0              0              
2.95212        0              0              
2.96257        0              0              
2.97302        0              0              
2.98347        0              0              
2.99392        9.56938e-06    6.76657e-06    
3.00437        0              0              
3.01482        0              0              
3.02527        0              0              
3.03572        0              0              
3.04617        0              0              
3.05662        9.56938e-06    6.76657e-06    
3.06707        0              0              
3.07752        0              0              
3.08797        0              0              
3.09842        0              0              
3.10887        0              0              
3.11932        0              0              
3.12977        0              0              
3.14022        0              0              
3.15067        0              0              
3.16112        0              0              
3.17157        0              0              
3.18202        0              0              
3.19247        0              0              
3.20292        0              0              
3.21337        4.78469e-06    4.78469e-06    
3.22382        4.78469e-06    4.78469e-06    
3.23427        0              0              
3.24472        0              0              
3.25517        0              0              
3.26562        0              0              
3.27607        0              0              
3.28652        0              0              
3.29697        0              0              
3.30742        0              0              
3.31787        0              0              
3.32832        4.78469e-06    4.78469e-06    
3.33877        0              0              
3.34922        4.78469e-06    4.78469e-06    
3.35967        4.78469e-06    4.78469e-06    
3.37012        0              0              
3.38057        0              0              
3.39102        0              0              
3.40147        4.78469e-06    4.78469e-06    
3.41192        0              0              
3.42237        4.78469e-06    4.78469e-06    
3.43282        0              0              
3.44327        4.78469e-06    4.78469e-06    
3.45372        0              0              
3.46417        0              0              
3.47462        4.78469e-06    4.78469e-06    
3.48507        0              0              
3.49552        0              0              
3.50597        4.78469e-06    4.78469e-06    
3.51642        0              0              
3.52687        0              0              
3.53732        0              0              
3.54777        0              0              
3.55822        0              0              
3.56867        0              0              
3.57912        0              0              
3.58957        0              0              
3.60002        0              0              
3.61047        0              0              
3.62092        0              0              
3.63137        0              0              
3.64182        0              0              
3.65227        0              0              
3.66272        0              0              
3.67317        0              0              
3.68362        0              0              
3.69407        0              0              
3.70452        0              0              
3.71497        0              0              
3.72542        0              0              
3.73587        0              0              
3.74632        0              0              
3.75677        0              0              
3.76722        4.78469e-06    4.78469e-06    
3.77767        0              0              
3.78812        0              0              
3.79857        0              0              
3.80902        0              0              
3.81947        0              0              
3.82992        0              0              
3.84037        0              0              
3.85082        0              0              
3.86127        0              0              
3.87172        0              0              
3.88217        0              0              
3.89262        0              0              
3.90307        0              0              
3.91352        0              0              
3.92397        0              0              
3.93442        0              0              
3.94487        0              0              
3.95532        0              0              
3.96577        0              0              
3.97622        0              0              
3.98667        0              0              
3.99712        0              0              
4.00758        0              0              
4.01802        0              0              
4.02848        0              0              
4.03892        0              0              
4.04938        0              0              
4.05983        0              0              
4.07027        0              0              
4.08073        0              0              
4.09117        0              0              
4.10163        0              0              
4.11207        0              0              
4.12252        0              0              
4.13298        0              0              
4.14342        0              0              
4.15388        4.78469e-06    4.78469e-06    
4.16432        0              0              
4.17478        0              0              
4.18522        0              0              
4.19567        0              0              
4.20613        0              0              
4.21657        0              0              
4.22703        0              0              
4.23747        0              0              
4.24792        0              0              
4.25838        0              0              
4.26882        0              0              
4.27928        0              0              
4.28972        0              0              
4.30018        0              0              
4.31062        0              0              
4.32107        0              0              
4.33153        0              0              
4.34197        0              0              
4.35243        0              0              
4.36287        0              0              
4.37333        0              0              
4.38377        0              0              
4.39422        0              0              
4.40468        0              0              
4.41512        0              0              
4.42558        0              0              
4.43602        0              0              
4.44647        0              0              
4.45693        0              0              
4.46737        0              0              
4.47783        0              0              
4.48827        0              0              
4.49873        0              0              
4.50917        0              0              
4.51962        0              0              
4.53008        0              0              
4.54052        0              0              
4.55098        0              0              
4.56142        0              0              
4.57188        0              0              
4.58232        0              0              
4.59277        0              0              
4.60323        0              0              
4.61367        0              0              
4.62413        0              0              
4.63457        0              0              
4.64502        0              0              
4.65548        0              0              
4.66592        0              0              
4.67638        0              0              
4.68682        0              0              
4.69728        0              0              
4.70772        0              0              
4.71817        0              0              
4.72863        0              0              
4.73907        0              0              
4.74953        0              0              
4.75997        0              0              
4.77042        0              0              
4.78087        0              0              
4.79132        0              0              
4.80178        0              0              
4.81222        0              0              
4.82268        0              0              
4.83312        0              0              
4.84357        0              0              
4.85403        0              0              
4.86447        0              0              
4.87493        0              0              
4.88537        0              0              
4.89583        0              0              
4.90627        0              0              
4.91672        0              0              
4.92718        0              0              
4.93762        0              0              
4.94808        0              0              
4.95852        0              0              
4.96897        0              0              
4.97942        0              0              
4.98987        0              0              
5.00033        0              0              
5.01077        0              0              
5.02123        0              0              
5.03167        0              0              
5.04212        0              0              
5.05258        0              0              
5.06302        0              0              
5.07348        0              0              
5.08392        0              0              
5.09438        0              0              
5.10482        0              0              
5.11527        4.78469e-06    4.78469e-06    
5.12573        0              0              
5.13617        0              0              
5.14663        0              0              
5.15707        0              0              
5.16752        0              0              
5.17797        0              0              
5.18842        0              0              
5.19888        0              0              
5.20932        0              0              
5.21978        0              0              
