p (GeV)        dN/dp          error          
0.00480839     0              0              
0.0144252      0              0              
0.0240419      0              0              
0.0336587      0              0              
0.0432755      0              0              
0.0528923      0              0              
0.0625091      0              0              
0.0721258      0              0              
0.0817426      0              0              
0.0913594      0              0              
0.100976       0              0              
0.110593       0              0              
0.12021        0              0              
0.129827       0              0              
0.139443       0              0              
0.14906        0              0              
0.158677       0              0              
0.168294       0              0              
0.17791        0              0              
0.187527       0              0              
0.197144       0              0              
0.206761       0              0              
0.216378       5.19925e-06    5.19925e-06    
0.225994       5.19925e-06    5.19925e-06    
0.235611       0              0              
0.245228       0              0              
0.254845       0              0              
0.264461       0              0              
0.274078       5.19925e-06    5.19925e-06    
0.283695       0              0              
0.293312       0              0              
0.302929       0              0              
0.312545       0              0              
0.322162       5.19925e-06    5.19925e-06    
0.331779       0              0              
0.341396       0              0              
0.351012       1.55977e-05    9.00536e-06    
0.360629       0              0              
0.370246       0              0              
0.379863       0              0              
0.38948        0              0              
0.399096       5.19925e-06    5.19925e-06    
0.408713       1.03985e-05    7.35284e-06    
0.41833        5.19925e-06    5.19925e-06    
0.427947       0              0              
0.437563       5.19925e-06    5.19925e-06    
0.44718        0              0              
0.456797       0              0              
0.466414       5.19925e-06    5.19925e-06    
0.476031       1.03985e-05    7.35284e-06    
0.485647       0              0              
0.495264       0              0              
0.504881       0              0              
0.514498       5.19925e-06    5.19925e-06    
0.524115       1.55977e-05    9.00536e-06    
0.533731       0              0              
0.543348       5.19925e-06    5.19925e-06    
0.552965       5.19925e-06    5.19925e-06    
0.562582       0              0              
0.572198       1.03985e-05    7.35284e-06    
0.581815       5.19925e-06    5.19925e-06    
0.591432       1.03985e-05    7.35284e-06    
0.601049       1.03985e-05    7.35284e-06    
0.610666       1.55977e-05    9.00536e-06    
0.620282       0              0              
0.629899       5.19925e-06    5.19925e-06    
0.639516       0              0              
0.649133       0              0              
0.658749       5.19925e-06    5.19925e-06    
0.668366       1.03985e-05    7.35284e-06    
0.677983       5.19925e-06    5.19925e-06    
0.6876         0              0              
0.697217       0              0              
0.706833       5.19925e-06    5.19925e-06    
0.71645        5.19925e-06    5.19925e-06    
0.726067       1.03985e-05    7.35284e-06    
0.735684       5.19925e-06    5.19925e-06    
0.7453         5.19925e-06    5.19925e-06    
0.754917       1.03985e-05    7.35284e-06    
0.764534       0              0              
0.774151       1.55977e-05    9.00536e-06    
0.783768       1.55977e-05    9.00536e-06    
0.793384       1.03985e-05    7.35284e-06    
0.803001       1.03985e-05    7.35284e-06    
0.812618       1.55977e-05    9.00536e-06    
0.822235       5.19925e-06    5.19925e-06    
0.831851       2.0797e-05     1.03985e-05    
0.841468       5.19925e-06    5.19925e-06    
0.851085       5.19925e-06    5.19925e-06    
0.860702       5.19925e-06    5.19925e-06    
0.870319       1.55977e-05    9.00536e-06    
0.879935       5.19925e-06    5.19925e-06    
0.889552       5.19925e-06    5.19925e-06    
0.899169       1.55977e-05    9.00536e-06    
0.908786       1.55977e-05    9.00536e-06    
0.918402       1.55977e-05    9.00536e-06    
0.928019       2.0797e-05     1.03985e-05    
0.937636       1.03985e-05    7.35284e-06    
0.947253       2.59962e-05    1.16259e-05    
0.95687        1.55977e-05    9.00536e-06    
0.966486       0              0              
0.976103       1.55977e-05    9.00536e-06    
0.98572        5.19925e-06    5.19925e-06    
0.995337       5.19925e-06    5.19925e-06    
1.00495        1.03985e-05    7.35284e-06    
1.01457        1.03985e-05    7.35284e-06    
1.02419        1.55977e-05    9.00536e-06    
1.0338         1.55977e-05    9.00536e-06    
1.04342        5.19925e-06    5.19925e-06    
1.05304        3.11955e-05    1.27355e-05    
1.06265        1.03985e-05    7.35284e-06    
1.07227        2.0797e-05     1.03985e-05    
1.08189        1.03985e-05    7.35284e-06    
1.0915         1.03985e-05    7.35284e-06    
1.10112        5.19925e-06    5.19925e-06    
1.11074        1.55977e-05    9.00536e-06    
1.12035        1.55977e-05    9.00536e-06    
1.12997        5.19925e-06    5.19925e-06    
1.13959        1.03985e-05    7.35284e-06    
1.14921        1.03985e-05    7.35284e-06    
1.15882        2.0797e-05     1.03985e-05    
1.16844        1.55977e-05    9.00536e-06    
1.17806        2.0797e-05     1.03985e-05    
1.18767        1.03985e-05    7.35284e-06    
1.19729        4.1594e-05     1.47057e-05    
1.20691        1.55977e-05    9.00536e-06    
1.21652        1.55977e-05    9.00536e-06    
1.22614        2.59962e-05    1.16259e-05    
1.23576        2.0797e-05     1.03985e-05    
1.24537        1.55977e-05    9.00536e-06    
1.25499        2.59962e-05    1.16259e-05    
1.26461        1.03985e-05    7.35284e-06    
1.27422        1.55977e-05    9.00536e-06    
1.28384        2.59962e-05    1.16259e-05    
1.29346        1.03985e-05    7.35284e-06    
1.30307        3.11955e-05    1.27355e-05    
1.31269        3.11955e-05    1.27355e-05    
1.32231        1.55977e-05    9.00536e-06    
1.33192        1.03985e-05    7.35284e-06    
1.34154        2.0797e-05     1.03985e-05    
1.35116        4.1594e-05     1.47057e-05    
1.36077        1.03985e-05    7.35284e-06    
1.37039        2.0797e-05     1.03985e-05    
1.38001        2.59962e-05    1.16259e-05    
1.38962        1.03985e-05    7.35284e-06    
1.39924        2.0797e-05     1.03985e-05    
1.40886        2.59962e-05    1.16259e-05    
1.41848        1.03985e-05    7.35284e-06    
1.42809        4.1594e-05     1.47057e-05    
1.43771        2.59962e-05    1.16259e-05    
1.44733        1.55977e-05    9.00536e-06    
1.45694        2.0797e-05     1.03985e-05    
1.46656        1.03985e-05    7.35284e-06    
1.47618        3.11955e-05    1.27355e-05    
1.48579        5.19925e-06    5.19925e-06    
1.49541        2.59962e-05    1.16259e-05    
1.50503        2.0797e-05     1.03985e-05    
1.51464        1.55977e-05    9.00536e-06    
1.52426        3.63947e-05    1.37559e-05    
1.53388        2.0797e-05     1.03985e-05    
1.54349        3.63947e-05    1.37559e-05    
1.55311        3.11955e-05    1.27355e-05    
1.56273        3.11955e-05    1.27355e-05    
1.57234        5.19925e-06    5.19925e-06    
1.58196        3.63947e-05    1.37559e-05    
1.59158        3.63947e-05    1.37559e-05    
1.60119        2.59962e-05    1.16259e-05    
1.61081        2.0797e-05     1.03985e-05    
1.62043        2.0797e-05     1.03985e-05    
1.63004        4.1594e-05     1.47057e-05    
1.63966        2.0797e-05     1.03985e-05    
1.64928        5.19925e-05    1.64415e-05    
1.65889        2.0797e-05     1.03985e-05    
1.66851        4.1594e-05     1.47057e-05    
1.67813        6.75902e-05    1.87461e-05    
1.68774        2.59962e-05    1.16259e-05    
1.69736        1.55977e-05    9.00536e-06    
1.70698        4.1594e-05     1.47057e-05    
1.7166         2.59962e-05    1.16259e-05    
1.72621        2.59962e-05    1.16259e-05    
1.73583        2.59962e-05    1.16259e-05    
1.74545        3.11955e-05    1.27355e-05    
1.75506        3.11955e-05    1.27355e-05    
1.76468        5.71917e-05    1.72439e-05    
1.7743         3.11955e-05    1.27355e-05    
1.78391        2.0797e-05     1.03985e-05    
1.79353        2.59962e-05    1.16259e-05    
1.80315        3.63947e-05    1.37559e-05    
1.81276        3.11955e-05    1.27355e-05    
1.82238        2.0797e-05     1.03985e-05    
1.832          2.59962e-05    1.16259e-05    
1.84161        3.63947e-05    1.37559e-05    
1.85123        2.59962e-05    1.16259e-05    
1.86085        2.59962e-05    1.16259e-05    
1.87046        2.59962e-05    1.16259e-05    
1.88008        4.1594e-05     1.47057e-05    
1.8897         2.0797e-05     1.03985e-05    
1.89931        4.1594e-05     1.47057e-05    
1.90893        3.11955e-05    1.27355e-05    
1.91855        3.11955e-05    1.27355e-05    
1.92816        2.59962e-05    1.16259e-05    
1.93778        3.63947e-05    1.37559e-05    
1.9474         3.63947e-05    1.37559e-05    
1.95701        4.1594e-05     1.47057e-05    
1.96663        1.55977e-05    9.00536e-06    
1.97625        1.55977e-05    9.00536e-06    
1.98587        4.1594e-05     1.47057e-05    
1.99548        2.0797e-05     1.03985e-05    
2.0051         4.67932e-05    1.55977e-05    
2.01472        2.59962e-05    1.16259e-05    
2.02433        2.0797e-05     1.03985e-05    
2.03395        5.71917e-05    1.72439e-05    
2.04357        1.55977e-05    9.00536e-06    
2.05318        3.63947e-05    1.37559e-05    
2.0628         3.11955e-05    1.27355e-05    
2.07242        2.59962e-05    1.16259e-05    
2.08203        1.55977e-05    9.00536e-06    
2.09165        3.63947e-05    1.37559e-05    
2.10127        2.59962e-05    1.16259e-05    
2.11088        2.59962e-05    1.16259e-05    
2.1205         2.59962e-05    1.16259e-05    
2.13012        2.0797e-05     1.03985e-05    
2.13973        3.63947e-05    1.37559e-05    
2.14935        1.55977e-05    9.00536e-06    
2.15897        2.59962e-05    1.16259e-05    
2.16858        5.19925e-05    1.64415e-05    
2.1782         4.67932e-05    1.55977e-05    
2.18782        5.71917e-05    1.72439e-05    
2.19743        1.55977e-05    9.00536e-06    
2.20705        3.63947e-05    1.37559e-05    
2.21667        3.11955e-05    1.27355e-05    
2.22628        4.1594e-05     1.47057e-05    
2.2359         2.59962e-05    1.16259e-05    
2.24552        3.63947e-05    1.37559e-05    
2.25513        4.1594e-05     1.47057e-05    
2.26475        2.0797e-05     1.03985e-05    
2.27437        3.11955e-05    1.27355e-05    
2.28399        4.67932e-05    1.55977e-05    
2.2936         3.11955e-05    1.27355e-05    
2.30322        2.0797e-05     1.03985e-05    
2.31284        3.11955e-05    1.27355e-05    
2.32245        1.03985e-05    7.35284e-06    
2.33207        3.11955e-05    1.27355e-05    
2.34169        2.59962e-05    1.16259e-05    
2.3513         4.67932e-05    1.55977e-05    
2.36092        1.55977e-05    9.00536e-06    
2.37054        1.55977e-05    9.00536e-06    
2.38015        3.63947e-05    1.37559e-05    
2.38977        2.59962e-05    1.16259e-05    
2.39939        2.59962e-05    1.16259e-05    
2.409          3.11955e-05    1.27355e-05    
2.41862        4.67932e-05    1.55977e-05    
2.42824        2.0797e-05     1.03985e-05    
2.43785        2.59962e-05    1.16259e-05    
2.44747        5.19925e-05    1.64415e-05    
2.45709        2.59962e-05    1.16259e-05    
2.4667         2.0797e-05     1.03985e-05    
2.47632        1.55977e-05    9.00536e-06    
2.48594        2.59962e-05    1.16259e-05    
2.49555        3.11955e-05    1.27355e-05    
2.50517        2.59962e-05    1.16259e-05    
2.51479        2.59962e-05    1.16259e-05    
2.5244         2.59962e-05    1.16259e-05    
2.53402        1.55977e-05    9.00536e-06    
2.54364        2.0797e-05     1.03985e-05    
2.55326        2.59962e-05    1.16259e-05    
2.56287        2.59962e-05    1.16259e-05    
2.57249        3.11955e-05    1.27355e-05    
2.58211        1.55977e-05    9.00536e-06    
2.59172        1.55977e-05    9.00536e-06    
2.60134        2.0797e-05     1.03985e-05    
2.61096        3.11955e-05    1.27355e-05    
2.62057        2.59962e-05    1.16259e-05    
2.63019        2.0797e-05     1.03985e-05    
2.63981        3.11955e-05    1.27355e-05    
2.64942        1.03985e-05    7.35284e-06    
2.65904        1.55977e-05    9.00536e-06    
2.66866        1.55977e-05    9.00536e-06    
2.67827        2.0797e-05     1.03985e-05    
2.68789        3.11955e-05    1.27355e-05    
2.69751        2.59962e-05    1.16259e-05    
2.70712        2.0797e-05     1.03985e-05    
2.71674        1.55977e-05    9.00536e-06    
2.72636        5.19925e-06    5.19925e-06    
2.73597        2.59962e-05    1.16259e-05    
2.74559        2.59962e-05    1.16259e-05    
2.75521        2.0797e-05     1.03985e-05    
2.76482        1.55977e-05    9.00536e-06    
2.77444        1.03985e-05    7.35284e-06    
2.78406        1.55977e-05    9.00536e-06    
2.79367        2.59962e-05    1.16259e-05    
2.80329        1.55977e-05    9.00536e-06    
2.81291        5.19925e-06    5.19925e-06    
2.82252        3.11955e-05    1.27355e-05    
2.83214        1.55977e-05    9.00536e-06    
2.84176        2.59962e-05    1.16259e-05    
2.85138        1.03985e-05    7.35284e-06    
2.86099        5.19925e-06    5.19925e-06    
2.87061        2.0797e-05     1.03985e-05    
2.88023        0              0              
2.88984        1.03985e-05    7.35284e-06    
2.89946        1.03985e-05    7.35284e-06    
2.90908        1.03985e-05    7.35284e-06    
2.91869        2.59962e-05    1.16259e-05    
2.92831        1.55977e-05    9.00536e-06    
2.93793        2.59962e-05    1.16259e-05    
2.94754        5.19925e-06    5.19925e-06    
2.95716        5.19925e-06    5.19925e-06    
2.96678        0              0              
2.97639        0              0              
2.98601        0              0              
2.99563        2.0797e-05     1.03985e-05    
3.00524        1.55977e-05    9.00536e-06    
3.01486        2.0797e-05     1.03985e-05    
3.02448        5.19925e-06    5.19925e-06    
3.03409        1.03985e-05    7.35284e-06    
3.04371        1.03985e-05    7.35284e-06    
3.05333        1.55977e-05    9.00536e-06    
3.06294        1.03985e-05    7.35284e-06    
3.07256        0              0              
3.08218        1.55977e-05    9.00536e-06    
3.09179        5.19925e-06    5.19925e-06    
3.10141        1.55977e-05    9.00536e-06    
3.11103        5.19925e-06    5.19925e-06    
3.12065        2.59962e-05    1.16259e-05    
3.13026        0              0              
3.13988        5.19925e-06    5.19925e-06    
3.1495         1.03985e-05    7.35284e-06    
3.15911        2.59962e-05    1.16259e-05    
3.16873        1.55977e-05    9.00536e-06    
3.17835        5.19925e-06    5.19925e-06    
3.18796        1.55977e-05    9.00536e-06    
3.19758        1.03985e-05    7.35284e-06    
3.2072         1.03985e-05    7.35284e-06    
3.21681        1.55977e-05    9.00536e-06    
3.22643        2.0797e-05     1.03985e-05    
3.23605        0              0              
3.24566        1.03985e-05    7.35284e-06    
3.25528        1.55977e-05    9.00536e-06    
3.2649         0              0              
3.27451        0              0              
3.28413        1.55977e-05    9.00536e-06    
3.29375        5.19925e-06    5.19925e-06    
3.30336        0              0              
3.31298        1.03985e-05    7.35284e-06    
3.3226         5.19925e-06    5.19925e-06    
3.33221        1.03985e-05    7.35284e-06    
3.34183        0              0              
3.35145        0              0              
3.36106        1.03985e-05    7.35284e-06    
3.37068        1.55977e-05    9.00536e-06    
3.3803         5.19925e-06    5.19925e-06    
3.38991        5.19925e-06    5.19925e-06    
3.39953        5.19925e-06    5.19925e-06    
3.40915        0              0              
3.41877        5.19925e-06    5.19925e-06    
3.42838        5.19925e-06    5.19925e-06    
3.438          1.03985e-05    7.35284e-06    
3.44762        5.19925e-06    5.19925e-06    
3.45723        1.03985e-05    7.35284e-06    
3.46685        1.03985e-05    7.35284e-06    
3.47647        5.19925e-06    5.19925e-06    
3.48608        0              0              
3.4957         5.19925e-06    5.19925e-06    
3.50532        1.03985e-05    7.35284e-06    
3.51493        5.19925e-06    5.19925e-06    
3.52455        0              0              
3.53417        5.19925e-06    5.19925e-06    
3.54378        0              0              
3.5534         5.19925e-06    5.19925e-06    
3.56302        0              0              
3.57263        0              0              
3.58225        5.19925e-06    5.19925e-06    
3.59187        5.19925e-06    5.19925e-06    
3.60148        0              0              
3.6111         0              0              
3.62072        5.19925e-06    5.19925e-06    
3.63033        0              0              
3.63995        5.19925e-06    5.19925e-06    
3.64957        5.19925e-06    5.19925e-06    
3.65918        1.03985e-05    7.35284e-06    
3.6688         1.03985e-05    7.35284e-06    
3.67842        0              0              
3.68804        0              0              
3.69765        5.19925e-06    5.19925e-06    
3.70727        0              0              
3.71689        5.19925e-06    5.19925e-06    
3.7265         0              0              
3.73612        5.19925e-06    5.19925e-06    
3.74574        0              0              
3.75535        0              0              
3.76497        2.59962e-05    1.16259e-05    
3.77459        5.19925e-06    5.19925e-06    
3.7842         0              0              
3.79382        5.19925e-06    5.19925e-06    
3.80344        1.03985e-05    7.35284e-06    
3.81305        5.19925e-06    5.19925e-06    
3.82267        5.19925e-06    5.19925e-06    
3.83229        0              0              
3.8419         5.19925e-06    5.19925e-06    
3.85152        5.19925e-06    5.19925e-06    
3.86114        0              0              
3.87075        0              0              
3.88037        5.19925e-06    5.19925e-06    
3.88999        0              0              
3.8996         0              0              
3.90922        0              0              
3.91884        5.19925e-06    5.19925e-06    
3.92845        0              0              
3.93807        0              0              
3.94769        0              0              
3.9573         5.19925e-06    5.19925e-06    
3.96692        0              0              
3.97654        0              0              
3.98616        0              0              
3.99577        5.19925e-06    5.19925e-06    
4.00539        5.19925e-06    5.19925e-06    
4.01501        0              0              
4.02462        5.19925e-06    5.19925e-06    
4.03424        0              0              
4.04386        0              0              
4.05347        0              0              
4.06309        0              0              
4.07271        5.19925e-06    5.19925e-06    
4.08232        5.19925e-06    5.19925e-06    
4.09194        0              0              
4.10156        0              0              
4.11117        0              0              
4.12079        5.19925e-06    5.19925e-06    
4.13041        5.19925e-06    5.19925e-06    
4.14002        0              0              
4.14964        0              0              
4.15926        0              0              
4.16887        0              0              
4.17849        0              0              
4.18811        0              0              
4.19772        0              0              
4.20734        0              0              
4.21696        0              0              
4.22657        5.19925e-06    5.19925e-06    
4.23619        0              0              
4.24581        5.19925e-06    5.19925e-06    
4.25543        0              0              
4.26504        0              0              
4.27466        0              0              
4.28428        0              0              
4.29389        0              0              
4.30351        0              0              
4.31313        5.19925e-06    5.19925e-06    
4.32274        0              0              
4.33236        0              0              
4.34198        0              0              
4.35159        0              0              
4.36121        5.19925e-06    5.19925e-06    
4.37083        1.03985e-05    7.35284e-06    
4.38044        0              0              
4.39006        0              0              
4.39968        0              0              
4.40929        0              0              
4.41891        5.19925e-06    5.19925e-06    
4.42853        0              0              
4.43814        0              0              
4.44776        0              0              
4.45738        0              0              
4.46699        0              0              
4.47661        0              0              
4.48623        0              0              
4.49584        0              0              
4.50546        0              0              
4.51508        0              0              
4.52469        0              0              
4.53431        0              0              
4.54393        0              0              
4.55355        0              0              
4.56316        0              0              
4.57278        0              0              
4.5824         0              0              
4.59201        0              0              
4.60163        0              0              
4.61125        0              0              
4.62086        5.19925e-06    5.19925e-06    
4.63048        0              0              
4.6401         0              0              
4.64971        0              0              
4.65933        5.19925e-06    5.19925e-06    
4.66895        0              0              
4.67856        0              0              
4.68818        0              0              
4.6978         0              0              
4.70741        0              0              
4.71703        0              0              
4.72665        0              0              
4.73626        0              0              
4.74588        0              0              
4.7555         0              0              
4.76511        0              0              
4.77473        0              0              
4.78435        0              0              
4.79396        0              0              
4.80358        0              0              
