pT (GeV)       dN/dpt         error          
0.00487561     6.15308e-05    1.77624e-05    
0.0146268      0.00016921     2.94556e-05    
0.024378       0.000302526    3.93855e-05    
0.0341293      0.000364057    4.32055e-05    
0.0438805      0.000528139    5.2039e-05     
0.0536317      0.00061018     5.59349e-05    
0.0633829      0.000676838    5.8911e-05     
0.0731341      0.000922961    6.87932e-05    
0.0828854      0.00106141     7.37724e-05    
0.0926366      0.00107166     7.41279e-05    
0.102388       0.00103064     7.26954e-05    
0.112139       0.00127676     8.09111e-05    
0.12189        0.00136906     8.37845e-05    
0.131641       0.0013947      8.45654e-05    
0.141393       0.0016562      9.21529e-05    
0.151144       0.00159467     9.04249e-05    
0.160895       0.00175875     9.4963e-05     
0.170646       0.00190233     9.87629e-05    
0.180398       0.00216383     0.000105333    
0.190149       0.00217409     0.000105582    
0.1999         0.00237919     0.000110688    
0.209651       0.00249712     0.000113154    
0.219402       0.00252276     0.000113733    
0.229154       0.00288169     0.000121555    
0.238905       0.00281503     0.000120141    
0.248656       0.00287144     0.000121339    
0.258407       0.00288169     0.000121555    
0.268159       0.00306628     0.000125388    
0.27791        0.00286631     0.00012123     
0.287661       0.00303552     0.000124757    
0.297412       0.00343034     0.000132622    
0.307163       0.00352264     0.000134395    
0.316915       0.00339957     0.000132026    
0.326666       0.00347136     0.000133413    
0.336417       0.00377901     0.000139199    
0.346168       0.00368159     0.000137393    
0.35592        0.00366621     0.000137106    
0.365671       0.00402001     0.000143569    
0.375422       0.00415333     0.00014593     
0.385173       0.00416871     0.0001462      
0.394924       0.00419435     0.000146649    
0.404676       0.00414307     0.00014575     
0.414427       0.00431741     0.000148785    
0.424178       0.00492759     0.000158951    
0.433929       0.00458917     0.000153396    
0.443681       0.00469172     0.0001551      
0.453432       0.00480965     0.000157037    
0.463183       0.00465583     0.000154506    
0.472934       0.00501988     0.000160432    
0.482685       0.00490195     0.000158537    
0.492437       0.0052455      0.000163998    
0.502188       0.00505065     0.000160923    
0.511939       0.00529165     0.000164717    
0.52169        0.00533267     0.000165355    
0.531441       0.00522499     0.000163677    
0.541193       0.00529165     0.000164717    
0.550944       0.00584029     0.000173046    
0.560695       0.00571211     0.000171136    
0.570446       0.00588132     0.000173652    
0.580198       0.00602489     0.000175759    
0.589949       0.00590695     0.00017403     
0.5997         0.00592746     0.000174332    
0.609451       0.00605052     0.000176132    
0.619202       0.00608129     0.00017658     
0.628954       0.0063069      0.000179825    
0.638705       0.00622999     0.000178725    
0.648456       0.00620435     0.000178357    
0.658207       0.00621973     0.000178578    
0.667959       0.00614282     0.000177471    
0.67771        0.00628127     0.000179459    
0.687461       0.00638382     0.000180918    
0.697212       0.00655815     0.000183515    
0.706963       0.00682991     0.000187132    
0.716715       0.00671711     0.000185581    
0.726466       0.00649662     0.00018251     
0.736217       0.00657866     0.000183658    
0.745968       0.0066043      0.000184016    
0.75572        0.00670685     0.000185439    
0.765471       0.00692221     0.000188392    
0.775222       0.00678889     0.00018657     
0.784973       0.00658892     0.000183801    
0.794724       0.0068094      0.000186851    
0.804476       0.00687094     0.000187693    
0.814227       0.00719397     0.000192055    
0.823978       0.00704527     0.000190059    
0.833729       0.00685555     0.000187483    
0.843481       0.00691196     0.000188253    
0.853232       0.00698374     0.000189228    
0.862983       0.00706065     0.000190267    
0.872734       0.00694272     0.000188671    
0.882485       0.00696836     0.000189019    
0.892237       0.00706065     0.000190267    
0.901988       0.00678377     0.000186499    
0.911739       0.0074042      0.00019484     
0.92149        0.0069581      0.00018888     
0.931242       0.00716321     0.000191644    
0.940993       0.00678889     0.00018657     
0.950744       0.00733242     0.000193894    
0.960495       0.0072914      0.000193351    
0.970246       0.00715808     0.000191575    
0.979998       0.00725037     0.000192806    
0.989749       0.00730678     0.000193554    
0.9995         0.00734267     0.000194029    
1.00925        0.00707091     0.000190543    
1.019          0.00703502     0.000189921    
1.02875        0.00666071     0.0001848      
1.0385         0.00711706     0.000191025    
1.04826        0.00711706     0.000191025    
1.05801        0.006994       0.000189367    
1.06776        0.00700938     0.000189575    
1.07751        0.00697349     0.000189089    
1.08726        0.00702989     0.000189852    
1.09701        0.00676326     0.000186217    
1.10676        0.00682479     0.000187062    
1.11651        0.00707604     0.000190474    
1.12627        0.00703502     0.000190059    
1.13602        0.00688119     0.000187833    
1.14577        0.00659405     0.000183873    
1.15552        0.00691196     0.000188253    
1.16527        0.00677864     0.000186429    
1.17502        0.00671198     0.00018551     
1.18477        0.00675813     0.000186146    
1.19452        0.00661968     0.00018423     
1.20428        0.00676326     0.000186217    
1.21403        0.00664532     0.000184586    
1.22378        0.00675813     0.000186146    
1.23353        0.00650688     0.000182654    
1.24328        0.00658379     0.00018373     
1.25303        0.00648124     0.000182293    
1.26278        0.00648637     0.000182365    
1.27253        0.00627614     0.000179386    
1.28229        0.00641971     0.000181426    
1.29204        0.0061941      0.00017821     
1.30179        0.00637869     0.000180846    
1.31154        0.00591208     0.000174106    
1.32129        0.0060454      0.000176058    
1.33104        0.00618897     0.000178136    
1.34079        0.00617871     0.000177988    
1.35054        0.0059531      0.000174709    
1.3603         0.0059531      0.000174709    
1.37005        0.00609667     0.000176803    
1.3798         0.00564032     0.000170057    
1.38955        0.0055429      0.000168582    
1.3993         0.00578389     0.000172361    
1.40905        0.00586593     0.000173425    
1.4188         0.00566083     0.000170366    
1.42855        0.0056916      0.000170829    
1.4383         0.0053583      0.000165752    
1.44806        0.0054506      0.000167173    
1.45781        0.00562494     0.000169825    
1.46756        0.00538907     0.000166227    
1.47731        0.00533267     0.000165355    
1.48706        0.00541471     0.000166622    
1.49681        0.00533779     0.000165434    
1.50656        0.00493272     0.000159033    
1.51631        0.00524037     0.000163918    
1.52607        0.00501988     0.000160432    
1.53582        0.00499425     0.000160022    
1.54557        0.0048558      0.000157789    
1.55532        0.00481478     0.000157121    
1.56507        0.00504039     0.00016076     
1.57482        0.00471223     0.000155439    
1.58457        0.00476863     0.000156366    
1.59432        0.00458404     0.000153481    
1.60408        0.00483016     0.000157372    
1.61383        0.00457891     0.000153224    
1.62358        0.00418409     0.00014647     
1.63333        0.00479427     0.000156786    
1.64308        0.00451226     0.000152105    
1.65283        0.00452251     0.000152278    
1.66258        0.00451226     0.000152105    
1.67233        0.00418922     0.000146559    
1.68209        0.00416358     0.00014611     
1.69184        0.00402514     0.00014366     
1.70159        0.00408667     0.000144754    
1.71134        0.00391746     0.000141726    
1.72109        0.00404052     0.000143935    
1.73084        0.00371236     0.000137966    
1.74059        0.00378927     0.000139388    
1.75034        0.00403539     0.000143843    
1.7601         0.00367646     0.000137298    
1.76985        0.00390208     0.000141447    
1.7796         0.00371748     0.000138061    
1.78935        0.00361493     0.000136337    
1.7991         0.00369185     0.000137584    
1.80885        0.00313807     0.000126847    
1.8186         0.00332266     0.000130524    
1.82835        0.00335343     0.000131127    
1.8381         0.00336881     0.000131428    
1.84786        0.00312269     0.000126536    
1.85761        0.00303039     0.000124652    
1.86736        0.00332779     0.000130625    
1.87711        0.00331753     0.000130424    
1.88686        0.00337394     0.000131528    
1.89661        0.00316371     0.000127364    
1.90636        0.00283554     0.000120578    
1.91611        0.00311243     0.000126328    
1.92587        0.00296373     0.000123273    
1.93562        0.00276888     0.000119152    
1.94537        0.00262531     0.000116022    
1.95512        0.00277401     0.000119262    
1.96487        0.00276888     0.000119152    
1.97462        0.00277401     0.000119262    
1.98437        0.00259455     0.00011534     
1.99412        0.00252276     0.000113733    
2.00388        0.00242021     0.000111398    
2.01363        0.00219972     0.000106203    
2.02338        0.00256378     0.000114654    
2.03313        0.00234842     0.000109733    
2.04288        0.00243559     0.000111751    
2.05263        0.00217921     0.000105706    
2.06238        0.0023074      0.000108771    
2.07213        0.00212794     0.000104455    
2.08189        0.0021023      0.000103824    
2.09164        0.00202026     0.000101778    
2.10139        0.0021023      0.000103824    
2.11114        0.00208179     0.000103316    
2.12089        0.0021023      0.000103824    
2.13064        0.00199462     0.00010113     
2.14039        0.00188182     9.82291e-05    
2.15014        0.0018972      9.86297e-05    
2.1599         0.00192796     9.94262e-05    
2.16965        0.00191258     9.90288e-05    
2.1794         0.00181003     9.63373e-05    
2.18915        0.00179977     9.6064e-05     
2.1989         0.00160493     9.07152e-05    
2.20865        0.00166646     9.24377e-05    
2.2184         0.00187156     9.79611e-05    
2.22815        0.00155878     8.94014e-05    
2.2379         0.00155878     8.94014e-05    
2.24766        0.00152289     8.83662e-05    
2.25741        0.0015075      8.79188e-05    
2.26716        0.00161518     9.10045e-05    
2.27691        0.00156903     8.9695e-05     
2.28666        0.00137419     8.39413e-05    
2.29641        0.00142546     8.5493e-05     
2.30616        0.00149725     8.76192e-05    
2.31591        0.00138444     8.42539e-05    
2.32567        0.00125625     8.02586e-05    
2.33542        0.00119985     7.84362e-05    
2.34517        0.00130753     8.18801e-05    
2.35492        0.00119985     7.84362e-05    
2.36467        0.00112294     7.58806e-05    
2.37442        0.00101526     7.21509e-05    
2.38417        0.00114857     7.67419e-05    
2.39392        0.0010973      7.50094e-05    
2.40368        0.00110243     7.51844e-05    
2.41343        0.00112806     7.60536e-05    
2.42318        0.00114345     7.65704e-05    
2.43293        0.00101013     7.19684e-05    
2.44268        0.00103064     7.26954e-05    
2.45243        0.000917834    6.86018e-05    
2.46218        0.000958854    7.01181e-05    
2.47193        0.000933217    6.91743e-05    
2.48169        0.000958854    7.01181e-05    
2.49144        0.000825538    6.50612e-05    
2.50119        0.000917834    6.86018e-05    
2.51094        0.00108704     7.46581e-05    
2.52069        0.000871686    6.6855e-05     
2.53044        0.000835793    6.54641e-05    
2.54019        0.000830665    6.5263e-05     
2.54994        0.000881941    6.72471e-05    
2.5597         0.000784517    6.34242e-05    
2.56945        0.000748624    6.19564e-05    
2.5792         0.00082041     6.48589e-05    
2.58895        0.000722986    6.08862e-05    
2.5987         0.000681966    5.91338e-05    
2.60845        0.000697349    5.9797e-05     
2.6182         0.000712731    6.04529e-05    
2.62795        0.00061018     5.59349e-05    
2.63771        0.000594797    5.52254e-05    
2.64746        0.000671711    5.86875e-05    
2.65721        0.000594797    5.52254e-05    
2.66696        0.000656328    5.80116e-05    
2.67671        0.000676838    5.8911e-05     
2.68646        0.000651201    5.77845e-05    
2.69621        0.000517884    5.15312e-05    
2.70596        0.000492246    5.02395e-05    
2.71571        0.000605052    5.56994e-05    
2.72547        0.000528139    5.2039e-05     
2.73522        0.000476863    4.94483e-05    
2.74497        0.000533267    5.2291e-05     
2.75472        0.000487119    4.99772e-05    
2.76447        0.000543522    5.27914e-05    
2.77422        0.000456353    4.83732e-05    
2.78397        0.000497374    5.05005e-05    
2.79372        0.000481991    4.97135e-05    
2.80348        0.000461481    4.86442e-05    
2.81323        0.000492246    5.02395e-05    
2.82298        0.000369185    4.35087e-05    
2.83273        0.000405078    4.55747e-05    
2.84248        0.000374312    4.38098e-05    
2.85223        0.000353802    4.25927e-05    
2.86198        0.000364057    4.32055e-05    
2.87173        0.000384567    4.44059e-05    
2.88149        0.000389695    4.4701e-05     
2.89124        0.000338419    4.16565e-05    
2.90099        0.00039995     4.52853e-05    
2.91074        0.000353802    4.25927e-05    
2.92049        0.000374312    4.38098e-05    
2.93024        0.000302526    3.93855e-05    
2.93999        0.000338419    4.16565e-05    
2.94974        0.000364057    4.32055e-05    
2.9595         0.000302526    3.93855e-05    
2.96925        0.000240995    3.51528e-05    
2.979          0.000343547    4.19708e-05    
2.98875        0.000343547    4.19708e-05    
2.9985         0.000240995    3.51528e-05    
3.00825        0.000302526    3.93855e-05    
3.018          0.000261506    3.66181e-05    
3.02775        0.000282016    3.8027e-05     
3.03751        0.000271761    3.73292e-05    
3.04726        0.000307654    3.97179e-05    
3.05701        0.000261506    3.66181e-05    
3.06676        0.000174337    2.98986e-05    
3.07651        0.000256378    3.62573e-05    
3.08626        0.00021023     3.28324e-05    
3.09601        0.000174337    2.98986e-05    
3.10576        0.000225613    3.40124e-05    
3.11551        0.000240995    3.51528e-05    
3.12527        0.000220485    3.36236e-05    
3.13502        0.000240995    3.51528e-05    
3.14477        0.000220485    3.36236e-05    
3.15452        0.000174337    2.98986e-05    
3.16427        0.000148699    2.76128e-05    
3.17402        0.00021023     3.28324e-05    
3.18377        0.000128189    2.56378e-05    
3.19352        0.000179465    3.0335e-05     
3.20328        0.000199975    3.20216e-05    
3.21303        0.000123062    2.51198e-05    
3.22278        0.000128189    2.56378e-05    
3.23253        0.000158954    2.8549e-05     
3.24228        0.000112806    2.40504e-05    
3.25203        0.000138444    2.66436e-05    
3.26178        9.74237e-05    2.23505e-05    
3.27153        0.000133317    2.61455e-05    
3.28129        0.000128189    2.56378e-05    
3.29104        0.000148699    2.76128e-05    
3.30079        7.17859e-05    1.91856e-05    
3.31054        0.000143572    2.71325e-05    
3.32029        0.000133317    2.61455e-05    
3.33004        0.000107679    2.34974e-05    
3.33979        9.22961e-05    2.17544e-05    
3.34954        8.2041e-05     2.05102e-05    
3.3593         0.000107679    2.34974e-05    
3.36905        0.000148699    2.76128e-05    
3.3788         6.15308e-05    1.77624e-05    
3.38855        9.74237e-05    2.23505e-05    
3.3983         8.71686e-05    2.11415e-05    
3.40805        8.71686e-05    2.11415e-05    
3.4178         9.74237e-05    2.23505e-05    
3.42755        8.71686e-05    2.11415e-05    
3.43731        8.2041e-05     2.05102e-05    
3.44706        7.69135e-05    1.9859e-05     
3.45681        8.71686e-05    2.11415e-05    
3.46656        8.2041e-05     2.05102e-05    
3.47631        0.000102551    2.29312e-05    
3.48606        6.15308e-05    1.77624e-05    
3.49581        0.000128189    2.56378e-05    
3.50556        5.12756e-05    1.62148e-05    
3.51531        6.15308e-05    1.77624e-05    
3.52507        6.66583e-05    1.84877e-05    
3.53482        6.66583e-05    1.84877e-05    
3.54457        6.15308e-05    1.77624e-05    
3.55432        5.64032e-05    1.70062e-05    
3.56407        8.71686e-05    2.11415e-05    
3.57382        4.61481e-05    1.53827e-05    
3.58357        9.74237e-05    2.23505e-05    
3.59332        6.66583e-05    1.84877e-05    
3.60308        3.58929e-05    1.35663e-05    
3.61283        4.10205e-05    1.45029e-05    
3.62258        3.07654e-05    1.25599e-05    
3.63233        5.12756e-05    1.62148e-05    
3.64208        6.15308e-05    1.77624e-05    
3.65183        2.05103e-05    1.02551e-05    
3.66158        5.64032e-05    1.70062e-05    
3.67133        3.58929e-05    1.35663e-05    
3.68109        5.64032e-05    1.70062e-05    
3.69084        3.07654e-05    1.25599e-05    
3.70059        3.58929e-05    1.35663e-05    
3.71034        3.58929e-05    1.35663e-05    
3.72009        2.56378e-05    1.14656e-05    
3.72984        5.64032e-05    1.70062e-05    
3.73959        3.07654e-05    1.25599e-05    
3.74934        3.58929e-05    1.35663e-05    
3.7591         6.15308e-05    1.77624e-05    
3.76885        2.56378e-05    1.14656e-05    
3.7786         3.58929e-05    1.35663e-05    
3.78835        4.10205e-05    1.45029e-05    
3.7981         2.56378e-05    1.14656e-05    
3.80785        4.10205e-05    1.45029e-05    
3.8176         1.53827e-05    8.8812e-06     
3.82735        2.05103e-05    1.02551e-05    
3.83711        3.58929e-05    1.35663e-05    
3.84686        2.56378e-05    1.14656e-05    
3.85661        1.53827e-05    8.8812e-06     
3.86636        1.53827e-05    8.8812e-06     
3.87611        1.02551e-05    7.25147e-06    
3.88586        1.02551e-05    7.25147e-06    
3.89561        1.53827e-05    8.8812e-06     
3.90536        2.56378e-05    1.14656e-05    
3.91511        1.02551e-05    7.25147e-06    
3.92487        2.56378e-05    1.14656e-05    
3.93462        1.53827e-05    8.8812e-06     
3.94437        1.02551e-05    7.25147e-06    
3.95412        5.12756e-06    5.12756e-06    
3.96387        3.07654e-05    1.25599e-05    
3.97362        1.53827e-05    8.8812e-06     
3.98337        4.10205e-05    1.45029e-05    
3.99312        1.53827e-05    8.8812e-06     
4.00288        0              0              
4.01263        2.05103e-05    1.02551e-05    
4.02238        1.02551e-05    7.25147e-06    
4.03213        1.02551e-05    7.25147e-06    
4.04188        1.53827e-05    8.8812e-06     
4.05163        0              0              
4.06138        1.53827e-05    8.8812e-06     
4.07113        3.58929e-05    1.35663e-05    
4.08089        5.12756e-06    5.12756e-06    
4.09064        2.56378e-05    1.14656e-05    
4.10039        5.12756e-06    5.12756e-06    
4.11014        1.53827e-05    8.8812e-06     
4.11989        2.05103e-05    1.02551e-05    
4.12964        5.12756e-06    5.12756e-06    
4.13939        0              0              
4.14914        1.02551e-05    7.25147e-06    
4.1589         1.53827e-05    8.8812e-06     
4.16865        5.12756e-06    5.12756e-06    
4.1784         1.53827e-05    8.8812e-06     
4.18815        1.53827e-05    8.8812e-06     
4.1979         1.53827e-05    8.8812e-06     
4.20765        5.12756e-06    5.12756e-06    
4.2174         2.05103e-05    1.02551e-05    
4.22715        5.12756e-06    5.12756e-06    
4.23691        5.12756e-06    5.12756e-06    
4.24666        5.12756e-06    5.12756e-06    
4.25641        5.12756e-06    5.12756e-06    
4.26616        1.53827e-05    8.8812e-06     
4.27591        5.12756e-06    5.12756e-06    
4.28566        5.12756e-06    5.12756e-06    
4.29541        5.12756e-06    5.12756e-06    
4.30516        0              0              
4.31491        1.53827e-05    8.8812e-06     
4.32467        2.05103e-05    1.02551e-05    
4.33442        5.12756e-06    5.12756e-06    
4.34417        0              0              
4.35392        1.02551e-05    7.25147e-06    
4.36367        1.02551e-05    7.25147e-06    
4.37342        5.12756e-06    5.12756e-06    
4.38317        5.12756e-06    5.12756e-06    
4.39292        5.12756e-06    5.12756e-06    
4.40268        0              0              
4.41243        1.02551e-05    7.25147e-06    
4.42218        0              0              
4.43193        0              0              
4.44168        1.02551e-05    7.25147e-06    
4.45143        0              0              
4.46118        1.02551e-05    7.25147e-06    
4.47093        1.02551e-05    7.25147e-06    
4.48069        5.12756e-06    5.12756e-06    
4.49044        0              0              
4.50019        1.02551e-05    7.25147e-06    
4.50994        5.12756e-06    5.12756e-06    
4.51969        1.02551e-05    7.25147e-06    
4.52944        1.02551e-05    7.25147e-06    
4.53919        5.12756e-06    5.12756e-06    
4.54894        0              0              
4.5587         5.12756e-06    5.12756e-06    
4.56845        0              0              
4.5782         0              0              
4.58795        0              0              
4.5977         5.12756e-06    5.12756e-06    
4.60745        0              0              
4.6172         0              0              
4.62695        0              0              
4.63671        5.12756e-06    5.12756e-06    
4.64646        0              0              
4.65621        0              0              
4.66596        1.02551e-05    7.25147e-06    
4.67571        5.12756e-06    5.12756e-06    
4.68546        5.12756e-06    5.12756e-06    
4.69521        0              0              
4.70496        5.12756e-06    5.12756e-06    
4.71471        0              0              
4.72447        0              0              
4.73422        0              0              
4.74397        0              0              
4.75372        0              0              
4.76347        0              0              
4.77322        0              0              
4.78297        0              0              
4.79272        0              0              
4.80248        5.12756e-06    5.12756e-06    
4.81223        5.12756e-06    5.12756e-06    
4.82198        0              0              
4.83173        0              0              
4.84148        0              0              
4.85123        0              0              
4.86098        0              0              
4.87073        0              0              
