p (GeV)        dN/dp          error          
0.00293827     9.35924e-05    2.82192e-05    
0.00881482     0.000399895    5.83306e-05    
0.0146914      0.00112311     9.77538e-05    
0.0205679      0.00238235     0.000142372    
0.0264444      0.00382027     0.000180288    
0.032321       0.00598992     0.000225749    
0.0381975      0.00788729     0.000259047    
0.0440741      0.0114693      0.000312376    
0.0499506      0.01369        0.000341278    
0.0558272      0.0177655      0.000388768    
0.0617037      0.0210838      0.000423518    
0.0675803      0.0259251      0.000469625    
0.0734568      0.0296603      0.000502312    
0.0793333      0.0365351      0.000557484    
0.0852099      0.0414359      0.00059369     
0.0910864      0.0469834      0.000632288    
0.096963       0.0521735      0.000666166    
0.10284        0.0591419      0.000709347    
0.108716       0.0649872      0.000743553    
0.114593       0.0733254      0.000789967    
0.120469       0.0807532      0.000828794    
0.126346       0.0884533      0.000867465    
0.132222       0.0958472      0.00090304     
0.138099       0.105377       0.000946819    
0.143975       0.110754       0.000970724    
0.149852       0.122266       0.00101993     
0.155728       0.132365       0.00106116     
0.161605       0.140312       0.00109271     
0.167482       0.14985        0.00112904     
0.173358       0.162383       0.00117548     
0.179235       0.17101        0.001206       
0.185111       0.181714       0.00124369     
0.190988       0.193566       0.00128339     
0.196864       0.204933       0.00132045     
0.202741       0.214063       0.00134952     
0.208617       0.225839       0.00138605     
0.214494       0.236176       0.00141719     
0.22037        0.248173       0.00145321     
0.226247       0.260714       0.00148946     
0.232123       0.275349       0.00153075     
0.238          0.285755       0.00155944     
0.243877       0.297956       0.001592       
0.249753       0.309051       0.00162163     
0.25563        0.323472       0.00165876     
0.261506       0.334227       0.00168631     
0.267383       0.348377       0.00172175     
0.273259       0.361803       0.0017546      
0.279136       0.372625       0.0017809      
0.285012       0.386775       0.00181384     
0.290889       0.404523       0.0018554      
0.296765       0.415261       0.00187966     
0.302642       0.424782       0.00190117     
0.308519       0.439612       0.00193424     
0.314395       0.453659       0.00196444     
0.320272       0.464933       0.00198931     
0.326148       0.478691       0.0020176      
0.332025       0.494534       0.00205192     
0.337901       0.506794       0.0020763      
0.343778       0.518698       0.00210072     
0.349654       0.530048       0.00212402     
0.355531       0.546554       0.00215685     
0.361407       0.558109       0.00217905     
0.367284       0.568914       0.00219987     
0.373161       0.585574       0.00223235     
0.379037       0.598889       0.00225776     
0.384914       0.609525       0.00227687     
0.39079        0.623513       0.00230299     
0.396667       0.6411         0.00233532     
0.402543       0.653079       0.00235709     
0.40842        0.661477       0.00237218     
0.414296       0.673738       0.00239477     
0.420173       0.688772       0.00242076     
0.426049       0.697825       0.00243652     
0.431926       0.710537       0.00245843     
0.437803       0.724899       0.00248339     
0.443679       0.733943       0.00249937     
0.449556       0.747208       0.00252165     
0.455432       0.75655        0.00253671     
0.461309       0.772001       0.0025626      
0.467185       0.779004       0.00257432     
0.473062       0.79055        0.00259324     
0.478938       0.803278       0.00261409     
0.484815       0.812323       0.00262836     
0.490691       0.819112       0.00264001     
0.496568       0.833151       0.00266259     
0.502445       0.839703       0.00267307     
0.508321       0.850236       0.00268938     
0.514198       0.870912       0.00272246     
0.520074       0.866683       0.00271533     
0.525951       0.879071       0.00273561     
0.531827       0.885401       0.00274512     
0.537704       0.901355       0.00276938     
0.54358        0.905881       0.00277609     
0.549457       0.912543       0.00278726     
0.555333       0.923859       0.00280424     
0.56121        0.926233       0.00280706     
0.567086       0.936307       0.00282245     
0.572963       0.940136       0.00282851     
0.57884        0.952558       0.00284728     
0.584716       0.961832       0.00286095     
0.590593       0.965559       0.00286572     
0.596469       0.977062       0.0028834      
0.602346       0.978015       0.00288519     
0.608222       0.98215        0.00289051     
0.614099       0.990293       0.00290268     
0.619975       0.987902       0.00289984     
0.625852       1.00357        0.00292158     
0.631728       1.00215        0.00292028     
0.637605       1.01136        0.0029337      
0.643482       1.01163        0.0029336      
0.649358       1.02294        0.00294971     
0.655235       1.02581        0.00295364     
0.661111       1.02428        0.00295162     
0.666988       1.03498        0.00296803     
0.672864       1.03136        0.00296227     
0.678741       1.03746        0.00297113     
0.684617       1.03769        0.00297102     
0.690494       1.04204        0.00297755     
0.69637        1.04398        0.00298039     
0.702247       1.05426        0.00299477     
0.708124       1.04907        0.00298791     
0.714          1.05315        0.00299372     
0.719877       1.04864        0.00298676     
0.725753       1.06157        0.00300541     
0.73163        1.05534        0.00299662     
0.737506       1.05243        0.00299324     
0.743383       1.05954        0.00300246     
0.749259       1.06028        0.00300427     
0.755136       1.06179        0.00300512     
0.761012       1.06047        0.00300243     
0.766889       1.05549        0.00299669     
0.772766       1.06308        0.00300666     
0.778642       1.06007        0.00300281     
0.784519       1.0536         0.00299434     
0.790395       1.05555        0.00299716     
0.796272       1.05299        0.00299326     
0.802148       1.05687        0.0029987      
0.808025       1.05379        0.00299368     
0.813901       1.05759        0.00299949     
0.819778       1.05311        0.0029932      
0.825654       1.04617        0.00298286     
0.831531       1.0492         0.00298768     
0.837408       1.04527        0.00298222     
0.843284       1.04035        0.00297548     
0.849161       1.03109        0.00296186     
0.855037       1.04226        0.00297752     
0.860914       1.03287        0.00296477     
0.86679        1.02692        0.00295596     
0.872667       1.02451        0.00295256     
0.878543       1.02554        0.00295435     
0.88442        1.02031        0.00294611     
0.890296       1.01572        0.00293988     
0.896173       1.01282        0.00293518     
0.90205        1.00832        0.00292915     
0.907926       1.00495        0.00292528     
0.913803       0.998478       0.00291444     
0.919679       0.997431       0.00291291     
0.925556       0.996776       0.00291243     
0.931432       0.993492       0.00290716     
0.937309       0.987332       0.00289929     
0.943185       0.981682       0.00288978     
0.949062       0.976739       0.00288205     
0.954938       0.969328       0.00287124     
0.960815       0.969907       0.00287254     
0.966691       0.965474       0.00286562     
0.972568       0.955034       0.00285056     
0.978445       0.951716       0.0028453      
0.984321       0.947725       0.00283924     
0.990198       0.942671       0.00283195     
0.996074       0.934895       0.00282006     
1.00195        0.932504       0.00281734     
1.00783        0.920039       0.00279858     
1.0137         0.923953       0.00280353     
1.01958        0.910152       0.00278295     
1.02546        0.905439       0.00277495     
1.03133        0.900146       0.00276767     
1.03721        0.897994       0.00276416     
1.04309        0.887503       0.00274761     
1.04896        0.883853       0.0027428      
1.05484        0.873745       0.00272642     
1.06072        0.873464       0.00272614     
1.06659        0.8671         0.00271523     
1.07247        0.859927       0.00270491     
1.07835        0.856235       0.00269943     
1.08422        0.852397       0.0026933      
1.0901         0.840409       0.00267432     
1.09598        0.837763       0.00267015     
1.10185        0.832768       0.00266261     
1.10773        0.823375       0.00264705     
1.11361        0.821784       0.00264405     
1.11948        0.813565       0.0026312      
1.12536        0.807975       0.00262171     
1.13123        0.796531       0.00260367     
1.13711        0.790558       0.00259356     
1.14299        0.783045       0.00258121     
1.14886        0.78165        0.00257862     
1.15474        0.771431       0.00256183     
1.16062        0.764165       0.00254948     
1.16649        0.760311       0.00254392     
1.17237        0.758379       0.00254038     
1.17825        0.748739       0.00252352     
1.18412        0.741728       0.00251247     
1.19           0.736632       0.00250324     
1.19588        0.726481       0.00248631     
1.20175        0.719683       0.00247457     
1.20763        0.716246       0.00246847     
1.21351        0.704147       0.00244709     
1.21938        0.700216       0.0024406      
1.22526        0.698812       0.0024387      
1.23114        0.686084       0.00241577     
1.23701        0.679294       0.00240484     
1.24289        0.676648       0.00239971     
1.24877        0.666225       0.00238113     
1.25464        0.658474       0.00236646     
1.26052        0.658516       0.00236709     
1.2664         0.650093       0.00235192     
1.27227        0.643082       0.00233875     
1.27815        0.636173       0.00232686     
1.28402        0.630158       0.00231574     
1.2899         0.620263       0.00229765     
1.29578        0.616732       0.00229115     
1.30165        0.611261       0.0022806      
1.30753        0.608598       0.00227538     
1.31341        0.599987       0.00225901     
1.31928        0.593419       0.00224692     
1.32516        0.58622        0.00223306     
1.33104        0.578001       0.00221761     
1.33691        0.574104       0.00221011     
1.34279        0.57088        0.0022039      
1.34867        0.561589       0.00218588     
1.35454        0.555582       0.00217467     
1.36042        0.550247       0.00216384     
1.3663         0.543457       0.00215067     
1.37217        0.535153       0.00213375     
1.37805        0.532269       0.00212775     
1.38393        0.525096       0.00211338     
1.3898         0.519948       0.00210285     
1.39568        0.515737       0.00209475     
1.40156        0.510402       0.00208451     
1.40743        0.503902       0.0020703      
1.41331        0.495368       0.00205272     
1.41919        0.492032       0.00204623     
1.42506        0.488629       0.00203883     
1.43094        0.484911       0.0020312      
1.43682        0.476062       0.0020128      
1.44269        0.471884       0.00200385     
1.44857        0.463827       0.00198655     
1.45444        0.458841       0.00197565     
1.46032        0.453004       0.00196296     
1.4662         0.446342       0.00194843     
1.47207        0.44276        0.0019409      
1.47795        0.438906       0.00193266     
1.48383        0.432133       0.00191728     
1.4897         0.426407       0.00190456     
1.49558        0.421506       0.00189371     
1.50146        0.415108       0.00187901     
1.50733        0.414819       0.00187878     
1.51321        0.407723       0.00186245     
1.51909        0.404192       0.00185433     
1.52496        0.398083       0.00184001     
1.53084        0.393675       0.00183039     
1.53672        0.38954        0.00182005     
1.54259        0.383031       0.00180512     
1.54847        0.378318       0.00179419     
1.55435        0.37243        0.00178056     
1.56022        0.367206       0.00176772     
1.5661         0.362432       0.00175575     
1.57198        0.356519       0.00174171     
1.57785        0.352341       0.00173144     
1.58373        0.350546       0.00172679     
1.58961        0.34659        0.00171743     
1.59548        0.338456       0.00169708     
1.60136        0.337443       0.00169485     
1.60723        0.332542       0.00168212     
1.61311        0.326229       0.00166622     
1.61899        0.322894       0.00165789     
1.62486        0.316453       0.00164121     
1.63074        0.312343       0.00163012     
1.63662        0.312531       0.00163074     
1.64249        0.304269       0.00160926     
1.64837        0.304558       0.00160935     
1.65425        0.29816        0.00159272     
1.66012        0.297871       0.00159218     
1.666          0.290536       0.00157239     
1.67188        0.286291       0.00156058     
1.67775        0.282751       0.00155084     
1.68363        0.280097       0.00154403     
1.68951        0.277672       0.00153731     
1.69538        0.268814       0.0015123      
1.70126        0.268381       0.00151118     
1.70714        0.263905       0.00149861     
1.71301        0.265198       0.00150198     
1.71889        0.259557       0.00148601     
1.72477        0.254418       0.00147117     
1.73064        0.24933        0.00145648     
1.73652        0.246301       0.00144793     
1.7424         0.243204       0.00143883     
1.74827        0.236865       0.00142012     
1.75415        0.232935       0.00140766     
1.76002        0.233079       0.00140779     
1.7659         0.230433       0.0014001      
1.77178        0.226953       0.00138951     
1.77765        0.224766       0.00138277     
1.78353        0.220368       0.00136968     
1.78941        0.217049       0.00135888     
1.79528        0.21248        0.00134438     
1.80116        0.211723       0.00134263     
1.80704        0.207758       0.00132944     
1.81291        0.205963       0.00132381     
1.81879        0.203504       0.00131585     
1.82467        0.199403       0.00130266     
1.83054        0.197846       0.00129724     
1.83642        0.193677       0.00128359     
1.8423         0.192868       0.00128097     
1.84817        0.186394       0.00125921     
1.85405        0.187338       0.00126234     
1.85993        0.18385        0.00125049     
1.8658         0.18134        0.00124218     
1.87168        0.180114       0.00123798     
1.87756        0.176158       0.0012241      
1.88343        0.174422       0.00121801     
1.88931        0.169709       0.00120195     
1.89519        0.167624       0.00119402     
1.90106        0.163004       0.00117772     
1.90694        0.1636         0.00117986     
1.91282        0.160647       0.00116944     
1.91869        0.157244       0.00115664     
1.92457        0.157286       0.00115686     
1.93044        0.153092       0.00114136     
1.93632        0.150258       0.00113045     
1.9422         0.148701       0.00112484     
1.94807        0.147357       0.00111956     
1.95395        0.142329       0.00110045     
1.95983        0.143086       0.00110304     
1.9657         0.142711       0.00110179     
1.97158        0.138159       0.00108404     
1.97746        0.137666       0.0010823      
1.98333        0.133539       0.00106558     
1.98921        0.130723       0.00105471     
1.99509        0.127618       0.00104191     
2.00096        0.12686        0.0010391      
2.00684        0.128468       0.00104552     
2.01272        0.123193       0.00102365     
2.01859        0.120726       0.00101343     
2.02447        0.119381       0.00100763     
2.03035        0.121143       0.00101524     
2.03622        0.114744       0.000988034    
2.0421         0.11397        0.000984773    
2.04798        0.113153       0.000981021    
2.05385        0.111341       0.000973215    
2.05973        0.110226       0.000968337    
2.06561        0.108771       0.000961932    
2.07148        0.105538       0.000947315    
2.07736        0.104602       0.000943107    
2.08323        0.103096       0.000936452    
2.08911        0.102645       0.000934714    
2.09499        0.100501       0.000924837    
2.10086        0.0983146      0.000914419    
2.10674        0.0953622      0.000900755    
2.11262        0.0970383      0.000908628    
2.11849        0.0928011      0.000888835    
2.12437        0.0930989      0.000889932    
2.13025        0.0914823      0.000882179    
2.13612        0.0887001      0.000868839    
2.142          0.0864113      0.000857402    
2.14788        0.087109       0.00086119     
2.15375        0.0837993      0.000844184    
2.15963        0.084097       0.000845939    
2.16551        0.0815105      0.000832755    
2.17138        0.0821912      0.000836309    
2.17726        0.0805661      0.000828096    
2.18314        0.0788474      0.000818962    
2.18901        0.0773754      0.000811376    
2.19489        0.0760056      0.000804078    
2.20077        0.0757758      0.000803043    
2.20664        0.0726958      0.00078648     
2.21252        0.0735636      0.000791065    
2.2184         0.0721342      0.000783624    
2.22427        0.070373       0.000773731    
2.23015        0.0693009      0.000767913    
2.23602        0.0683225      0.000762477    
2.2419         0.0659742      0.000749271    
2.24778        0.0656849      0.000747724    
2.25365        0.0646809      0.000741702    
2.25953        0.0633961      0.0007344      
2.26541        0.0638981      0.000737496    
2.27128        0.0621879      0.000727671    
2.27716        0.0613286      0.000722233    
2.28304        0.0596269      0.000712349    
2.28891        0.0595928      0.000711943    
2.29479        0.0572445      0.000697883    
2.30067        0.0577721      0.000701089    
2.30654        0.0563682      0.000692628    
2.31242        0.0554578      0.000687017    
2.3183         0.0533477      0.000673618    
2.32417        0.0530924      0.000672113    
2.33005        0.050642       0.000656539    
2.33593        0.050676       0.000656539    
2.3418         0.0508122      0.00065753     
2.34768        0.0510844      0.000659179    
2.35356        0.0476641      0.000637076    
2.35943        0.0477832      0.000637984    
2.36531        0.0469749      0.000632345    
2.37119        0.0462687      0.000627579    
2.37706        0.0449414      0.000618287    
2.38294        0.0455285      0.000622311    
2.38882        0.0432482      0.000606531    
2.39469        0.0444734      0.000615178    
2.40057        0.0434014      0.000607604    
2.40644        0.0420655      0.000598182    
2.41232        0.0418613      0.000596729    
2.4182         0.0407893      0.000589163    
2.42407        0.0402703      0.000585405    
2.42995        0.0394875      0.000579567    
2.43583        0.0390706      0.0005765      
2.4417         0.0394109      0.000579005    
2.44758        0.0367733      0.000559298    
2.45346        0.0370115      0.000561107    
2.45933        0.0354885      0.000549575    
2.46521        0.0358544      0.000552268    
2.47109        0.0349525      0.000545412    
2.47696        0.0347228      0.000543484    
2.48284        0.0330722      0.000530548    
2.48872        0.0335912      0.000534557    
2.49459        0.0324681      0.000525546    
2.50047        0.0317108      0.000519382    
2.50635        0.0316513      0.000518895    
2.51222        0.0313875      0.000516728    
2.5181         0.0296433      0.000502168    
2.52398        0.0306217      0.000510387    
2.52985        0.0292008      0.000498553    
2.53573        0.0299155      0.000504469    
2.54161        0.0292093      0.00049848     
2.54748        0.0277544      0.000486058    
2.55336        0.0276438      0.000485089    
2.55923        0.0272524      0.000481495    
2.56511        0.0266994      0.000476585    
2.57099        0.0256698      0.000467308    
2.57686        0.0264186      0.000474073    
2.58274        0.0238065      0.00045003     
2.58862        0.0252359      0.000463342    
2.59449        0.0247765      0.000459263    
2.60037        0.0239597      0.000451475    
2.60625        0.0239597      0.000451475    
2.61212        0.0230067      0.000442407    
2.618          0.0231258      0.000443551    
2.62388        0.0228195      0.000440604    
2.62975        0.0231003      0.000443306    
2.63563        0.0214242      0.000427092    
2.64151        0.0215773      0.000428614    
2.64738        0.0205818      0.000418619    
2.65326        0.0206839      0.000419483    
2.65914        0.0210498      0.000423176    
2.66501        0.0200628      0.000413137    
2.67089        0.0196544      0.000408911    
2.67677        0.0188461      0.000400415    
2.68264        0.0189908      0.000401949    
2.68852        0.0185228      0.000396966    
2.6944         0.0183867      0.000395505    
2.70027        0.0173997      0.000384933    
2.70615        0.0173061      0.000383897    
2.71203        0.0174507      0.000385308    
2.7179         0.0170764      0.000381154    
2.72378        0.0164893      0.000374545    
2.72965        0.0164893      0.000374545    
2.73553        0.0162         0.000371245    
2.74141        0.0160043      0.000368996    
2.74728        0.0149833      0.000357033    
2.75316        0.0148472      0.000355408    
2.75904        0.014711       0.000353775    
2.76491        0.014694       0.00035357     
2.77079        0.0142771      0.000348518    
2.77667        0.0141154      0.00034654     
2.78254        0.0140133      0.000345284    
2.78842        0.0138347      0.000343076    
2.7943         0.0135964      0.00034011     
2.80017        0.0126945      0.000328637    
2.80605        0.0133752      0.000337546    
2.81193        0.012703       0.000328747    
2.8178         0.0125244      0.000326427    
2.82368        0.0127371      0.000329187    
2.82956        0.0119968      0.000319479    
2.83543        0.0123542      0.000324202    
2.84131        0.0115204      0.000313071    
2.84719        0.011682       0.00031526     
2.85306        0.011129       0.000307707    
2.85894        0.0112396      0.000309466    
2.86482        0.0108312      0.000303801    
2.87069        0.0108908      0.000304396    
2.87657        0.0105334      0.000299361    
2.88244        0.0102101      0.000294731    
2.88832        0.00975063     0.000288023    
2.8942         0.010142       0.000293747    
2.90007        0.00979317     0.000288651    
2.90595        0.00964853     0.000286512    
2.91183        0.00932521     0.000281671    
2.9177         0.00936775     0.000282312    
2.92358        0.00939328     0.000282697    
2.92946        0.00905294     0.000277528    
2.93533        0.00898487     0.000276483    
