0.00387561     0              0              
0.0116268      0              0              
0.0193781      3.2253e-05     1.4424e-05     
0.0271293      2.58024e-05    1.29012e-05    
0.0348805      3.87036e-05    1.58007e-05    
0.0426317      0.00010966     2.65965e-05    
0.0503829      0.000141913    3.0256e-05     
0.0581341      0.000129012    2.88479e-05    
0.0658854      0.000141913    3.0256e-05     
0.0736366      0.000270925    4.18046e-05    
0.0813878      0.000303178    4.4223e-05     
0.089139       0.000399937    5.0792e-05     
0.0968902      0.000503147    5.697e-05      
0.104641       0.000587004    6.15346e-05    
0.112393       0.000509597    5.73341e-05    
0.120144       0.000716016    6.79611e-05    
0.127895       0.000793423    7.15404e-05    
0.135646       0.000799874    7.18306e-05    
0.143398       0.000915985    7.68675e-05    
0.151149       0.00121271     8.84457e-05    
0.1589         0.00136753     9.39216e-05    
0.166651       0.00136108     9.36998e-05    
0.174402       0.00138043     9.43636e-05    
0.182154       0.00152879     9.93051e-05    
0.189905       0.00179972     0.000107745    
0.197656       0.00191583     0.000111167    
0.205407       0.0021158      0.000116824    
0.213159       0.00217385     0.000118416    
0.22091        0.00230931     0.00012205     
0.228661       0.00243188     0.000125247    
0.236412       0.00269635     0.000131881    
0.244163       0.00292857     0.000137443    
0.251915       0.00296727     0.000138348    
0.259666       0.0032898      0.000145673    
0.267417       0.00370264     0.000154543    
0.275168       0.00371554     0.000154812    
0.28292        0.00368329     0.000154139    
0.290671       0.00419289     0.000164456    
0.298422       0.00452832     0.000170907    
0.306173       0.00418644     0.000164329    
0.313924       0.00440576     0.000168579    
0.321676       0.004896       0.00017771     
0.329427       0.00493471     0.000178411    
0.337178       0.00505727     0.000180613    
0.344929       0.00532819     0.000185388    
0.352681       0.00545075     0.000187508    
0.360432       0.0059797      0.000196395    
0.368183       0.00646995     0.000204286    
0.375934       0.00665702     0.000207219    
0.383685       0.00657961     0.00020601     
0.391437       0.00730208     0.000217026    
0.399188       0.00752785     0.000220355    
0.406939       0.007573       0.000221015    
0.41469        0.00831482     0.000231586    
0.422441       0.00792133     0.00022604     
0.430193       0.00861155     0.000235682    
0.437944       0.00948883     0.000247395    
0.445695       0.00928241     0.000244689    
0.453446       0.00953398     0.000247983    
0.461198       0.00990167     0.000252719    
0.468949       0.00991457     0.000252883    
0.4767         0.010379       0.000258738    
0.484451       0.0103339      0.000258175    
0.492202       0.0114498      0.000271756    
0.499954       0.0114756      0.000272062    
0.507705       0.0113982      0.000271143    
0.515456       0.0119981      0.000278187    
0.523207       0.0125851      0.00028491     
0.530959       0.0126496      0.000285639    
0.53871        0.0129722      0.000289257    
0.546461       0.0136624      0.000296852    
0.554212       0.0139849      0.000300335    
0.561963       0.0145784      0.000306641    
0.569715       0.0140752      0.000301303    
0.577466       0.0144106      0.000304872    
0.585217       0.0151654      0.000312752    
0.592968       0.0154363      0.000315533    
0.60072        0.0156879      0.000318094    
0.608471       0.016649       0.000327692    
0.616222       0.0164168      0.000325399    
0.623973       0.017307       0.000334104    
0.631724       0.016849       0.000329654    
0.639476       0.0180294      0.000341005    
0.647227       0.0185326      0.00034585     
0.654978       0.0187003      0.00034729     
0.662729       0.0191712      0.000351635    
0.670481       0.0193389      0.00035317     
0.678232       0.0192937      0.000352875    
0.685983       0.0208161      0.000366408    
0.693734       0.0201001      0.000360167    
0.701485       0.0212483      0.000370191    
0.709237       0.0216095      0.000373324    
0.716988       0.0218288      0.000375324    
0.724739       0.0220481      0.000377093    
0.73249        0.02239        0.000380005    
0.740242       0.0226803      0.00038246     
0.747993       0.0227706      0.000383221    
0.755744       0.0237317      0.000391223    
0.763495       0.02428        0.000395716    
0.771246       0.0241446      0.000394716    
0.778998       0.0241446      0.000394611    
0.786749       0.0252347      0.00040342     
0.7945         0.0247767      0.000399743    
0.802251       0.0260282      0.000409711    
0.810002       0.0262281      0.000411282    
0.817754       0.0269441      0.000416857    
0.825505       0.0272538      0.000419344    
0.833256       0.0264926      0.000413551    
0.841007       0.0272925      0.000419542    
0.848759       0.0280988      0.000425791    
0.85651        0.0277311      0.000423096    
0.864261       0.0284923      0.00042876     
0.872012       0.0285955      0.000429438    
0.879763       0.0288922      0.00043166     
0.887515       0.0292148      0.000434158    
0.895266       0.0300662      0.000440435    
0.903017       0.0300211      0.000440105    
0.910768       0.0301888      0.000441237    
0.91852        0.0309306      0.000446624    
0.926271       0.0310403      0.000447508    
0.934022       0.0304146      0.000442884    
0.941773       0.0307048      0.000445085    
0.949524       0.0317627      0.000452591    
0.957276       0.031866       0.000453325    
0.965027       0.0331625      0.000462453    
0.972778       0.0319692      0.00045415     
0.980529       0.0333431      0.0004638      
0.988281       0.0326981      0.000459204    
0.996032       0.0340721      0.000468751    
1.00378        0.0339495      0.000467907    
1.01153        0.0335044      0.000465009    
1.01929        0.0353751      0.000477714    
1.02704        0.0347623      0.000473561    
1.03479        0.0349364      0.000474745    
1.04254        0.0356976      0.000480146    
1.05029        0.0358847      0.000481314    
1.05804        0.0360072      0.000481875    
1.06579        0.0366781      0.000486342    
1.07354        0.0353815      0.000477671    
1.0813         0.0356073      0.000479192    
1.08905        0.036691       0.000486513    
1.0968         0.0374199      0.000491319    
1.10455        0.0367684      0.00048694     
1.1123         0.0359234      0.000481486    
1.12005        0.0378586      0.000494104    
1.1278         0.0372135      0.000489878    
1.13555        0.036891       0.000487751    
1.1433         0.0375038      0.000491953    
1.15106        0.037407       0.000491234    
1.15881        0.0376715      0.000493051    
1.16656        0.0377166      0.000493346    
1.17431        0.0369748      0.000488305    
1.18206        0.0388778      0.000500709    
1.18981        0.037865       0.000494399    
1.19756        0.0384778      0.000498127    
1.20531        0.0380198      0.000495239    
1.21307        0.0379553      0.000494735    
1.22082        0.0394002      0.000504309    
1.22857        0.0383682      0.000497501    
1.23632        0.0390584      0.00050187     
1.24407        0.0396647      0.000505832    
1.25182        0.0387681      0.000500252    
1.25957        0.0381811      0.000496204    
1.26732        0.0397808      0.000506489    
1.27508        0.0388326      0.000500501    
1.28283        0.0394583      0.000504597    
1.29058        0.0391358      0.000502615    
1.29833        0.0391745      0.000502698    
1.30608        0.0388068      0.000500418    
1.31383        0.0392712      0.000503483    
1.32158        0.0383682      0.000497501    
1.32933        0.0380972      0.000495826    
1.33709        0.0387423      0.000500002    
1.34484        0.0384907      0.000498211    
1.35259        0.038523       0.000498419    
1.36034        0.0385101      0.000498503    
1.36809        0.0390003      0.000501829    
1.37584        0.0393357      0.000503731    
1.38359        0.0386262      0.000499337    
1.39134        0.0391809      0.000502657    
1.3991         0.0390261      0.000501663    
1.40685        0.0384843      0.000498169    
1.4146         0.0388068      0.000500252    
1.42235        0.0391809      0.000502657    
1.4301         0.0381166      0.000495868    
1.43785        0.0382133      0.000496497    
1.4456         0.0381424      0.000496036    
1.45335        0.0383165      0.00049725     
1.4611         0.0378715      0.000494272    
1.46886        0.0381488      0.000495994    
1.47661        0.0379231      0.000494693    
1.48436        0.0375167      0.000492122    
1.49211        0.0373812      0.000491149    
1.49986        0.036762       0.000486897    
1.50761        0.0378005      0.000493809    
1.51536        0.0376521      0.00049284     
1.52311        0.0373167      0.000490726    
1.53087        0.0362846      0.000483813    
1.53862        0.0367878      0.000487154    
1.54637        0.0367491      0.000486812    
1.55412        0.035717       0.000480016    
1.56187        0.0365813      0.0004857      
1.56962        0.0356137      0.000479496    
1.57737        0.0363556      0.000484199    
1.58512        0.0361427      0.00048278     
1.59288        0.0358073      0.000480535    
1.60063        0.035388       0.000477714    
1.60838        0.0354396      0.000478062    
1.61613        0.035646       0.000479626    
1.62388        0.0352396      0.000476799    
1.63163        0.0351687      0.000476232    
1.63938        0.0337366      0.000466438    
1.64713        0.0334915      0.000465009    
1.65489        0.03473        0.000473342    
1.66264        0.0343623      0.000470831    
1.67039        0.0333302      0.000463711    
1.67814        0.0341753      0.00046946     
1.68589        0.0334592      0.000464517    
1.69364        0.033627       0.00046568     
1.70139        0.0333173      0.000463531    
1.70914        0.0316918      0.000452085    
1.7169         0.0325239      0.000458253    
1.72465        0.0319498      0.000454013    
1.7324         0.032124       0.000455248    
1.74015        0.0320014      0.000454287    
1.7479         0.0315757      0.000451348    
1.75565        0.031595       0.000451487    
1.7634         0.0316982      0.000452131    
1.77115        0.0306081      0.00044429     
1.7789         0.0308597      0.000446112    
1.78666        0.0309113      0.000446578    
1.79441        0.0297953      0.000438353    
1.80216        0.029576       0.000436737    
1.80991        0.0295695      0.000436785    
1.81766        0.0293696      0.00043521     
1.82541        0.0289374      0.000431997    
1.83316        0.0288148      0.000431082    
1.84091        0.0290019      0.000432478    
1.84867        0.0284471      0.000428323    
1.85642        0.0283568      0.000427643    
1.86417        0.0273892      0.000420384    
1.87192        0.0281182      0.000425937    
1.87967        0.0263636      0.000412342    
1.88742        0.0270861      0.000417953    
1.89517        0.0277569      0.000423391    
1.90292        0.0267377      0.000415257    
1.91068        0.0260024      0.000409508    
1.91843        0.026957       0.000416957    
1.92618        0.0256089      0.000406399    
1.93393        0.0259895      0.000409407    
1.94168        0.0253767      0.000404552    
1.94943        0.0257637      0.000407625    
1.95718        0.0251702      0.000402904    
1.96493        0.0247058      0.00039917     
1.97269        0.0246671      0.000398857    
1.98044        0.0236092      0.000390212    
1.98819        0.0238543      0.000392232    
1.99594        0.0235834      0.000390106    
2.00369        0.0236608      0.000390745    
2.01144        0.0231705      0.000386678    
2.01919        0.0228093      0.000383546    
2.02694        0.0237705      0.000391542    
2.0347         0.0229899      0.000385062    
2.04245        0.0225448      0.000381316    
2.0502         0.0222804      0.000379074    
2.05795        0.0214934      0.00037232     
2.0657         0.0219127      0.000375933    
2.07345        0.0210612      0.000368558    
2.0812         0.0210031      0.00036805     
2.08895        0.0210677      0.000368615    
2.09671        0.0206355      0.000364815    
2.10446        0.0207258      0.000365612    
2.11221        0.0202871      0.000361838    
2.11996        0.0197775      0.000357152    
2.12771        0.0196485      0.000356102    
2.13546        0.0192744      0.00035258     
2.14321        0.0192873      0.000352698    
2.15096        0.0188035      0.000348247    
2.15871        0.0189583      0.000349678    
2.16647        0.0179843      0.0003407      
2.17422        0.0183197      0.00034386     
2.18197        0.0184229      0.000344826    
2.18972        0.0177004      0.000338003    
2.19747        0.01841        0.000344585    
2.20522        0.0175908      0.000336832    
2.21297        0.0175005      0.000335966    
2.22072        0.016778       0.000328959    
2.22848        0.0166361      0.000327565    
2.23623        0.0163652      0.000324887    
2.24398        0.0164103      0.000325335    
2.25173        0.0162104      0.000323347    
2.25948        0.0158814      0.00032005     
2.26723        0.0157717      0.000318943    
2.27498        0.0155717      0.000316915    
2.28273        0.0156621      0.000317963    
2.29049        0.0152557      0.000313815    
2.29824        0.0152492      0.000313616    
2.30599        0.0149202      0.000310215    
2.31374        0.0143913      0.000304667    
2.32149        0.0152557      0.000313682    
2.32924        0.0135398      0.000295518    
2.33699        0.0139591      0.000300058    
2.34474        0.0132882      0.00029276     
2.3525         0.014172       0.000302337    
2.36025        0.0132495      0.000292333    
2.368          0.0132431      0.000292262    
2.37575        0.0135398      0.000295518    
2.3835         0.0131528      0.000291264    
2.39125        0.0124497      0.000283372    
2.399          0.0128431      0.000287815    
2.40675        0.0124497      0.000283372    
2.41451        0.0121336      0.000279752    
2.42226        0.0121529      0.000279975    
2.43001        0.011624       0.000273967    
2.43776        0.0119014      0.000277063    
2.44551        0.011624       0.000273815    
2.45326        0.0119917      0.000278112    
2.46101        0.0115208      0.000272597    
2.46876        0.0109209      0.000265562    
2.47651        0.0110692      0.000267202    
2.48427        0.0105145      0.000260421    
2.49202        0.0104564      0.000259701    
2.49977        0.0104371      0.000259461    
2.50752        0.0103919      0.00025906     
2.51527        0.0102177      0.00025672     
2.52302        0.00986296     0.000252224    
2.53077        0.0097146      0.000250486    
2.53852        0.00981136     0.000251564    
2.54628        0.00957269     0.000248485    
2.55403        0.00966945     0.000249738    
2.56178        0.00926306     0.000244434    
2.56953        0.00910179     0.000242297    
2.57728        0.00868895     0.000236739    
2.58503        0.00874701     0.000237528    
2.59278        0.00881152     0.000238402    
2.60053        0.00862445     0.000235858    
2.60829        0.00818581     0.000229783    
2.61604        0.00834062     0.000232124    
2.62379        0.0081084      0.000228694    
2.63154        0.00805035     0.000227873    
2.63929        0.00821806     0.000230235    
2.64704        0.00792778     0.000226132    
2.65479        0.00801809     0.000227417    
2.66254        0.00743109     0.000218934    
2.6703         0.00739238     0.000218363    
2.67805        0.00738593     0.000218268    
2.6858         0.00714726     0.000214713    
2.69355        0.007573       0.000221015    
2.7013         0.00662476     0.000206917    
2.70905        0.00663766     0.000206917    
2.7168         0.00603776     0.000197346    
2.72455        0.00630868     0.000201725    
2.73231        0.00636674     0.000202651    
2.74006        0.0064893      0.000204592    
2.74781        0.00623128     0.000200483    
2.75556        0.00587649     0.000194693    
2.76331        0.0064764      0.000204388    
2.77106        0.00621193     0.000200172    
2.77881        0.00618612     0.000199756    
2.78656        0.00565717     0.000191025    
2.79431        0.00549591     0.000188283    
2.80207        0.00532819     0.000185388    
2.80982        0.00576683     0.000192867    
2.81757        0.00557332     0.000189604    
2.82532        0.00508952     0.000181188    
2.83307        0.00530884     0.000185051    
2.84082        0.00470894     0.000174282    
2.84857        0.00513468     0.00018199     
2.85632        0.00498631     0.000179342    
2.86408        0.00479279     0.000175827    
2.87183        0.00454122     0.000171151    
2.87958        0.00503792     0.000180267    
2.88733        0.00442511     0.000168949    
2.89508        0.00453477     0.000171029    
2.90283        0.00461218     0.000172483    
2.91058        0.00435415     0.000167589    
2.91833        0.00457347     0.000171757    
2.92609        0.00401872     0.000161004    
2.93384        0.00403807     0.000161391    
2.94159        0.00404452     0.00016152     
2.94934        0.00408323     0.000162291    
2.95709        0.00390261     0.000158661    
2.96484        0.00372845     0.000155081    
2.97259        0.00368974     0.000154274    
2.98034        0.00361879     0.000152783    
2.9881         0.00352848     0.000150865    
2.99585        0.00369619     0.000154408    
3.0036         0.00341882     0.000148502    
3.01135        0.00363169     0.000153055    
3.0191         0.00364459     0.000153327    
3.02685        0.00356718     0.00015169     
3.0346         0.0032253      0.000144238    
3.04235        0.00298663     0.000138799    
3.05011        0.00308984     0.000141177    
3.05786        0.00307693     0.000140881    
3.06561        0.00295437     0.000138047    
3.07336        0.00313499     0.000142204    
3.08111        0.00299308     0.000138949    
3.08886        0.00279956     0.000134382    
3.09661        0.00278021     0.000133916    
3.10436        0.00300598     0.000139248    
3.11211        0.00262539     0.000130135    
3.11987        0.00272215     0.000132511    
3.12762        0.00248993     0.000126733    
3.13537        0.00270925     0.000132197    
3.14312        0.00272215     0.000132511    
3.15087        0.00253508     0.000127877    
3.15862        0.00256734     0.000128688    
3.16637        0.00214805     0.000117711    
3.17412        0.00242542     0.000125081    
3.18188        0.00221901     0.00011964     
3.18963        0.00208999     0.00011611     
3.19738        0.00207709     0.000115751    
3.20513        0.0021158      0.000116824    
3.21288        0.00221901     0.00011964     
3.22063        0.00198678     0.000113207    
3.22838        0.00208354     0.00011593     
3.23613        0.00185777     0.000109469    
3.24389        0.00198033     0.000113023    
3.25164        0.00209644     0.000116289    
3.25939        0.00194163     0.000111913    
3.26714        0.00190293     0.000110792    
3.27489        0.00179327     0.000107552    
3.28264        0.00200614     0.000113757    
3.29039        0.0016449      0.000103007    
3.29814        0.0016191      0.000102196    
3.3059         0.0015933      0.000101378    
3.31365        0.00181262     0.000108131    
3.3214         0.001632       0.000102602    
3.32915        0.00152879     9.93051e-05    
3.3369         0.00169651     0.00010461     
3.34465        0.00159975     0.000101583    
3.3524         0.00147074     9.74013e-05    
3.36015        0.00153524     9.95144e-05    
3.36791        0.001632       0.000102602    
3.37566        0.00157395     0.000100761    
3.38341        0.00152234     9.90954e-05    
3.39116        0.0015675      0.000100554    
3.39891        0.00118046     8.72617e-05    
3.40666        0.00116756     8.67835e-05    
3.41441        0.00140623     9.52414e-05    
3.42216        0.00121916     8.86806e-05    
3.42991        0.00118691     8.74998e-05    
3.43767        0.00121271     8.84457e-05    
3.44542        0.00121916     8.86806e-05    
3.45317        0.00132882     9.2583e-05     
3.46092        0.0011095      8.45984e-05    
3.46867        0.00122561     8.89149e-05    
3.47642        0.00114176     8.58192e-05    
3.48417        0.00100629     8.05676e-05    
3.49192        0.00126432     9.03079e-05    
3.49968        0.000857929    7.43917e-05    
3.50743        0.000980491    7.9528e-05     
3.51518        0.000999843    8.0309e-05     
3.52293        0.000986941    7.97892e-05    
3.53068        0.00101919     8.10824e-05    
3.53843        0.000922435    7.71377e-05    
3.54618        0.000838578    7.35479e-05    
3.55393        0.000961139    7.87393e-05    
3.56169        0.000954688    7.84746e-05    
3.56944        0.000845028    7.38302e-05    
3.57719        0.00086438     7.46708e-05    
3.58494        0.000838578    7.35479e-05    
3.59269        0.000890182    7.57771e-05    
3.60044        0.000806325    7.21196e-05    
3.60819        0.000709566    6.76543e-05    
3.61594        0.000838578    7.35479e-05    
3.6237         0.000825676    7.29799e-05    
3.63145        0.000741819    6.91748e-05    
3.6392         0.000632159    6.38575e-05    
3.64695        0.000664412    6.54662e-05    
3.6547         0.000741819    6.91748e-05    
3.66245        0.000677313    6.60988e-05    
3.6702         0.000625708    6.35309e-05    
3.67795        0.000703115    6.7346e-05     
3.68571        0.000741819    6.91748e-05    
3.69346        0.000593455    6.18718e-05    
3.70121        0.000619257    6.32025e-05    
3.70896        0.000625708    6.35309e-05    
3.71671        0.000703115    6.7346e-05     
3.72446        0.000587004    6.15346e-05    
3.73221        0.000528949    5.84125e-05    
3.73996        0.000528949    5.84125e-05    
3.74771        0.000522498    5.80553e-05    
3.75547        0.000457992    5.43536e-05    
3.76322        0.000496696    5.66037e-05    
3.77097        0.000503147    5.697e-05      
3.77872        0.000599906    6.22072e-05    
3.78647        0.000412838    5.16047e-05    
3.79422        0.000380585    4.95479e-05    
3.80197        0.00043219     5.28003e-05    
3.80972        0.0005354      5.87676e-05    
3.81748        0.000496696    5.66037e-05    
3.82523        0.000470894    5.51138e-05    
3.83298        0.000490245    5.62349e-05    
3.84073        0.000412838    5.16047e-05    
3.84848        0.000419289    5.20063e-05    
3.85623        0.000374135    4.91262e-05    
3.86398        0.000309629    4.4691e-05     
3.87173        0.000348332    4.7402e-05     
