0.00293827     0.00026376     4.73727e-05    
0.00881482     0.00278225     0.000153857    
0.0146914      0.00712153     0.000246151    
0.0205679      0.014192       0.000347478    
0.0264444      0.0224111      0.000436644    
0.032321       0.0338549      0.000536786    
0.0381975      0.0467962      0.000630913    
0.0440741      0.0615583      0.000723784    
0.0499506      0.0786091      0.000817636    
0.0558272      0.0998376      0.000921547    
0.0617037      0.121287       0.00101556     
0.0675803      0.145766       0.0011137      
0.0734568      0.170245       0.00120366     
0.0793333      0.19822        0.00129852     
0.0852099      0.228204       0.0013938      
0.0910864      0.260425       0.00148849     
0.096963       0.292876       0.00157855     
0.10284        0.33119        0.00167892     
0.108716       0.366619       0.00176607     
0.114593       0.410973       0.00186986     
0.120469       0.451252       0.00195969     
0.126346       0.49279        0.00204765     
0.132222       0.542223       0.00214747     
0.138099       0.583396       0.00222797     
0.143975       0.628133       0.00231182     
0.149852       0.680681       0.00240667     
0.155728       0.737832       0.0025052      
0.161605       0.785079       0.00258464     
0.167482       0.843234       0.00267806     
0.173358       0.900257       0.00276765     
0.179235       0.959909       0.00285807     
0.185111       1.01599        0.00293986     
0.190988       1.07861        0.00302969     
0.196864       1.14126        0.00311702     
0.202741       1.20071        0.00319543     
0.208617       1.26104        0.00327575     
0.214494       1.32654        0.00335915     
0.22037        1.3898         0.00343898     
0.226247       1.46154        0.00352733     
0.232123       1.52931        0.00360644     
0.238          1.60289        0.00369347     
0.243877       1.67257        0.00377231     
0.249753       1.72523        0.00383079     
0.25563        1.80769        0.0039217      
0.261506       1.88634        0.00400652     
0.267383       1.95424        0.00407629     
0.273259       2.0277         0.0041533      
0.279136       2.10135        0.00422829     
0.285012       2.16643        0.00429246     
0.290889       2.24582        0.00437108     
0.296765       2.31121        0.00443522     
0.302642       2.38973        0.00451037     
0.308519       2.45786        0.00457367     
0.314395       2.54109        0.00464985     
0.320272       2.61592        0.00471794     
0.326148       2.68674        0.00478076     
0.332025       2.76029        0.00484623     
0.337901       2.83474        0.00491219     
0.343778       2.90877        0.00497616     
0.349654       2.97972        0.00503589     
0.355531       3.04979        0.00509624     
0.361407       3.14165        0.00516846     
0.367284       3.21293        0.00522885     
0.373161       3.28422        0.00528699     
0.379037       3.35295        0.00534179     
0.384914       3.4229         0.00539545     
0.39079        3.49416        0.00545377     
0.396667       3.57108        0.00551065     
0.402543       3.63782        0.0055639      
0.40842        3.7069         0.00561544     
0.414296       3.7793         0.00567131     
0.420173       3.85215        0.00572593     
0.426049       3.91523        0.00577326     
0.431926       3.98214        0.00582119     
0.437803       4.03705        0.00586102     
0.443679       4.10449        0.00590948     
0.449556       4.18084        0.00596413     
0.455432       4.23005        0.00599882     
0.461309       4.31163        0.00605582     
0.467185       4.36368        0.00609412     
0.473062       4.41904        0.00613096     
0.478938       4.48744        0.00617873     
0.484815       4.54574        0.00621937     
0.490691       4.60104        0.00625771     
0.496568       4.66032        0.00629729     
0.502445       4.70658        0.00632694     
0.508321       4.77087        0.00637009     
0.514198       4.83167        0.00641233     
0.520074       4.87673        0.00644271     
0.525951       4.92417        0.00647342     
0.531827       4.97686        0.00650931     
0.537704       5.01558        0.00653361     
0.54358        5.07518        0.00657079     
0.549457       5.11284        0.00659454     
0.555333       5.15663        0.00662367     
0.56121        5.21124        0.00665733     
0.567086       5.23748        0.00667609     
0.572963       5.29237        0.0067123      
0.57884        5.32127        0.0067288      
0.584716       5.38141        0.00676625     
0.590593       5.40186        0.00677947     
0.596469       5.44505        0.00680593     
0.602346       5.47816        0.00682625     
0.608222       5.50877        0.00684649     
0.614099       5.53838        0.00686344     
0.619975       5.56674        0.00688092     
0.625852       5.60191        0.00690399     
0.631728       5.63156        0.00692297     
0.637605       5.65459        0.00693555     
0.643482       5.69227        0.00696032     
0.649358       5.70366        0.00696884     
0.655235       5.73377        0.00698477     
0.661111       5.74652        0.00699367     
0.666988       5.76836        0.00700726     
0.672864       5.77793        0.00701188     
0.678741       5.79232        0.00702022     
0.684617       5.824          0.00703934     
0.690494       5.83402        0.0070481      
0.69637        5.85025        0.00705612     
0.702247       5.8674         0.00706689     
0.708124       5.88216        0.00707443     
0.714          5.88111        0.0070747      
0.719877       5.88694        0.00707728     
0.725753       5.90479        0.00708795     
0.73163        5.91033        0.00709087     
0.737506       5.92944        0.00710299     
0.743383       5.9272         0.00710218     
0.749259       5.93173        0.00710497     
0.755136       5.93133        0.00710322     
0.761012       5.92877        0.00710418     
0.766889       5.93072        0.00710319     
0.772766       5.9163         0.00709493     
0.778642       5.93185        0.00710296     
0.784519       5.92021        0.007097       
0.790395       5.90681        0.00709081     
0.796272       5.91592        0.00709287     
0.802148       5.90774        0.00709045     
0.808025       5.90346        0.00708918     
0.813901       5.87741        0.00707157     
0.819778       5.88016        0.00707261     
0.825654       5.8602         0.00706152     
0.831531       5.85567        0.00705703     
0.837408       5.83778        0.00704805     
0.843284       5.85158        0.00705409     
0.849161       5.81688        0.00703441     
0.855037       5.79517        0.00702183     
0.860914       5.78994        0.00702055     
0.86679        5.77224        0.00700984     
0.872667       5.76325        0.00700178     
0.878543       5.73081        0.00698235     
0.88442        5.70039        0.00696351     
0.890296       5.70543        0.00696872     
0.896173       5.67783        0.00694901     
0.90205        5.66168        0.00694194     
0.907926       5.63212        0.00692242     
0.913803       5.61181        0.00690864     
0.919679       5.57894        0.00688859     
0.925556       5.56307        0.00688097     
0.931432       5.55472        0.00687494     
0.937309       5.51778        0.00685059     
0.943185       5.49821        0.00684037     
0.949062       5.46599        0.00681877     
0.954938       5.44645        0.00680723     
0.960815       5.41432        0.00678751     
0.966691       5.37689        0.00676063     
0.972568       5.34927        0.00674625     
0.978445       5.33552        0.00673641     
0.984321       5.30186        0.00671706     
0.990198       5.28808        0.00670808     
0.996074       5.22795        0.0066704      
1.00195        5.19289        0.00664693     
1.00783        5.18148        0.00663841     
1.0137         5.15017        0.00661894     
1.01958        5.12137        0.00660138     
1.02546        5.09157        0.00658165     
1.03133        5.06649        0.00656677     
1.03721        5.01647        0.0065321      
1.04309        4.98537        0.00651401     
1.04896        4.96125        0.00649673     
1.05484        4.93837        0.00648199     
1.06072        4.88574        0.00644717     
1.06659        4.85334        0.00642481     
1.07247        4.80898        0.00639691     
1.07835        4.78504        0.0063809      
1.08422        4.76076        0.00636335     
1.0901         4.72991        0.0063433      
1.09598        4.69077        0.00631608     
1.10185        4.65836        0.00629659     
1.10773        4.60638        0.00626262     
1.11361        4.5758         0.0062398      
1.11948        4.54842        0.00621848     
1.12536        4.50123        0.00618829     
1.13123        4.47186        0.00616744     
1.13711        4.43821        0.00614583     
1.14299        4.40879        0.00612659     
1.14886        4.36291        0.00609382     
1.15474        4.32676        0.00606658     
1.16062        4.2823         0.00603573     
1.16649        4.24929        0.00601324     
1.17237        4.21456        0.00598921     
1.17825        4.17848        0.00596271     
1.18412        4.13895        0.00593407     
1.19           4.10679        0.00591169     
1.19588        4.08372        0.00589459     
1.20175        4.0324         0.00585672     
1.20763        4.00867        0.00584086     
1.21351        3.95909        0.00580456     
1.21938        3.92243        0.00577784     
1.22526        3.8895         0.0057532      
1.23114        3.85582        0.00572827     
1.23701        3.81421        0.00569572     
1.24289        3.78221        0.00567483     
1.24877        3.7396         0.00564184     
1.25464        3.70044        0.00561075     
1.26052        3.67296        0.00558898     
1.2664         3.63691        0.0055635      
1.27227        3.60331        0.00553701     
1.27815        3.56709        0.00550958     
1.28402        3.52779        0.00547836     
1.2899         3.49835        0.00545679     
1.29578        3.47068        0.00543529     
1.30165        3.41837        0.00539494     
1.30753        3.38845        0.00536892     
1.31341        3.3511         0.00533978     
1.31928        3.32021        0.00531515     
1.32516        3.28426        0.00528734     
1.33104        3.26075        0.00526681     
1.33691        3.21413        0.00522992     
1.34279        3.18499        0.00520567     
1.34867        3.14191        0.00516875     
1.35454        3.10738        0.00514388     
1.36042        3.08242        0.00512095     
1.3663         3.04695        0.00508944     
1.37217        3.009          0.00506029     
1.37805        2.97982        0.00503588     
1.38393        2.94249        0.00500373     
1.3898         2.91599        0.00498051     
1.39568        2.88205        0.0049519      
1.40156        2.8497         0.00492385     
1.40743        2.81386        0.00489234     
1.41331        2.7809         0.00486488     
1.41919        2.7429         0.00483114     
1.42506        2.71718        0.0048084      
1.43094        2.69146        0.00478462     
1.43682        2.66053        0.0047579      
1.44269        2.62368        0.00472402     
1.44857        2.60454        0.00470702     
1.45444        2.56835        0.00467355     
1.46032        2.53413        0.00464388     
1.4662         2.50289        0.00461466     
1.47207        2.47655        0.0045901      
1.47795        2.44291        0.00455872     
1.48383        2.42412        0.00454131     
1.4897         2.38818        0.00450749     
1.49558        2.36281        0.0044843      
1.50146        2.33464        0.0044576      
1.50733        2.30246        0.00442542     
1.51321        2.27113        0.00439714     
1.51909        2.244          0.00436892     
1.52496        2.21263        0.00433842     
1.53084        2.1953         0.00432187     
1.53672        2.16522        0.0042921      
1.54259        2.14095        0.00426868     
1.54847        2.11651        0.00424465     
1.55435        2.08993        0.00421803     
1.56022        2.06564        0.00419246     
1.5661         2.03628        0.00416321     
1.57198        2.00924        0.00413463     
1.57785        1.97892        0.00410388     
1.58373        1.95902        0.0040828      
1.58961        1.93348        0.00405591     
1.59548        1.91279        0.00403305     
1.60136        1.87261        0.00399176     
1.60723        1.86258        0.00398161     
1.61311        1.82967        0.00394481     
1.61899        1.80515        0.00391978     
1.62486        1.78099        0.00389263     
1.63074        1.75896        0.00386826     
1.63662        1.74063        0.0038482      
1.64249        1.71995        0.00382477     
1.64837        1.6982         0.0038013      
1.65425        1.65866        0.00375646     
1.66012        1.65316        0.00375016     
1.666          1.626          0.00371909     
1.67188        1.60589        0.003697       
1.67775        1.58335        0.00367035     
1.68363        1.55693        0.00363876     
1.68951        1.53932        0.00361928     
1.69538        1.52363        0.00360016     
1.70126        1.49955        0.00357104     
1.70714        1.48322        0.00355153     
1.71301        1.45778        0.00352203     
1.71889        1.44104        0.00350142     
1.72477        1.42338        0.00348069     
1.73064        1.40163        0.00345263     
1.73652        1.37329        0.00341806     
1.7424         1.35182        0.00339035     
1.74827        1.34229        0.0033798      
1.75415        1.32944        0.00336379     
1.76002        1.30491        0.0033315      
1.7659         1.286          0.00330697     
1.77178        1.26899        0.0032864      
1.77765        1.25186        0.00326354     
1.78353        1.23471        0.00324194     
1.78941        1.2192         0.00322179     
1.79528        1.19762        0.00319262     
1.80116        1.18365        0.00317397     
1.80704        1.16733        0.00315119     
1.81291        1.14974        0.0031274      
1.81879        1.13337        0.00310482     
1.82467        1.1172         0.00308367     
1.83054        1.10337        0.00306403     
1.83642        1.07703        0.0030279      
1.8423         1.06955        0.00301691     
1.84817        1.05745        0.00299953     
1.85405        1.04128        0.0029767      
1.85993        1.02527        0.00295303     
1.8658         1.00956        0.00293086     
1.87168        0.993935       0.0029086      
1.87756        0.975718       0.00288144     
1.88343        0.970111       0.00287365     
1.88931        0.951341       0.00284452     
1.89519        0.934997       0.00282091     
1.90106        0.921451       0.00280027     
1.90694        0.911684       0.00278615     
1.91282        0.895458       0.00276016     
1.91869        0.8825         0.00274051     
1.92457        0.87189        0.00272416     
1.93044        0.857034       0.00269976     
1.93632        0.847258       0.00268439     
1.9422         0.831084       0.00265918     
1.94807        0.822992       0.00264603     
1.95395        0.803134       0.00261336     
1.95983        0.789273       0.00259158     
1.9657         0.780876       0.00257775     
1.97158        0.770649       0.00256038     
1.97746        0.757495       0.00253937     
1.98333        0.748195       0.00252388     
1.98921        0.736453       0.00250288     
1.99509        0.724303       0.00248223     
2.00096        0.713234       0.00246288     
2.00684        0.702513       0.00244439     
2.01272        0.696472       0.00243432     
2.01859        0.684688       0.00241336     
2.02447        0.668914       0.00238522     
2.03035        0.661826       0.00237317     
2.03622        0.652186       0.00235589     
2.0421         0.643201       0.00233971     
2.04798        0.633272       0.00232081     
2.05385        0.621249       0.00229909     
2.05973        0.612562       0.00228269     
2.06561        0.601195       0.00226185     
2.07148        0.591802       0.00224388     
2.07736        0.587258       0.00223525     
2.08323        0.573543       0.00220933     
2.08911        0.567655       0.00219824     
2.09499        0.559581       0.00218273     
2.10086        0.547958       0.00215923     
2.10674        0.540607       0.00214398     
2.11262        0.535332       0.00213369     
2.11849        0.524577       0.00211262     
2.12437        0.51623        0.00209568     
2.13025        0.508054       0.0020789      
2.13612        0.499426       0.00206121     
2.142          0.491803       0.00204568     
2.14788        0.484707       0.00203117     
2.15375        0.477679       0.00201627     
2.15963        0.468958       0.00199767     
2.16551        0.462202       0.00198265     
2.17138        0.455429       0.00196899     
2.17726        0.444317       0.00194466     
2.18314        0.445023       0.00194579     
2.18901        0.433665       0.00192058     
2.19489        0.424697       0.00190102     
2.20077        0.422051       0.00189524     
2.20664        0.41333        0.00187573     
2.21252        0.408063       0.00186299     
2.2184         0.40072        0.00184658     
2.22427        0.392297       0.00182772     
2.23015        0.383261       0.0018061      
2.23602        0.382214       0.00180344     
2.2419         0.372455       0.00178029     
2.24778        0.366644       0.00176621     
2.25365        0.364168       0.00176125     
2.25953        0.353388       0.00173387     
2.26541        0.351482       0.00172963     
2.27128        0.344718       0.00171256     
2.27716        0.340055       0.00170102     
2.28304        0.336158       0.00169142     
2.28891        0.331496       0.00167935     
2.29479        0.321107       0.00165297     
2.30067        0.318827       0.00164716     
2.30654        0.316147       0.00163998     
2.31242        0.309017       0.00162118     
2.3183         0.303452       0.00160702     
2.32417        0.299708       0.00159693     
2.33005        0.295675       0.00158632     
2.33593        0.285091       0.0015575      
2.3418         0.283466       0.00155288     
2.34768        0.279918       0.00154307     
2.35356        0.275851       0.00153247     
2.35943        0.272158       0.00152174     
2.36531        0.263412       0.00149692     
2.37119        0.260978       0.00149035     
2.37706        0.25538        0.00147394     
2.38294        0.253806       0.00146955     
2.38882        0.24705        0.00144952     
2.39469        0.245544       0.00144541     
2.40057        0.241426       0.00143327     
2.40644        0.236678       0.00141915     
2.41232        0.23239        0.00140597     
2.4182         0.229242       0.00139664     
2.42407        0.224077       0.00138065     
2.42995        0.22121        0.0013716      
2.43583        0.219729       0.00136744     
2.4417         0.21488        0.00135214     
2.44758        0.210081       0.00133684     
2.45346        0.20461        0.00131902     
2.45933        0.2029         0.00131412     
2.46521        0.200449       0.00130634     
2.47109        0.193464       0.00128294     
2.47696        0.191048       0.00127458     
2.48284        0.188274       0.00126548     
2.48872        0.186053       0.0012583      
2.49459        0.183297       0.00124873     
2.50047        0.181144       0.0012411      
2.50635        0.177724       0.0012297      
2.51222        0.172967       0.00121311     
2.5181         0.172576       0.0012118      
2.52398        0.168305       0.00119662     
2.52985        0.165037       0.00118472     
2.53573        0.166629       0.00119059     
2.54161        0.159822       0.00116631     
2.54748        0.15761        0.00115779     
2.55336        0.154487       0.00114685     
2.55923        0.153236       0.00114183     
2.56511        0.149169       0.0011266      
2.57099        0.14694        0.00111817     
2.57686        0.142745       0.00110206     
2.58274        0.141163       0.00109627     
2.58862        0.140789       0.00109449     
2.59449        0.138823       0.0010871      
2.60037        0.136764       0.00107856     
2.60625        0.131557       0.00105826     
2.61212        0.127992       0.00104379     
2.618          0.129702       0.00105065     
2.62388        0.123465       0.00102485     
2.62975        0.123984       0.00102685     
2.63563        0.121245       0.00101574     
2.64151        0.117943       0.00100198     
2.64738        0.11551        0.000991394    
2.65326        0.113766       0.000984112    
2.65914        0.114268       0.000986057    
2.66501        0.111222       0.000972546    
2.67089        0.110158       0.000967964    
2.67677        0.107963       0.000958355    
2.68264        0.104373       0.000942072    
2.68852        0.104849       0.000944448    
2.6944         0.102271       0.000932778    
2.70027        0.101233       0.000928193    
2.70615        0.0997865      0.000921233    
2.71203        0.0979572      0.000912757    
2.7179         0.0953452      0.000900755    
2.72378        0.0934137      0.00089184     
2.72965        0.090121       0.000875762    
2.73553        0.0891766      0.000870917    
2.74141        0.0893297      0.000871831    
2.74728        0.0869899      0.000860349    
2.75316        0.0852882      0.000851987    
2.75904        0.0849224      0.000849819    
2.76491        0.0836121      0.000843499    
2.77079        0.0810595      0.000830538    
2.77667        0.0796301      0.00082319     
2.78254        0.0788814      0.000819139    
2.78842        0.0776732      0.000813113    
2.7943         0.0754525      0.00080124     
2.80017        0.0752909      0.000800472    
2.80605        0.0733509      0.000789921    
2.81193        0.0718024      0.000781451    
2.8178         0.0708154      0.000776157    
2.82368        0.0701177      0.000772327    
2.82956        0.0668165      0.000754034    
2.83543        0.0672674      0.000756859    
2.84131        0.0655743      0.000746902    
2.84719        0.0639066      0.000737251    
2.85306        0.0636599      0.000735827    
2.85894        0.061235       0.000721882    
2.86482        0.0609542      0.000720126    
2.87069        0.0608776      0.000719573    
2.87657        0.0599417      0.000714124    
2.88244        0.059729       0.000712857    
2.88832        0.0577635      0.000700934    
2.8942         0.0555088      0.000687228    
2.90007        0.0541475      0.000678647    
2.90595        0.0540284      0.0006779      
2.91183        0.0544708      0.00068067     
2.9177         0.051093       0.000659234    
2.92358        0.0504889      0.000655326    
2.92946        0.0499528      0.000651839    
2.93533        0.0499784      0.000652227    
