0.00293956     0.000416728    5.95325e-05    
0.00881869     0.00275551     0.000153083    
0.0146978      0.00724597     0.000248238    
0.020577       0.0130036      0.00033254     
0.0264561      0.0220186      0.000432708    
0.0323352      0.0331001      0.000530519    
0.0382143      0.0470988      0.000632924    
0.0440935      0.0612931      0.000721865    
0.0499726      0.0771798      0.000809994    
0.0558517      0.0984414      0.000914965    
0.0617309      0.119635       0.00100884     
0.06761        0.143057       0.00110341     
0.0734891      0.170706       0.00120484     
0.0793683      0.199188       0.00130128     
0.0852474      0.227176       0.00138979     
0.0911265      0.255982       0.0014754      
0.0970056      0.290102       0.00157078     
0.102885       0.330984       0.00167829     
0.108764       0.364637       0.00176075     
0.114643       0.405927       0.00185823     
0.120522       0.442685       0.0019403      
0.126401       0.487929       0.00203781     
0.13228        0.528097       0.00211966     
0.13816        0.578606       0.00221867     
0.144039       0.624489       0.00230477     
0.149918       0.678604       0.00240268     
0.155797       0.729275       0.0024895      
0.161676       0.781144       0.0025779      
0.167555       0.83372        0.00266393     
0.173434       0.889077       0.00274962     
0.179313       0.948474       0.00284023     
0.185193       1.00627        0.0029255      
0.191072       1.06324        0.00300667     
0.196951       1.12766        0.00309712     
0.20283        1.18096        0.0031691      
0.208709       1.25263        0.00326441     
0.214588       1.31429        0.0033437      
0.220467       1.37868        0.00342326     
0.226347       1.44302        0.00350339     
0.232226       1.50975        0.00358358     
0.238105       1.5797         0.00366439     
0.243984       1.6438         0.00373844     
0.249863       1.71598        0.0038204      
0.255742       1.78967        0.0039019      
0.261621       1.85822        0.00397395     
0.2675         1.93414        0.00405546     
0.27338        2.00689        0.00413103     
0.279259       2.07213        0.00419854     
0.285138       2.14464        0.00427072     
0.291017       2.22077        0.00434668     
0.296896       2.29226        0.00441451     
0.302775       2.36453        0.00448527     
0.308654       2.44149        0.00455788     
0.314533       2.52138        0.00463047     
0.320413       2.59638        0.004699       
0.326292       2.67008        0.0047653      
0.332171       2.72835        0.00481835     
0.33805        2.81372        0.00489095     
0.343929       2.88734        0.00495427     
0.349808       2.95388        0.00501255     
0.355687       3.02763        0.0050732      
0.361566       3.11054        0.00514398     
0.367446       3.18174        0.00520273     
0.373325       3.25165        0.00525712     
0.379204       3.32055        0.00531468     
0.385083       3.3866         0.00536694     
0.390962       3.47033        0.00543089     
0.396841       3.53976        0.00548798     
0.40272        3.61037        0.00554205     
0.4086         3.67649        0.00559182     
0.414479       3.74045        0.0056405      
0.420358       3.81201        0.00569391     
0.426237       3.86514        0.00573344     
0.432116       3.94637        0.00579484     
0.437995       4.01306        0.00584117     
0.443874       4.08103        0.00589105     
0.449753       4.12877        0.00592764     
0.455633       4.1986         0.00597572     
0.461512       4.2674         0.00602491     
0.467391       4.32924        0.00606748     
0.47327        4.38985        0.00610992     
0.479149       4.45399        0.00615437     
0.485028       4.51019        0.00619264     
0.490907       4.56812        0.00623195     
0.496786       4.60895        0.00626176     
0.502666       4.66862        0.0063017      
0.508545       4.73973        0.00634964     
0.514424       4.78698        0.00638101     
0.520303       4.82906        0.0064075      
0.526182       4.88485        0.00644573     
0.532061       4.92589        0.00647417     
0.53794        4.98352        0.00651059     
0.54382        5.02193        0.00653759     
0.549699       5.06976        0.00656743     
0.555578       5.11705        0.00659841     
0.561457       5.16647        0.00662854     
0.567336       5.20394        0.0066527      
0.573215       5.2427         0.00667655     
0.579094       5.27252        0.00669513     
0.584973       5.31676        0.0067243      
0.590853       5.34964        0.00674683     
0.596732       5.38649        0.00676881     
0.602611       5.4156         0.00678845     
0.60849        5.45893        0.00681362     
0.614369       5.49282        0.00683411     
0.620248       5.53175        0.00685828     
0.626127       5.55512        0.00687378     
0.632006       5.57681        0.00688772     
0.637886       5.60289        0.00690128     
0.643765       5.61495        0.00691025     
0.649644       5.6655         0.0069404      
0.655523       5.66789        0.00694333     
0.661402       5.71147        0.00696982     
0.667281       5.72146        0.00697573     
0.67316        5.74512        0.0069894      
0.67904        5.7415         0.00698822     
0.684919       5.76153        0.00699673     
0.690798       5.79           0.00701789     
0.696677       5.7957         0.00702167     
0.702556       5.81674        0.00703295     
0.708435       5.81171        0.00703023     
0.714314       5.82134        0.00703406     
0.720193       5.835          0.00704334     
0.726073       5.84972        0.0070538      
0.731952       5.86148        0.00706055     
0.737831       5.8524         0.00705449     
0.74371        5.86593        0.00706363     
0.749589       5.87787        0.00707107     
0.755468       5.87477        0.00706718     
0.761347       5.85833        0.00705941     
0.767226       5.88196        0.00707207     
0.773106       5.88676        0.00707771     
0.778985       5.86723        0.00706389     
0.784864       5.87306        0.00706746     
0.790743       5.86843        0.00706354     
0.796622       5.86344        0.00706071     
0.802501       5.85451        0.00705582     
0.80838        5.84617        0.00705223     
0.81426        5.85292        0.00705436     
0.820139       5.84415        0.00704976     
0.826018       5.81575        0.00703069     
0.831897       5.80776        0.00702584     
0.837776       5.79529        0.00702175     
0.843655       5.78155        0.00701199     
0.849534       5.78054        0.00701137     
0.855413       5.75921        0.00699819     
0.861293       5.74628        0.00699008     
0.867172       5.7296         0.00698124     
0.873051       5.71364        0.00697154     
0.87893        5.68967        0.00695798     
0.884809       5.68243        0.00695296     
0.890688       5.64879        0.00692929     
0.896567       5.63532        0.00692176     
0.902446       5.61336        0.00691173     
0.908326       5.59453        0.00689773     
0.914205       5.57178        0.00688478     
0.920084       5.53838        0.0068629      
0.925963       5.51341        0.00684648     
0.931842       5.51123        0.00684547     
0.937721       5.46653        0.00681768     
0.9436         5.45242        0.0068099      
0.949479       5.43198        0.00679578     
0.955359       5.38968        0.00676995     
0.961238       5.36079        0.00675201     
0.967117       5.34703        0.00674317     
0.972996       5.31731        0.00672595     
0.978875       5.28991        0.00670678     
0.984754       5.26731        0.00669305     
0.990633       5.23461        0.006672       
0.996513       5.1974         0.00664904     
1.00239        5.17086        0.00663339     
1.00827        5.1353         0.00660917     
1.01415        5.11333        0.0065951      
1.02003        5.0821         0.00657518     
1.02591        5.06403        0.00656495     
1.03179        5.01572        0.00653261     
1.03767        4.99491        0.00651771     
1.04355        4.9591         0.00649377     
1.04942        4.92279        0.00646895     
1.0553         4.88577        0.00644642     
1.06118        4.84584        0.00641926     
1.06706        4.81591        0.00639952     
1.07294        4.79023        0.006382       
1.07882        4.75217        0.00635879     
1.0847         4.72299        0.00633835     
1.09058        4.6831         0.00631018     
1.09646        4.64254        0.00628465     
1.10234        4.60353        0.00625692     
1.10822        4.57484        0.00623871     
1.1141         4.54583        0.00621766     
1.11997        4.5105         0.00619394     
1.12585        4.48188        0.00617458     
1.13173        4.43769        0.00614312     
1.13761        4.40625        0.0061228      
1.14349        4.36417        0.00609461     
1.14937        4.33183        0.00606892     
1.15525        4.3146         0.00605795     
1.16113        4.25833        0.00601811     
1.16701        4.22461        0.00599417     
1.17289        4.19059        0.00596841     
1.17877        4.14723        0.00594031     
1.18464        4.11022        0.00591205     
1.19052        4.07801        0.00588872     
1.1964         4.0337         0.00585842     
1.20228        4.00547        0.0058357      
1.20816        3.96509        0.00580723     
1.21404        3.92481        0.00577744     
1.21992        3.89603        0.00575681     
1.2258         3.8646         0.00573287     
1.23168        3.81269        0.00569408     
1.23756        3.79002        0.00567635     
1.24344        3.74895        0.00564572     
1.24932        3.70483        0.00561308     
1.25519        3.67894        0.00559411     
1.26107        3.64397        0.00556838     
1.26695        3.6146         0.00554264     
1.27283        3.57366        0.00551238     
1.27871        3.53852        0.00548524     
1.28459        3.50918        0.0054616      
1.29047        3.47185        0.00543361     
1.29635        3.43148        0.00540235     
1.30223        3.40171        0.00537803     
1.30811        3.35759        0.0053434      
1.31399        3.33556        0.00532445     
1.31986        3.28686        0.00528646     
1.32574        3.25909        0.0052642      
1.33162        3.22809        0.0052404      
1.3375         3.19565        0.00521378     
1.34338        3.159          0.00518287     
1.34926        3.11803        0.00514906     
1.35514        3.09178        0.00512719     
1.36102        3.06482        0.00510619     
1.3669         3.02608        0.00507313     
1.37278        2.98883        0.00504253     
1.37866        2.95295        0.00501134     
1.38454        2.92896        0.00499013     
1.39041        2.89447        0.00496114     
1.39629        2.86691        0.00493841     
1.40217        2.83075        0.00490492     
1.40805        2.80254        0.0048811      
1.41393        2.77169        0.00485417     
1.41981        2.72833        0.00481699     
1.42569        2.7092         0.00479772     
1.43157        2.66013        0.00475613     
1.43745        2.64406        0.00474351     
1.44333        2.60606        0.00470819     
1.44921        2.57911        0.00468363     
1.45508        2.53555        0.00464504     
1.46096        2.52099        0.00463056     
1.46684        2.48337        0.00459598     
1.47272        2.46667        0.00457937     
1.4786         2.43359        0.0045497      
1.48448        2.39113        0.00451033     
1.49036        2.36667        0.00448575     
1.49624        2.33973        0.00446131     
1.50212        2.31459        0.00443721     
1.508          2.28309        0.00440599     
1.51388        2.25925        0.00438297     
1.51976        2.22708        0.00435234     
1.52563        2.19977        0.00432478     
1.53151        2.16583        0.0042916      
1.53739        2.14664        0.0042724      
1.54327        2.11667        0.00424399     
1.54915        2.09544        0.00422042     
1.55503        2.06972        0.00419587     
1.56091        2.03725        0.0041619      
1.56679        2.01365        0.00413882     
1.57267        1.99251        0.00411587     
1.57855        1.9709         0.00409429     
1.58443        1.94854        0.00407114     
1.5903         1.91526        0.00403606     
1.59618        1.88812        0.004007       
1.60206        1.86949        0.00398712     
1.60794        1.8447         0.00396084     
1.61382        1.81768        0.00393199     
1.6197         1.79654        0.00390949     
1.62558        1.7757         0.0038863      
1.63146        1.7515         0.00385961     
1.63734        1.72439        0.00382922     
1.64322        1.69975        0.00380161     
1.6491         1.6891         0.00378891     
1.65498        1.65797        0.00375534     
1.66085        1.63462        0.00372915     
1.66673        1.61488        0.00370685     
1.67261        1.59224        0.00367993     
1.67849        1.5816         0.0036692      
1.68437        1.54986        0.00362976     
1.69025        1.52539        0.00360159     
1.69613        1.51115        0.00358494     
1.70201        1.48779        0.00355686     
1.70789        1.47244        0.00353851     
1.71377        1.45012        0.00351195     
1.71965        1.42774        0.00348502     
1.72552        1.40655        0.00345767     
1.7314         1.38811        0.00343566     
1.73728        1.37458        0.00341947     
1.74316        1.35063        0.00338897     
1.74904        1.33095        0.00336412     
1.75492        1.31741        0.00334655     
1.7608         1.29388        0.00331635     
1.76668        1.28014        0.00329997     
1.77256        1.26535        0.00328086     
1.77844        1.23964        0.00324686     
1.78432        1.22329        0.00322547     
1.7902         1.20882        0.00320667     
1.79607        1.19155        0.00318342     
1.80195        1.17549        0.0031614      
1.80783        1.15694        0.00313674     
1.81371        1.13929        0.00311219     
1.81959        1.12115        0.00308871     
1.82547        1.11409        0.00307746     
1.83135        1.08494        0.00303816     
1.83723        1.0775         0.00302757     
1.84311        1.06074        0.00300421     
1.84899        1.04861        0.00298718     
1.85487        1.03169        0.00296357     
1.86074        1.02319        0.00295026     
1.86662        0.999825       0.00291551     
1.8725         0.989288       0.00290008     
1.87838        0.973171       0.00287693     
1.88426        0.964207       0.0028633      
1.89014        0.948865       0.00284027     
1.89602        0.932128       0.00281518     
1.9019         0.917738       0.00279336     
1.90778        0.903016       0.00277071     
1.91366        0.889579       0.00275054     
1.91954        0.873896       0.00272629     
1.92542        0.864822       0.00271216     
1.93129        0.850823       0.0026908      
1.93717        0.838228       0.00266997     
1.94305        0.831815       0.00265973     
1.94893        0.809286       0.00262287     
1.95481        0.801386       0.0026106      
1.96069        0.794208       0.00259896     
1.96657        0.775055       0.00256669     
1.97245        0.768098       0.00255617     
1.97833        0.749397       0.00252475     
1.98421        0.7446         0.00251638     
1.99009        0.732047       0.00249605     
1.99596        0.720413       0.00247474     
2.00184        0.712333       0.00246103     
2.00772        0.698471       0.00243686     
2.0136         0.689498       0.0024217      
2.01948        0.679429       0.00240367     
2.02536        0.670473       0.00238839     
2.03124        0.657198       0.00236372     
2.03712        0.646295       0.00234405     
2.043          0.635766       0.00232542     
2.04888        0.626037       0.0023076      
2.05476        0.620798       0.00229762     
2.06064        0.607165       0.0022724      
2.06651        0.603907       0.00226564     
2.07239        0.58973        0.0022398      
2.07827        0.581931       0.00222453     
2.08415        0.569957       0.00220171     
2.09003        0.563663       0.00218931     
2.09591        0.552531       0.00216755     
2.10179        0.544536       0.00215168     
2.10767        0.537409       0.00213777     
2.11355        0.529007       0.00212093     
2.11943        0.517594       0.00209741     
2.12531        0.512372       0.00208707     
2.13118        0.506129       0.00207456     
2.13706        0.494087       0.0020498      
2.14294        0.485293       0.00203102     
2.14882        0.483575       0.0020284      
2.1547         0.471864       0.00200322     
2.16058        0.465069       0.00198912     
2.16646        0.463062       0.00198448     
2.17234        0.452091       0.00196019     
2.17822        0.447762       0.00195227     
2.1841         0.439682       0.00193397     
2.18998        0.429392       0.0019111      
2.19586        0.424374       0.00189962     
2.20173        0.416762       0.0018827      
2.20761        0.40472        0.00185547     
2.21349        0.400816       0.00184612     
2.21937        0.393953       0.00183071     
2.22525        0.3905         0.00182207     
2.23113        0.382761       0.00180384     
2.23701        0.376093       0.00178861     
2.24289        0.372725       0.00178038     
2.24877        0.364144       0.00175953     
2.25465        0.361882       0.00175469     
2.26053        0.354891       0.00173712     
2.2664         0.349737       0.0017248      
2.27228        0.342534       0.00170672     
2.27816        0.337831       0.00169514     
2.28404        0.332303       0.00168162     
2.28992        0.32612        0.00166523     
2.2958         0.322794       0.00165692     
2.30168        0.3148         0.00163587     
2.30756        0.310514       0.00162518     
2.31344        0.30502        0.00161061     
2.31932        0.299721       0.00159679     
2.3252         0.294661       0.00158235     
2.33108        0.291132       0.00157346     
2.33695        0.286131       0.00155984     
2.34283        0.281793       0.00154811     
2.34871        0.275058       0.00152937     
2.35459        0.273272       0.00152455     
2.36047        0.267191       0.00150784     
2.36635        0.265345       0.00150235     
2.37223        0.259596       0.00148589     
2.37811        0.255072       0.00147317     
2.38399        0.250011       0.00145824     
2.38987        0.244415       0.00144138     
2.39575        0.241362       0.00143272     
2.40162        0.239389       0.00142666     
2.4075         0.234593       0.00141228     
2.41338        0.230213       0.00139923     
2.41926        0.226488       0.00138779     
2.42514        0.222422       0.00137552     
2.43102        0.218366       0.00136263     
2.4369         0.215653       0.00135443     
2.44278        0.213986       0.00134925     
2.44866        0.207437       0.0013285      
2.45454        0.205013       0.00132036     
2.46042        0.199808       0.00130347     
2.4663         0.19895        0.00130051     
2.47217        0.19519        0.00128847     
2.47805        0.191253       0.00127555     
2.48393        0.187689       0.00126404     
2.48981        0.187051       0.0012611      
2.49569        0.182246       0.00124494     
2.50157        0.180112       0.0012377      
2.50745        0.174448       0.00121801     
2.51333        0.172934       0.00121272     
2.51921        0.169336       0.00120007     
2.52509        0.167049       0.00119195     
2.53097        0.166249       0.0011891      
2.53684        0.16067        0.00116902     
2.54272        0.159598       0.00116518     
2.5486         0.156707       0.00115429     
2.55448        0.154487       0.00114622     
2.56036        0.152259       0.00113788     
2.56624        0.147836       0.00112106     
2.57212        0.145464       0.00111204     
2.578          0.143133       0.00110311     
2.58388        0.141926       0.00109852     
2.58976        0.137325       0.00108073     
2.59564        0.138235       0.00108456     
2.60152        0.13314        0.00106423     
2.60739        0.131712       0.00105851     
2.61327        0.128505       0.00104578     
2.61915        0.126949       0.0010391      
2.62503        0.126252       0.00103596     
2.63091        0.124653       0.00102939     
2.63679        0.122408       0.00102044     
2.64267        0.118147       0.00100212     
2.64855        0.116429       0.000995177    
2.65443        0.114855       0.000988148    
2.66031        0.114609       0.000987307    
2.66619        0.111743       0.000974827    
2.67206        0.107788       0.000957595    
2.67794        0.107448       0.000955782    
2.68382        0.104896       0.000944377    
2.6897         0.100993       0.000926733    
2.69558        0.101903       0.000930894    
2.70146        0.100491       0.000924352    
2.70734        0.0973273      0.000910017    
2.71322        0.0968851      0.00090787     
2.7191         0.093934       0.000893714    
2.72498        0.0934067      0.000891367    
2.73086        0.0914676      0.000881996    
2.73674        0.0906767      0.000878261    
2.74261        0.0882869      0.000866374    
2.74849        0.0863648      0.000856899    
2.75437        0.0863563      0.000856856    
2.76025        0.0828694      0.000839908    
2.76613        0.0823506      0.000836934    
2.77201        0.0801054      0.000825459    
2.77789        0.0792209      0.000820806    
2.78377        0.0785831      0.000817586    
2.78965        0.0777071      0.000813111    
2.79553        0.0759296      0.00080377     
2.80141        0.0731911      0.000789162    
2.80728        0.0734973      0.000790625    
2.81316        0.071235       0.000778652    
2.81904        0.0699168      0.000771051    
2.82492        0.0672804      0.000756574    
2.8308         0.0677481      0.000759006    
2.83668        0.0652392      0.000744926    
2.84256        0.0647205      0.000741863    
2.84844        0.0650181      0.000743566    
2.85432        0.0623051      0.000727897    
2.8602         0.0631471      0.000732796    
2.86608        0.0609699      0.00071996     
2.87196        0.0601705      0.000715226    
2.87783        0.0584015      0.00070474     
2.88371        0.0577381      0.000700626    
2.88959        0.0561563      0.000690965    
2.89547        0.0539451      0.000677442    
2.90135        0.0559862      0.000690128    
2.90723        0.0537494      0.000676107    
2.91311        0.0532647      0.000672946    
2.91899        0.0510875      0.000659053    
2.92487        0.0510705      0.000658944    
2.93075        0.0500839      0.000652661    
2.93663        0.0489103      0.000645085    
