p0.00393827     0.0808349      0.000716333    
0.0118148      0.244384       0.00124523     
0.0196914      0.406619       0.0016065      
0.0275679      0.569672       0.00190147     
0.0354444      0.728454       0.00215        
0.043321       0.889914       0.00237687     
0.0511975      1.05362        0.00258587     
0.0590741      1.21116        0.00277263     
0.0669506      1.36772        0.00294675     
0.0748272      1.52374        0.00311091     
0.0827037      1.67946        0.00326534     
0.0905803      1.83483        0.00341226     
0.0984568      1.99023        0.00355388     
0.106333       2.13975        0.00368489     
0.11421        2.29741        0.00381919     
0.122086       2.45028        0.00394425     
0.129963       2.59679        0.00405937     
0.13784        2.73004        0.00416187     
0.145716       2.88523        0.00427991     
0.153593       3.02042        0.00437848     
0.161469       3.16165        0.00448134     
0.169346       3.29603        0.00457332     
0.177222       3.43152        0.00466704     
0.185099       3.56855        0.00475919     
0.192975       3.69743        0.00484439     
0.200852       3.82215        0.00492569     
0.208728       3.94992        0.00500772     
0.216605       4.07168        0.00508291     
0.224482       4.19202        0.00516055     
0.232358       4.314          0.00523242     
0.240235       4.41279        0.00529264     
0.248111       4.5201         0.00535711     
0.255988       4.64258        0.00542749     
0.263864       4.74654        0.00548867     
0.271741       4.84487        0.00554654     
0.279617       4.94269        0.0056025      
0.287494       5.0413         0.00565668     
0.29537        5.11867        0.005701       
0.303247       5.21203        0.00575141     
0.311123       5.30735        0.00580294     
0.319          5.38399        0.00584569     
0.326877       5.46824        0.00589034     
0.334753       5.54892        0.00593556     
0.34263        5.62646        0.00597617     
0.350506       5.68603        0.00600657     
0.358383       5.75389        0.00604333     
0.366259       5.81477        0.00607631     
0.374136       5.88205        0.00610869     
0.382012       5.93826        0.00613988     
0.389889       5.99215        0.00616965     
0.397765       6.03291        0.00619096     
0.405642       6.10152        0.0062211      
0.413519       6.13852        0.00624279     
0.421395       6.17665        0.00626314     
0.429272       6.21387        0.0062811      
0.437148       6.24229        0.00629557     
0.445025       6.287          0.00631752     
0.452901       6.32488        0.006335       
0.460778       6.33968        0.00634452     
0.468654       6.35703        0.0063516      
0.476531       6.3976         0.00637075     
0.484407       6.40539        0.0063765      
0.492284       6.42153        0.00638307     
0.500161       6.43542        0.00639228     
0.508037       6.44148        0.00639278     
0.515914       6.45577        0.00640103     
0.52379        6.45826        0.00640328     
0.531667       6.4575         0.00640322     
0.539543       6.44451        0.00639666     
0.54742        6.45898        0.00640419     
0.555296       6.45184        0.00640043     
0.563173       6.45575        0.00640048     
0.571049       6.445          0.00639795     
0.578926       6.42438        0.00638637     
0.586803       6.40722        0.00637829     
0.594679       6.3962         0.00636956     
0.602556       6.37702        0.00636304     
0.610432       6.36066        0.00635807     
0.618309       6.34646        0.00634776     
0.626185       6.31362        0.00633098     
0.634062       6.28154        0.00631371     
0.641938       6.25143        0.00629794     
0.649815       6.2254         0.00628441     
0.657691       6.20016        0.00627681     
0.665568       6.17951        0.0062633      
0.673445       6.13456        0.00624119     
0.681321       6.09637        0.00621982     
0.689198       6.05655        0.00620176     
0.697074       6.02521        0.00618494     
0.704951       6.00152        0.00617138     
0.712827       5.9494         0.00614682     
0.720704       5.90322        0.00612115     
0.72858        5.86989        0.00610358     
0.736457       5.82354        0.00607956     
0.744333       5.77375        0.00605479     
0.75221        5.72825        0.00603065     
0.760086       5.68565        0.00600638     
0.767963       5.63926        0.00598294     
0.77584        5.58296        0.00595109     
0.783716       5.53538        0.00592677     
0.791593       5.48748        0.00590152     
0.799469       5.44351        0.00588143     
0.807346       5.39602        0.00585199     
0.815222       5.33774        0.00582268     
0.823099       5.28693        0.00579322     
0.830975       5.2312         0.00576214     
0.838852       5.17754        0.00573223     
0.846728       5.12157        0.00570188     
0.854605       5.07673        0.005677       
0.862482       5.01394        0.00564288     
0.870358       4.966          0.005615       
0.878235       4.90303        0.00557948     
0.886111       4.8473         0.00554611     
0.893988       4.81559        0.0055289      
0.901864       4.74282        0.00548688     
0.909741       4.69138        0.00545786     
0.917617       4.6313         0.00542271     
0.925494       4.57823        0.00538976     
0.93337        4.52618        0.00535954     
0.941247       4.46629        0.00532385     
0.949124       4.40714        0.00529012     
0.957          4.35681        0.00525896     
0.964877       4.29251        0.00521953     
0.972753       4.22764        0.00518111     
0.98063        4.18784        0.00515492     
0.988506       4.13445        0.00512272     
0.996383       4.06588        0.00508021     
1.00426        4.02072        0.00505084     
1.01214        3.95707        0.00501131     
1.02001        3.90696        0.00498056     
1.02789        3.84443        0.00494066     
1.03577        3.80164        0.00491472     
1.04364        3.74075        0.0048726      
1.05152        3.70138        0.00484831     
1.0594         3.63501        0.00480441     
1.06727        3.58733        0.00477232     
1.07515        3.52812        0.00473363     
1.08302        3.48603        0.0047043      
1.0909         3.43265        0.00466723     
1.09878        3.37447        0.00462689     
1.10665        3.32221        0.00459205     
1.11453        3.27986        0.00456329     
1.12241        3.2279         0.00452747     
1.13028        3.17756        0.00449145     
1.13816        3.12574        0.00445377     
1.14604        3.0733         0.00441623     
1.15391        3.03891        0.00439282     
1.16179        2.97244        0.00434648     
1.16967        2.93356        0.00431475     
1.17754        2.88721        0.00428054     
1.18542        2.8328         0.0042414      
1.1933         2.78328        0.00420342     
1.20117        2.74466        0.0041741      
1.20905        2.69596        0.00413751     
1.21693        2.6501         0.0041008      
1.2248         2.60678        0.00406789     
1.23268        2.56143        0.00403201     
1.24056        2.52086        0.0039995      
1.24843        2.48092        0.00396842     
1.25631        2.42939        0.00392681     
1.26419        2.38614        0.00389203     
1.27206        2.34343        0.00385729     
1.27994        2.307          0.00382671     
1.28781        2.26585        0.00379246     
1.29569        2.23543        0.0037677      
1.30357        2.1859         0.00372558     
1.31144        2.1495         0.00369465     
1.31932        2.10878        0.00365897     
1.3272         2.0713         0.00362547     
1.33507        2.03674        0.0035959      
1.34295        1.99609        0.00356013     
1.35083        1.96711        0.0035346      
1.3587         1.92581        0.00349654     
1.36658        1.89497        0.00346887     
1.37446        1.85654        0.00343361     
1.38233        1.81677        0.00339652     
1.39021        1.79143        0.00337194     
1.39809        1.74971        0.00333258     
1.40596        1.71392        0.00329912     
1.41384        1.6903         0.00327475     
1.42172        1.65646        0.00324325     
1.42959        1.62614        0.00321137     
1.43747        1.59919        0.00318656     
1.44535        1.57041        0.0031572      
1.45322        1.53566        0.00312251     
1.4611         1.50649        0.00309299     
1.46898        1.47817        0.00306311     
1.47685        1.4475         0.00303175     
1.48473        1.42112        0.00300333     
1.49261        1.39578        0.00297654     
1.50048        1.36312        0.00294168     
1.50836        1.33546        0.00291149     
1.51623        1.31351        0.00288785     
1.52411        1.2844         0.00285567     
1.53199        1.25782        0.00282534     
1.53986        1.23446        0.00279886     
1.54774        1.21161        0.00277323     
1.55562        1.18617        0.00274396     
1.56349        1.16467        0.00271885     
1.57137        1.1359         0.00268574     
1.57925        1.11353        0.00265833     
1.58712        1.0943         0.00263561     
1.595          1.0709         0.002607       
1.60288        1.0496         0.00258139     
1.61075        1.02441        0.00255044     
1.61863        1.00825        0.0025299      
1.62651        0.985832       0.00250091     
1.63438        0.965925       0.00247663     
1.64226        0.946652       0.00245157     
1.65014        0.922848       0.00242008     
1.65801        0.90734        0.00239984     
1.66589        0.885725       0.00237121     
1.67377        0.871074       0.00235131     
1.68164        0.849916       0.00232255     
1.68952        0.83145        0.00229745     
1.6974         0.819477       0.00228154     
1.70527        0.79844        0.00225105     
1.71315        0.782031       0.00222837     
1.72102        0.766015       0.00220525     
1.7289         0.746666       0.00217752     
1.73678        0.733577       0.00215856     
1.74465        0.716317       0.00213202     
1.75253        0.70244        0.00211146     
1.76041        0.690512       0.00209407     
1.76828        0.671646       0.00206457     
1.77616        0.659395       0.00204627     
1.78404        0.643499       0.00202064     
1.79191        0.630524       0.00200044     
1.79979        0.617828       0.00198031     
1.80767        0.605259       0.00196045     
1.81554        0.589205       0.00193332     
1.82342        0.576585       0.00191333     
1.8313         0.563985       0.00189193     
1.83917        0.554564       0.00187579     
1.84705        0.546064       0.00186154     
1.85493        0.526525       0.00182817     
1.8628         0.515772       0.00180942     
1.87068        0.504599       0.00179017     
1.87856        0.492849       0.00176831     
1.88643        0.483778       0.00175291     
1.89431        0.472117       0.00173073     
1.90219        0.462887       0.00171389     
1.91006        0.451194       0.00169211     
1.91794        0.443367       0.00167815     
1.92582        0.432118       0.00165608     
1.93369        0.425117       0.00164265     
1.94157        0.413106       0.0016199      
1.94944        0.401198       0.00159519     
1.95732        0.395186       0.00158407     
1.9652         0.388051       0.00156926     
1.97307        0.375571       0.00154391     
1.98095        0.366328       0.00152504     
1.98883        0.363288       0.00151831     
1.9967         0.352566       0.00149607     
2.00458        0.343018       0.00147562     
2.01246        0.339235       0.00146718     
2.02033        0.328031       0.00144334     
2.02821        0.322438       0.00143055     
2.03609        0.31272        0.00140927     
2.04396        0.306848       0.00139556     
2.05184        0.298024       0.00137529     
2.05972        0.293765       0.00136542     
2.06759        0.285062       0.00134549     
2.07547        0.28105        0.0013357      
2.08335        0.274537       0.00132005     
2.09122        0.269706       0.00130837     
2.0991         0.260044       0.00128463     
2.10698        0.255302       0.0012731      
2.11485        0.249761       0.00125932     
2.12273        0.243705       0.00124351     
2.13061        0.238537       0.00123027     
2.13848        0.234316       0.00121967     
2.14636        0.227143       0.00120086     
2.15423        0.223182       0.00119041     
2.16211        0.217316       0.00117459     
2.16999        0.212968       0.00116292     
2.17786        0.20841        0.00115007     
2.18574        0.20476        0.0011403      
2.19362        0.196241       0.00111656     
2.20149        0.191804       0.00110326     
2.20937        0.187836       0.00109204     
2.21725        0.184358       0.00108191     
2.22512        0.178238       0.00106378     
2.233          0.175096       0.00105447     
2.24088        0.171738       0.00104399     
2.24875        0.167656       0.00103174     
2.25663        0.163111       0.00101742     
2.26451        0.161683       0.00101288     
2.27238        0.15736        0.000999522    
2.28026        0.151812       0.00098179     
2.28814        0.148472       0.000970961    
2.29601        0.143229       0.000953538    
2.30389        0.142918       0.000952462    
2.31177        0.138195       0.000936326    
2.31964        0.134171       0.000922961    
2.32752        0.131593       0.000913853    
2.3354         0.12854        0.000903387    
2.34327        0.12642        0.000895876    
2.35115        0.122001       0.000880024    
2.35902        0.119564       0.000871343    
2.3669         0.115146       0.000855081    
2.37478        0.112867       0.0008465      
2.38265        0.110683       0.000838335    
2.39053        0.108861       0.000831421    
2.39841        0.105662       0.000819088    
2.40628        0.104157       0.000813048    
2.41416        0.101593       0.000802991    
2.42204        0.0970794      0.000784925    
2.42991        0.0950861      0.000776835    
2.43779        0.0932071      0.000769132    
2.44567        0.0921089      0.000764645    
2.45354        0.0897284      0.000754714    
2.46142        0.0876907      0.000745999    
2.4693         0.0840978      0.000730463    
2.47717        0.0814063      0.000718745    
2.48505        0.0805747      0.000715237    
2.49293        0.0798891      0.000712022    
2.5008         0.0764993      0.000696824    
2.50868        0.07509        0.000690325    
2.51656        0.0734967      0.000682968    
2.52443        0.0718589      0.000675442    
2.53231        0.0693705      0.00066378     
2.54019        0.0688881      0.000661289    
2.54806        0.0670472      0.000652588    
2.55594        0.0647746      0.000641201    
2.56382        0.0627877      0.000631362    
2.57169        0.0620513      0.000627653    
2.57957        0.0605849      0.000620071    
2.58744        0.0593661      0.000613741    
2.59532        0.0579759      0.000606781    
2.6032         0.0552527      0.000592242    
2.61107        0.0540465      0.000585748    
2.61895        0.0534118      0.000582439    
2.62683        0.0517867      0.000573382    
2.6347         0.0506377      0.000567062    
2.64258        0.0484984      0.000554896    
2.65046        0.0480414      0.000552205    
2.65833        0.0475843      0.000549647    
2.66621        0.0461243      0.000541156    
2.67409        0.0450134      0.000534455    
2.68196        0.0433566      0.000524607    
2.68984        0.0428868      0.000521759    
2.69772        0.041084       0.000510603    
2.70559        0.0407222      0.000508429    
2.71347        0.0390971      0.000498269    
2.72135        0.0386337      0.000495228    
2.72922        0.0371991      0.000485869    
2.7371         0.0362088      0.000479444    
2.74498        0.0354851      0.000474632    
2.75285        0.0355867      0.000475311    
2.76073        0.0337394      0.000462905    
2.76861        0.0319239      0.000450112    
2.77648        0.0323746      0.000453277    
2.78436        0.032273       0.000452655    
2.79223        0.0304639      0.000439976    
2.80011        0.0297529      0.000434541    
2.80799        0.0293022      0.000431238    
2.81586        0.0283436      0.000424318    
2.82374        0.0275882      0.000418439    
2.83162        0.0275819      0.000418391    
2.83949        0.025906       0.000405484    
2.84737        0.026179       0.000407614    
2.85525        0.0244523      0.000393945    
2.86312        0.0246237      0.000395527    
2.871          0.0238493      0.000389058    
2.87888        0.0236462      0.000387398    
2.88675        0.0229479      0.000381636    
2.89463        0.02284        0.000380738    
2.90251        0.0210752      0.000365736    
2.91038        0.020377       0.000359739    
2.91826        0.0202817      0.000358786    
2.92614        0.0198056      0.00035455     
2.93401        0.0197104      0.000353697    
2.94189        0.0190502      0.000347724    
2.94977        0.0180663      0.000338626    
2.95764        0.0178695      0.000336777    
2.96552        0.0169237      0.000327745    
2.9734         0.0174886      0.000333169    
2.98127        0.0171585      0.000330011    
2.98915        0.0164158      0.00032279     
2.99702        0.0158064      0.000316743    
3.0049         0.0152224      0.000310837    
3.01278        0.0149114      0.000307645    
3.02065        0.0146765      0.000305213    
3.02853        0.0140925      0.00029908     
3.03641        0.0139274      0.000297323    
3.04428        0.0133307      0.000290885    
3.05216        0.0132672      0.00029033     
3.06004        0.0128546      0.000285644    
3.06791        0.012569       0.000282595    
3.07579        0.0124801      0.000281452    
3.08367        0.01215        0.000277706    
3.09154        0.0117818      0.000273466    
3.09942        0.0115723      0.000271024    
3.1073         0.0112486      0.000267206    
3.11517        0.0107534      0.00026126     
3.12305        0.0105821      0.00025917     
3.13093        0.0103599      0.000256435    
3.1388         0.00990282     0.000250715    
3.14668        0.00982664     0.000249749    
3.15456        0.00943307     0.000244696    
3.16243        0.00950925     0.000245682    
3.17031        0.0090395      0.000239538    
3.17819        0.00869036     0.000234867    
3.18606        0.00839201     0.0002308      
3.19394        0.0080873      0.000226571    
3.20182        0.00806191     0.000226216    
3.20969        0.00802382     0.000225681    
3.21757        0.00739538     0.000216663    
3.22544        0.00715415     0.0002131      
3.23332        0.0074652      0.000217683    
3.2412         0.0068558      0.00020861     
3.24907        0.00690658     0.000209381    
3.25695        0.00706528     0.000211773    
3.26483        0.00667806     0.000205888    
3.2727         0.00630353     0.000200031    
3.28058        0.00630353     0.000200031    
3.28846        0.00578934     0.0001917      
3.29633        0.00587821     0.000193166    
3.30421        0.00541481     0.000185396    
3.31209        0.00581473     0.00019212     
3.31996        0.00588456     0.00019327     
3.32784        0.00540212     0.000185178    
3.33572        0.00532594     0.000183868    
3.34359        0.00503393     0.000178757    
3.35147        0.00511011     0.000180104    
3.35935        0.00469749     0.00017268     
3.36722        0.00494506     0.000177172    
3.3751         0.00472923     0.000173262    
3.38298        0.00477367     0.000174306    
3.39085        0.00422774     0.000163819    
3.39873        0.00420235     0.000163326    
3.40661        0.00432296     0.000165653    
3.41448        0.00413887     0.000162088    
3.42236        0.00405        0.000160338    
3.43023        0.00392304     0.000157805    
3.43811        0.0040373      0.000160087    
3.44599        0.00346599     0.000148329    
3.45386        0.00349138     0.000148871    
3.46174        0.00366912     0.000152613    
3.46962        0.00323111     0.000143215    
3.47749        0.00299624     0.000137911    
3.48537        0.00302798     0.00013864     
3.49325        0.00334538     0.000145725    
3.50112        0.00308511     0.000139942    
3.509          0.00274232     0.000131938    
3.51688        0.00285023     0.000134509    
3.52475        0.0029645      0.000137179    
3.53263        0.00265345     0.000129783    
3.54051        0.00252649     0.00012664     
3.54838        0.0026471      0.000129628    
3.55626        0.00242492     0.000124069    
3.56414        0.00217735     0.000117565    
3.57201        0.00222813     0.000118928    
3.57989        0.00213292     0.000116359    
3.58777        0.00220274     0.000118248    
3.59564        0.00220274     0.000118248    
3.60352        0.00195517     0.000111405    
3.6114         0.00206944     0.000114615    
3.61927        0.00199326     0.000112485    
3.62715        0.00172665     0.000104693    
3.63503        0.00193613     0.000110862    
3.6429         0.00197422     0.000111947    
3.65078        0.00176473     0.000105841    
3.65865        0.00165047     0.000102357    
3.66653        0.00169491     0.000103726    
3.67441        0.00165047     0.000102357    
3.68228        0.00174569     0.000105268    
3.69016        0.00160603     0.00010097     
3.69804        0.0015616      9.95633e-05    
3.70591        0.00161238     0.000101169    
3.71379        0.00145368     9.60615e-05    
3.72167        0.00144734     9.58516e-05    
3.72954        0.00126959     8.97733e-05    
3.73742        0.0012442      8.8871e-05     
3.7453         0.00118072     8.65743e-05    
3.75317        0.00137751     9.35108e-05    
3.76105        0.00118072     8.65743e-05    
3.76893        0.00127594     8.99974e-05    
3.7768         0.00111089     8.39753e-05    
3.78468        0.00116802     8.61075e-05    
3.79256        0.00116168     8.58732e-05    
3.80043        0.00107915     8.27669e-05    
3.80831        0.000971238    7.85197e-05    
3.81619        0.0010855      8.301e-05      
3.82406        0.00106646     8.22786e-05    
3.83194        0.000920454    7.64393e-05    
3.83982        0.00093315     7.69647e-05    
3.84769        0.000907759    7.59103e-05    
3.85557        0.00100933     8.00444e-05    
3.86344        0.000863323    7.40291e-05    
3.87132        0.000920454    7.64393e-05    
3.8792         0.000710972    6.71803e-05    
3.88707        0.00093315     7.69647e-05    
3.89495        0.000710972    6.71803e-05    
3.90283        0.000742712    6.86635e-05    
3.9107         0.000723668    6.77775e-05    
3.91858        0.000730016    6.80741e-05    
3.92646        0.000634796    6.34795e-05    
3.93433        0.000761755    6.95382e-05    
