0.00387561     0              0              
0.0116268      1.29012e-05    9.12252e-06    
0.0193781      1.29012e-05    9.12252e-06    
0.0271293      5.16048e-05    1.8245e-05     
0.0348805      6.4506e-05     2.03986e-05    
0.0426317      9.03084e-05    2.41359e-05    
0.0503829      0.000135463    2.95603e-05    
0.0581341      0.000167716    3.28917e-05    
0.0658854      0.000180617    3.41333e-05    
0.0736366      0.000245123    3.97641e-05    
0.0813878      0.000309629    4.4691e-05     
0.089139       0.000451542    5.39695e-05    
0.0968902      0.000477344    5.549e-05      
0.104641       0.000470894    5.51138e-05    
0.112393       0.000587004    6.15346e-05    
0.120144       0.000683763    6.64128e-05    
0.127895       0.000812775    7.24076e-05    
0.135646       0.000935337    7.76752e-05    
0.143398       0.00103855     8.18486e-05    
0.151149       0.0010837      8.36089e-05    
0.1589         0.00125142     8.9846e-05     
0.166651       0.00133527     9.28075e-05    
0.174402       0.00140623     9.52414e-05    
0.182154       0.00173521     0.000105797    
0.189905       0.00181262     0.000108131    
0.197656       0.0016449      0.000103007    
0.205407       0.00207064     0.000115571    
0.213159       0.00234802     0.000123068    
0.22091        0.00249638     0.000126897    
0.228661       0.00230286     0.000121879    
0.236412       0.00273505     0.000132825    
0.244163       0.00261249     0.000129814    
0.251915       0.00281246     0.000134691    
0.259666       0.00293502     0.000137594    
0.267417       0.00340592     0.000148221    
0.275168       0.00361879     0.000152783    
0.28292        0.00389616     0.00015853     
0.290671       0.00398647     0.000160357    
0.298422       0.00448317     0.000170053    
0.306173       0.00457992     0.000171878    
0.313924       0.00469603     0.000174043    
0.321676       0.00481215     0.000176182    
0.329427       0.00527014     0.000184375    
0.337178       0.00574103     0.000192436    
0.344929       0.00561847     0.00019037     
0.352681       0.00582489     0.000193836    
0.360432       0.00607001     0.000197872    
0.368183       0.00624418     0.000200691    
0.375934       0.00656026     0.000205707    
0.383685       0.00693439     0.000211491    
0.391437       0.00696665     0.000211983    
0.399188       0.00757945     0.000221109    
0.406939       0.00808905     0.000228421    
0.41469        0.00840513     0.00023284     
0.422441       0.00854059     0.000234709    
0.430193       0.00851479     0.000234354    
0.437944       0.00905664     0.000241695    
0.445695       0.00892763     0.000239968    
0.453446       0.00958559     0.000248653    
0.461198       0.0101145      0.000255421    
0.468949       0.010708       0.000262806    
0.4767         0.0108499      0.000264542    
0.484451       0.0113918      0.000271067    
0.492202       0.010966       0.000265954    
0.499954       0.0117788      0.000275633    
0.507705       0.0123916      0.000282711    
0.515456       0.0124045      0.000282858    
0.523207       0.0120433      0.00027871     
0.530959       0.0130173      0.00028976     
0.53871        0.0135011      0.000295095    
0.546461       0.0139526      0.000299989    
0.554212       0.0142494      0.000303161    
0.561963       0.0149396      0.000310416    
0.569715       0.0148686      0.000309678    
0.577466       0.0151718      0.000312819    
0.585217       0.0151976      0.000313351    
0.592968       0.0159588      0.000320958    
0.60072        0.0166167      0.000327375    
0.608471       0.016649       0.000327819    
0.616222       0.0176101      0.000337017    
0.623973       0.0178488      0.000339293    
0.631724       0.0174618      0.000335594    
0.639476       0.0182036      0.000342648    
0.647227       0.018023       0.000340944    
0.654978       0.0185519      0.00034591     
0.662729       0.0201646      0.000360629    
0.670481       0.0195969      0.000355517    
0.678232       0.0200614      0.000359705    
0.685983       0.0198743      0.000358024    
0.693734       0.0203839      0.000362584    
0.701485       0.0213579      0.000371145    
0.709237       0.0211386      0.00036946     
0.716988       0.0226674      0.000382351    
0.724739       0.0225642      0.00038148     
0.73249        0.0228287      0.000383817    
0.740242       0.0224352      0.000380607    
0.747993       0.0235963      0.000390106    
0.755744       0.0240478      0.00039382     
0.763495       0.0249122      0.000400937    
0.771246       0.0243446      0.000396346    
0.778998       0.0251122      0.000402439    
0.786749       0.0252992      0.000404141    
0.7945         0.0256734      0.00040691     
0.802251       0.0265571      0.000413853    
0.810002       0.0266603      0.000414656    
0.817754       0.0267184      0.000415207    
0.825505       0.0272538      0.000419344    
0.833256       0.0273312      0.000419938    
0.841007       0.0276279      0.000422112    
0.848759       0.0281311      0.000426035    
0.85651        0.0281956      0.000426425    
0.864261       0.0287632      0.000430695    
0.872012       0.0293954      0.000435497    
0.879763       0.0295953      0.000436975    
0.887515       0.0298018      0.000438495    
0.895266       0.0309693      0.000446903    
0.903017       0.0307435      0.000445272    
0.910768       0.0306855      0.000445038    
0.91852        0.0310532      0.000447601    
0.926271       0.0316789      0.000451993    
0.934022       0.0324723      0.000457617    
0.941773       0.0322594      0.000456115    
0.949524       0.032182       0.00045575     
0.957276       0.0319692      0.000454058    
0.965027       0.0326594      0.000458933    
0.972778       0.033627       0.000465769    
0.980529       0.0336528      0.000465947    
0.988281       0.0339624      0.000468085    
0.996032       0.033685       0.000466171    
1.00378        0.0348203      0.000473956    
1.01153        0.0345688      0.000472154    
1.01929        0.0342849      0.000470389    
1.02704        0.0348268      0.000474       
1.03479        0.0349751      0.000475096    
1.04254        0.036433       0.000484886    
1.05029        0.0345365      0.000471934    
1.05804        0.0355428      0.000478758    
1.06579        0.0369684      0.000488347    
1.07354        0.0363104      0.000483899    
1.0813         0.0366071      0.000485957    
1.08905        0.0367104      0.000486556    
1.0968         0.0364652      0.000485015    
1.10455        0.0367942      0.000487196    
1.1123         0.0376715      0.000492882    
1.12005        0.0371167      0.000489326    
1.1278         0.0373941      0.000491065    
1.13555        0.0378199      0.000493851    
1.1433         0.0368974      0.000487793    
1.15106        0.0381295      0.000496036    
1.15881        0.0377618      0.000493725    
1.16656        0.0384778      0.000498211    
1.17431        0.0379424      0.000495071    
1.18206        0.0386326      0.000499212    
1.18981        0.0393164      0.000503772    
1.19756        0.0391809      0.000502657    
1.20531        0.0393809      0.000503937    
1.21307        0.0396325      0.000505544    
1.22082        0.0381166      0.000495952    
1.22857        0.0401034      0.000508865    
1.23632        0.0393035      0.00050369     
1.24407        0.0389165      0.000501041    
1.25182        0.0398195      0.000506817    
1.25957        0.0396454      0.000505626    
1.26732        0.0391551      0.000502491    
1.27508        0.0396067      0.000505462    
1.28283        0.0402001      0.00050915     
1.29058        0.0403549      0.000510211    
1.29833        0.0405098      0.000511188    
1.30608        0.0396841      0.000505955    
1.31383        0.0387358      0.000499794    
1.32158        0.0396196      0.000505462    
1.32933        0.0393486      0.000503896    
1.33709        0.0393938      0.00050402     
1.34484        0.0396905      0.000505914    
1.35259        0.0400969      0.00050866     
1.36034        0.0402066      0.000509273    
1.36809        0.0398131      0.000506858    
1.37584        0.0394067      0.00050435     
1.38359        0.0398324      0.000506981    
1.39134        0.0393422      0.000503772    
1.3991         0.0389939      0.000501456    
1.40685        0.0399615      0.000507801    
1.4146         0.0374844      0.000491657    
1.42235        0.0397808      0.000506489    
1.4301         0.0385681      0.000498711    
1.43785        0.039697       0.000506119    
1.4456         0.0392906      0.000503359    
1.45335        0.0384069      0.000497668    
1.4611         0.0389294      0.000501124    
1.46886        0.0392648      0.000503277    
1.47661        0.0380779      0.000495533    
1.48436        0.0379618      0.000494777    
1.49211        0.0372845      0.000490429    
1.49986        0.0376586      0.000492966    
1.50761        0.0386391      0.000499253    
1.51536        0.037607       0.00049246     
1.52311        0.0371619      0.000489538    
1.53087        0.0380779      0.000495533    
1.53862        0.0357492      0.000480232    
1.54637        0.0376586      0.000492798    
1.55412        0.0371296      0.000489411    
1.56187        0.0366523      0.000486342    
1.56962        0.0375876      0.000492418    
1.57737        0.0363233      0.000484071    
1.58512        0.0367555      0.000486855    
1.59288        0.0366716      0.000486299    
1.60063        0.0364975      0.000485143    
1.60838        0.0360653      0.000482263    
1.61613        0.0356718      0.000479626    
1.62388        0.0351751      0.000476276    
1.63163        0.0347945      0.000473781    
1.63938        0.035575       0.000478975    
1.64713        0.0342527      0.000470168    
1.65489        0.0350332      0.000475402    
1.66264        0.0349622      0.000474833    
1.67039        0.0336076      0.000465546    
1.67814        0.0338785      0.000467418    
1.68589        0.0346462      0.000472682    
1.69364        0.0330851      0.000461913    
1.70139        0.0340914      0.000469061    
1.70914        0.0332077      0.000462768    
1.7169         0.0317885      0.000452774    
1.72465        0.0317627      0.000452774    
1.7324         0.032511       0.00045798     
1.74015        0.033169       0.000462498    
1.7479         0.0316208      0.000451671    
1.75565        0.0319047      0.0004536      
1.7634         0.0317885      0.000452774    
1.77115        0.0314983      0.000450795    
1.7789         0.0316337      0.000451763    
1.78666        0.0314338      0.000450241    
1.79441        0.0305694      0.000444196    
1.80216        0.0302404      0.000441802    
1.80991        0.0296663      0.000437498    
1.81766        0.0298534      0.00043878     
1.82541        0.0297502      0.000438211    
1.83316        0.0290986      0.000433295    
1.84091        0.0295437      0.000436594    
1.84867        0.0286794      0.000430067    
1.85642        0.0284794      0.000428566    
1.86417        0.0276989      0.000422653    
1.87192        0.0278343      0.000423685    
1.87967        0.0281956      0.000426523    
1.88742        0.027157       0.000418599    
1.89517        0.0278408      0.000423734    
1.90292        0.0274795      0.000420977    
1.91068        0.0274086      0.000420532    
1.91843        0.0268796      0.000416457    
1.92618        0.0259443      0.000409051    
1.93393        0.0265894      0.000414204    
1.94168        0.0262668      0.000411585    
1.94943        0.0258153      0.000408033    
1.95718        0.0256992      0.000407216    
1.96493        0.0253315      0.000404295    
1.97269        0.0249703      0.0004013      
1.98044        0.0242994      0.000395874    
1.98819        0.0247767      0.000399743    
1.99594        0.0237963      0.000391755    
2.00369        0.0238866      0.000392497    
2.01144        0.0238672      0.000392338    
2.01919        0.0229835      0.000385116    
2.02694        0.0231705      0.000386571    
2.0347         0.0242542      0.000395611    
2.04245        0.0225255      0.000381153    
2.0502         0.0230222      0.000385439    
2.05795        0.0223449      0.000379622    
2.0657         0.0218353      0.000375269    
2.07345        0.0216482      0.000373658    
2.0812         0.0215901      0.000373157    
2.08895        0.0209451      0.000367541    
2.09671        0.0211386      0.000369235    
2.10446        0.021216       0.00036991     
2.11221        0.0208548      0.000366748    
2.11996        0.0200743      0.000359821    
2.12771        0.0207129      0.000365612    
2.13546        0.0199194      0.000358431    
2.14321        0.019068       0.000350806    
2.15096        0.0190422      0.000350569    
2.15871        0.018997       0.000350034    
2.16647        0.018668       0.000346991    
2.17422        0.0181391      0.000342162    
2.18197        0.01841        0.000344705    
2.18972        0.0184423      0.000345007    
2.19747        0.01821        0.000342708    
2.20522        0.0175843      0.00033677     
2.21297        0.0180875      0.000341553    
2.22072        0.0171779      0.000332856    
2.22848        0.0170167      0.00033129     
2.23623        0.0168683      0.000329843    
2.24398        0.0166683      0.000327882    
2.25173        0.0170941      0.000332043    
2.25948        0.0156556      0.000317767    
2.26723        0.0162297      0.00032354     
2.27498        0.015217       0.000313417    
2.28273        0.0157072      0.00031829     
2.29049        0.0154427      0.000315731    
2.29824        0.0154814      0.000315994    
2.30599        0.0148106      0.000309073    
2.31374        0.0143913      0.000304667    
2.32149        0.0146106      0.00030698     
2.32924        0.0145461      0.000306301    
2.33699        0.014488       0.000305689    
2.34474        0.0142558      0.00030323     
2.3525         0.0137656      0.000297971    
2.36025        0.0136108      0.000296291    
2.368          0.0131721      0.000291478    
2.37575        0.0136108      0.000296291    
2.3835         0.0134495      0.000294531    
2.39125        0.0130238      0.000289832    
2.399          0.0123335      0.000282048    
2.40675        0.0125593      0.000284618    
2.41451        0.0125077      0.000284032    
2.42226        0.0120884      0.000279231    
2.43001        0.0117401      0.000275179    
2.43776        0.010837       0.000264385    
2.44551        0.011224       0.000269064    
2.45326        0.0113079      0.000270067    
2.46101        0.0116885      0.000274574    
2.46876        0.0113143      0.000270144    
2.47651        0.0109402      0.000265641    
2.48427        0.0109983      0.000266344    
2.49202        0.0111982      0.000268755    
2.49977        0.0106822      0.00026249     
2.50752        0.01025        0.000257125    
2.51527        0.0101145      0.000255421    
2.52302        0.00965654     0.000249571    
2.53077        0.00951463     0.000247731    
2.53852        0.00996617     0.000253541    
2.54628        0.00952108     0.000247815    
2.55403        0.00999843     0.00025395     
2.56178        0.00961139     0.000248987    
2.56953        0.00929531     0.000244859    
2.57728        0.00917275     0.00024324     
2.58503        0.00905664     0.000241695    
2.59278        0.00882442     0.000238577    
2.60053        0.00831482     0.000231586    
2.60829        0.00828257     0.000231136    
2.61604        0.00842448     0.000233108    
2.62379        0.00846318     0.000233643    
2.63154        0.00764396     0.000222048    
2.63929        0.00822451     0.000230325    
2.64704        0.0080826      0.000228329    
2.65479        0.00778587     0.000224099    
2.66254        0.00765041     0.000222141    
2.6703         0.0076117      0.000221579    
2.67805        0.00739238     0.000218363    
2.6858         0.0075472      0.000220638    
2.69355        0.00687634     0.000210604    
2.7013         0.00704405     0.000213157    
2.70905        0.00666347     0.000207319    
2.7168         0.00677313     0.000209018    
2.72455        0.00678603     0.000209217    
2.73231        0.00657961     0.00020601     
2.74006        0.00671507     0.00020812     
2.74781        0.00654736     0.000205505    
2.75556        0.00621193     0.000200172    
2.76331        0.0059539      0.000195971    
2.77106        0.00605066     0.000197556    
2.77881        0.00569588     0.000191677    
2.78656        0.00574103     0.000192436    
2.79431        0.00579909     0.000193406    
2.80207        0.00579264     0.000193298    
2.80982        0.00527659     0.000184488    
2.81757        0.00583779     0.00019405     
2.82532        0.00517338     0.000182675    
2.83307        0.00549591     0.000188283    
2.84082        0.0048057      0.000176064    
2.84857        0.0054443      0.000187397    
2.85632        0.00495406     0.000178761    
2.86408        0.00500566     0.000179689    
2.87183        0.00445091     0.00016944     
2.87958        0.00474764     0.000174997    
2.88733        0.00468313     0.000173804    
2.89508        0.00447026     0.000169808    
2.90283        0.00470249     0.000174163    
2.91058        0.00457992     0.000171878    
2.91833        0.00454767     0.000171515    
2.92609        0.00447671     0.000169931    
2.93384        0.00440576     0.000168579    
2.94159        0.00405098     0.000161649    
2.94934        0.00416709     0.000163949    
2.95709        0.00401227     0.000160875    
2.96484        0.00396067     0.000159837    
2.97259        0.0037736      0.000156017    
2.98034        0.0037607      0.00015575     
2.9881         0.00368329     0.000154139    
2.99585        0.00356718     0.00015169     
3.0036         0.00368329     0.000154139    
3.01135        0.00381875     0.000156947    
3.0191         0.00336721     0.000147377    
3.02685        0.00321885     0.000144094    
3.0346         0.00352203     0.000151003    
3.04235        0.00306403     0.000140586    
3.05011        0.00333496     0.000146669    
3.05786        0.00334786     0.000146953    
3.06561        0.00311564     0.000141765    
3.07336        0.00299308     0.000138949    
3.08111        0.00311564     0.000141765    
3.08886        0.00314144     0.000142351    
3.09661        0.00279311     0.000134227    
3.10436        0.00279311     0.000134227    
3.11211        0.00274795     0.000133137    
3.11987        0.00278021     0.000133916    
3.12762        0.00255444     0.000128364    
3.13537        0.00253508     0.000127877    
3.14312        0.00238027     0.000123911    
3.15087        0.00249638     0.000126897    
3.15862        0.00250928     0.000127224    
3.16637        0.00236092     0.000123406    
3.17412        0.00243188     0.000125247    
3.18188        0.00232867     0.00012256     
3.18963        0.0026641      0.00013109     
3.19738        0.0021158      0.000116824    
3.20513        0.00231576     0.00012222     
3.21288        0.00208999     0.00011611     
3.22063        0.00225771     0.000120679    
3.22838        0.0021158      0.000116824    
3.23613        0.00208354     0.00011593     
3.24389        0.00185132     0.000109279    
3.25164        0.00192873     0.00011154     
3.25939        0.00202549     0.000114304    
3.26714        0.00179972     0.000107745    
3.27489        0.00181907     0.000108323    
3.28264        0.00179972     0.000107745    
3.29039        0.00183842     0.000108898    
3.29814        0.00192873     0.00011154     
3.3059         0.00172876     0.0001056      
3.31365        0.00184487     0.000109089    
3.3214         0.0015804      0.000100967    
3.32915        0.00156104     0.000100347    
3.3369         0.00153524     9.95144e-05    
3.34465        0.00157395     0.000100761    
3.3524         0.00157395     0.000100761    
3.36015        0.0015675      0.000100554    
3.36791        0.00141913     9.56773e-05    
3.37566        0.00148364     9.78276e-05    
3.38341        0.00132237     9.2358e-05     
3.39116        0.00134172     9.30314e-05    
3.39891        0.00136108     9.36998e-05    
3.40666        0.00128367     9.09964e-05    
3.41441        0.00144493     9.65432e-05    
3.42216        0.00119981     8.7974e-05     
3.42991        0.00122561     8.89149e-05    
3.43767        0.00125787     9.00773e-05    
3.44542        0.00123851     8.93817e-05    
3.45317        0.00129012     9.12248e-05    
3.46092        0.000883732    7.55021e-05    
3.46867        0.00107725     8.33597e-05    
3.47642        0.000993392    8.00495e-05    
3.48417        0.00112885     8.5333e-05     
3.49192        0.00110305     8.43521e-05    
3.49968        0.0010966      8.41051e-05    
3.50743        0.000980491    7.9528e-05     
3.51518        0.00103855     8.18486e-05    
3.52293        0.00097404     7.9266e-05     
3.53068        0.000961139    7.87393e-05    
3.53843        0.000999843    8.0309e-05     
3.54618        0.00096759     7.90031e-05    
3.55393        0.000903084    7.63242e-05    
3.56169        0.000903084    7.63242e-05    
3.56944        0.00101919     8.10824e-05    
3.57719        0.000890182    7.57771e-05    
3.58494        0.000786973    7.1249e-05     
3.59269        0.000928886    7.74069e-05    
3.60044        0.00086438     7.46708e-05    
3.60819        0.000767621    7.03675e-05    
3.61594        0.000741819    6.91748e-05    
3.6237         0.00075472     6.97737e-05    
3.63145        0.000722467    6.82665e-05    
3.6392         0.000664412    6.54662e-05    
3.64695        0.000599906    6.22072e-05    
3.6547         0.000793423    7.15404e-05    
3.66245        0.000664412    6.54662e-05    
3.6702         0.000677313    6.60988e-05    
3.67795        0.000599906    6.22072e-05    
3.68571        0.000690214    6.67253e-05    
3.69346        0.000690214    6.67253e-05    
3.70121        0.000587004    6.15346e-05    
3.70896        0.000561202    6.0167e-05     
3.71671        0.000593455    6.18718e-05    
3.72446        0.000625708    6.35309e-05    
3.73221        0.000548301    5.94714e-05    
3.73996        0.000709566    6.76543e-05    
3.74771        0.000593455    6.18718e-05    
3.75547        0.000503147    5.697e-05      
3.76322        0.000574103    6.08547e-05    
3.77097        0.000419289    5.20063e-05    
3.77872        0.000503147    5.697e-05      
3.78647        0.000464443    5.4735e-05     
3.79422        0.000567653    6.05118e-05    
3.80197        0.000277376    4.22994e-05    
3.80972        0.000574103    6.08547e-05    
3.81748        0.000412838    5.16047e-05    
3.82523        0.000438641    5.31929e-05    
3.83298        0.000464443    5.4735e-05     
3.84073        0.000451542    5.39695e-05    
3.84848        0.000348332    4.7402e-05     
3.85623        0.000393486    5.03807e-05    
3.86398        0.000399937    5.0792e-05     
3.87173        0.000380585    4.95479e-05    
