0.00480892     0              0              
0.0144268      0              0              
0.0240446      0              0              
0.0336624      0              0              
0.0432803      0              0              
0.0528981      0              0              
0.062516       0              0              
0.0721338      0              0              
0.0817516      0              0              
0.0913695      0              0              
0.100987       0              0              
0.110605       0              0              
0.120223       0              0              
0.129841       0              0              
0.139459       0              0              
0.149077       0              0              
0.158694       0              0              
0.168312       5.19867e-06    5.19867e-06    
0.17793        0              0              
0.187548       0              0              
0.197166       5.19867e-06    5.19867e-06    
0.206784       0              0              
0.216401       0              0              
0.226019       5.19867e-06    5.19867e-06    
0.235637       5.19867e-06    5.19867e-06    
0.245255       0              0              
0.254873       1.03973e-05    7.35203e-06    
0.264491       5.19867e-06    5.19867e-06    
0.274108       5.19867e-06    5.19867e-06    
0.283726       5.19867e-06    5.19867e-06    
0.293344       5.19867e-06    5.19867e-06    
0.302962       0              0              
0.31258        5.19867e-06    5.19867e-06    
0.322198       0              0              
0.331815       0              0              
0.341433       0              0              
0.351051       5.19867e-06    5.19867e-06    
0.360669       0              0              
0.370287       5.19867e-06    5.19867e-06    
0.379905       5.19867e-06    5.19867e-06    
0.389523       5.19867e-06    5.19867e-06    
0.39914        1.03973e-05    7.35203e-06    
0.408758       1.5596e-05     9.00436e-06    
0.418376       5.19867e-06    5.19867e-06    
0.427994       0              0              
0.437612       5.19867e-06    5.19867e-06    
0.44723        1.03973e-05    7.35203e-06    
0.456847       5.19867e-06    5.19867e-06    
0.466465       1.03973e-05    7.35203e-06    
0.476083       5.19867e-06    5.19867e-06    
0.485701       2.59934e-05    1.16246e-05    
0.495319       5.19867e-06    5.19867e-06    
0.504937       0              0              
0.514554       5.19867e-06    5.19867e-06    
0.524172       5.19867e-06    5.19867e-06    
0.53379        1.5596e-05     9.00436e-06    
0.543408       1.03973e-05    7.35203e-06    
0.553026       5.19867e-06    5.19867e-06    
0.562644       5.19867e-06    5.19867e-06    
0.572261       2.07947e-05    1.03973e-05    
0.581879       4.15894e-05    1.47041e-05    
0.591497       5.19867e-06    5.19867e-06    
0.601115       2.07947e-05    1.03973e-05    
0.610733       3.63907e-05    1.37544e-05    
0.620351       1.5596e-05     9.00436e-06    
0.629969       2.07947e-05    1.03973e-05    
0.639586       5.19867e-06    5.19867e-06    
0.649204       5.19867e-06    5.19867e-06    
0.658822       1.5596e-05     9.00436e-06    
0.66844        2.59934e-05    1.16246e-05    
0.678058       1.03973e-05    7.35203e-06    
0.687676       5.19867e-06    5.19867e-06    
0.697293       2.07947e-05    1.03973e-05    
0.706911       4.15894e-05    1.47041e-05    
0.716529       2.07947e-05    1.03973e-05    
0.726147       2.07947e-05    1.03973e-05    
0.735765       2.59934e-05    1.16246e-05    
0.745383       3.1192e-05     1.27341e-05    
0.755          2.07947e-05    1.03973e-05    
0.764618       1.5596e-05     9.00436e-06    
0.774236       3.63907e-05    1.37544e-05    
0.783854       3.1192e-05     1.27341e-05    
0.793472       1.03973e-05    7.35203e-06    
0.80309        4.67881e-05    1.5596e-05     
0.812707       3.1192e-05     1.27341e-05    
0.822325       2.59934e-05    1.16246e-05    
0.831943       3.63907e-05    1.37544e-05    
0.841561       3.63907e-05    1.37544e-05    
0.851179       4.67881e-05    1.5596e-05     
0.860797       4.15894e-05    1.47041e-05    
0.870415       2.59934e-05    1.16246e-05    
0.880032       4.15894e-05    1.47041e-05    
0.88965        2.59934e-05    1.16246e-05    
0.899268       4.67881e-05    1.5596e-05     
0.908886       4.15894e-05    1.47041e-05    
0.918504       6.23841e-05    1.80087e-05    
0.928122       4.15894e-05    1.47041e-05    
0.937739       3.63907e-05    1.37544e-05    
0.947357       4.15894e-05    1.47041e-05    
0.956975       5.71854e-05    1.7242e-05     
0.966593       3.1192e-05     1.27341e-05    
0.976211       4.15894e-05    1.47041e-05    
0.985829       4.67881e-05    1.5596e-05     
0.995446       2.59934e-05    1.16246e-05    
1.00506        4.15894e-05    1.47041e-05    
1.01468        1.5596e-05     9.00436e-06    
1.0243         3.1192e-05     1.27341e-05    
1.03392        5.19867e-05    1.64396e-05    
1.04354        3.63907e-05    1.37544e-05    
1.05315        4.67881e-05    1.5596e-05     
1.06277        5.19867e-05    1.64396e-05    
1.07239        4.15894e-05    1.47041e-05    
1.08201        4.15894e-05    1.47041e-05    
1.09162        3.63907e-05    1.37544e-05    
1.10124        4.67881e-05    1.5596e-05     
1.11086        4.67881e-05    1.5596e-05     
1.12048        4.67881e-05    1.5596e-05     
1.1301         7.27814e-05    1.94516e-05    
1.13971        3.1192e-05     1.27341e-05    
1.14933        3.1192e-05     1.27341e-05    
1.15895        4.67881e-05    1.5596e-05     
1.16857        4.15894e-05    1.47041e-05    
1.17819        6.75827e-05    1.87441e-05    
1.1878         5.71854e-05    1.7242e-05     
1.19742        0.000109172    2.38233e-05    
1.20704        5.19867e-05    1.64396e-05    
1.21666        7.79801e-05    2.01344e-05    
1.22627        8.31788e-05    2.07947e-05    
1.23589        8.31788e-05    2.07947e-05    
1.24551        4.15894e-05    1.47041e-05    
1.25513        0.000103973    2.32492e-05    
1.26475        6.75827e-05    1.87441e-05    
1.27436        6.75827e-05    1.87441e-05    
1.28398        8.31788e-05    2.07947e-05    
1.2936         5.19867e-05    1.64396e-05    
1.30322        6.23841e-05    1.80087e-05    
1.31284        4.67881e-05    1.5596e-05     
1.32245        8.31788e-05    2.07947e-05    
1.33207        4.15894e-05    1.47041e-05    
1.34169        5.19867e-05    1.64396e-05    
1.35131        7.27814e-05    1.94516e-05    
1.36092        8.83774e-05    2.14347e-05    
1.37054        0.000103973    2.32492e-05    
1.38016        6.75827e-05    1.87441e-05    
1.38978        4.67881e-05    1.5596e-05     
1.3994         5.71854e-05    1.7242e-05     
1.40901        0.000119569    2.49319e-05    
1.41863        8.83774e-05    2.14347e-05    
1.42825        8.31788e-05    2.07947e-05    
1.43787        9.87748e-05    2.26605e-05    
1.44748        6.23841e-05    1.80087e-05    
1.4571         0.000119569    2.49319e-05    
1.46672        9.87748e-05    2.26605e-05    
1.47634        0.000109172    2.38233e-05    
1.48596        9.87748e-05    2.26605e-05    
1.49557        6.75827e-05    1.87441e-05    
1.50519        7.27814e-05    1.94516e-05    
1.51481        7.27814e-05    1.94516e-05    
1.52443        9.35761e-05    2.20561e-05    
1.53405        9.87748e-05    2.26605e-05    
1.54366        9.35761e-05    2.20561e-05    
1.55328        7.27814e-05    1.94516e-05    
1.5629         7.79801e-05    2.01344e-05    
1.57252        9.87748e-05    2.26605e-05    
1.58213        0.000109172    2.38233e-05    
1.59175        0.000124768    2.54682e-05    
1.60137        3.63907e-05    1.37544e-05    
1.61099        0.000114371    2.43839e-05    
1.62061        5.71854e-05    1.7242e-05     
1.63022        9.87748e-05    2.26605e-05    
1.63984        9.35761e-05    2.20561e-05    
1.64946        7.79801e-05    2.01344e-05    
1.65908        0.000109172    2.38233e-05    
1.6687         6.75827e-05    1.87441e-05    
1.67831        0.000124768    2.54682e-05    
1.68793        0.000109172    2.38233e-05    
1.69755        0.000103973    2.32492e-05    
1.70717        0.000114371    2.43839e-05    
1.71678        9.35761e-05    2.20561e-05    
1.7264         6.23841e-05    1.80087e-05    
1.73602        9.87748e-05    2.26605e-05    
1.74564        0.000103973    2.32492e-05    
1.75526        9.35761e-05    2.20561e-05    
1.76487        9.35761e-05    2.20561e-05    
1.77449        9.87748e-05    2.26605e-05    
1.78411        9.87748e-05    2.26605e-05    
1.79373        9.87748e-05    2.26605e-05    
1.80335        3.63907e-05    1.37544e-05    
1.81296        8.31788e-05    2.07947e-05    
1.82258        0.000114371    2.43839e-05    
1.8322         7.79801e-05    2.01344e-05    
1.84182        0.000109172    2.38233e-05    
1.85143        0.000109172    2.38233e-05    
1.86105        9.87748e-05    2.26605e-05    
1.87067        7.27814e-05    1.94516e-05    
1.88029        0.000109172    2.38233e-05    
1.88991        0.000103973    2.32492e-05    
1.89952        0.000119569    2.49319e-05    
1.90914        0.000140364    2.70131e-05    
1.91876        5.19867e-05    1.64396e-05    
1.92838        9.35761e-05    2.20561e-05    
1.93799        9.35761e-05    2.20561e-05    
1.94761        6.23841e-05    1.80087e-05    
1.95723        7.79801e-05    2.01344e-05    
1.96685        9.35761e-05    2.20561e-05    
1.97647        9.35761e-05    2.20561e-05    
1.98608        0.000114371    2.43839e-05    
1.9957         5.71854e-05    1.7242e-05     
2.00532        0.000114371    2.43839e-05    
2.01494        7.79801e-05    2.01344e-05    
2.02456        0.000114371    2.43839e-05    
2.03417        8.83774e-05    2.14347e-05    
2.04379        7.79801e-05    2.01344e-05    
2.05341        8.83774e-05    2.14347e-05    
2.06303        7.27814e-05    1.94516e-05    
2.07264        8.83774e-05    2.14347e-05    
2.08226        8.83774e-05    2.14347e-05    
2.09188        7.79801e-05    2.01344e-05    
2.1015         0.000135165    2.65081e-05    
2.11112        8.31788e-05    2.07947e-05    
2.12073        0.000103973    2.32492e-05    
2.13035        8.83774e-05    2.14347e-05    
2.13997        0.000129967    2.59933e-05    
2.14959        9.87748e-05    2.26605e-05    
2.15921        8.83774e-05    2.14347e-05    
2.16882        5.71854e-05    1.7242e-05     
2.17844        7.79801e-05    2.01344e-05    
2.18806        5.19867e-05    1.64396e-05    
2.19768        4.67881e-05    1.5596e-05     
2.20729        9.87748e-05    2.26605e-05    
2.21691        0.000109172    2.38233e-05    
2.22653        9.87748e-05    2.26605e-05    
2.23615        6.23841e-05    1.80087e-05    
2.24577        0.000114371    2.43839e-05    
2.25538        7.27814e-05    1.94516e-05    
2.265          8.83774e-05    2.14347e-05    
2.27462        8.31788e-05    2.07947e-05    
2.28424        5.71854e-05    1.7242e-05     
2.29385        7.27814e-05    1.94516e-05    
2.30347        5.71854e-05    1.7242e-05     
2.31309        8.31788e-05    2.07947e-05    
2.32271        9.87748e-05    2.26605e-05    
2.33233        6.75827e-05    1.87441e-05    
2.34194        7.79801e-05    2.01344e-05    
2.35156        6.23841e-05    1.80087e-05    
2.36118        9.87748e-05    2.26605e-05    
2.3708         8.31788e-05    2.07947e-05    
2.38042        7.27814e-05    1.94516e-05    
2.39003        7.79801e-05    2.01344e-05    
2.39965        5.71854e-05    1.7242e-05     
2.40927        9.35761e-05    2.20561e-05    
2.41889        7.27814e-05    1.94516e-05    
2.4285         6.75827e-05    1.87441e-05    
2.43812        4.15894e-05    1.47041e-05    
2.44774        2.59934e-05    1.16246e-05    
2.45736        9.35761e-05    2.20561e-05    
2.46698        6.23841e-05    1.80087e-05    
2.47659        8.31788e-05    2.07947e-05    
2.48621        3.1192e-05     1.27341e-05    
2.49583        8.31788e-05    2.07947e-05    
2.50545        5.19867e-05    1.64396e-05    
2.51507        7.79801e-05    2.01344e-05    
2.52468        7.79801e-05    2.01344e-05    
2.5343         8.31788e-05    2.07947e-05    
2.54392        3.63907e-05    1.37544e-05    
2.55354        7.27814e-05    1.94516e-05    
2.56315        6.23841e-05    1.80087e-05    
2.57277        5.71854e-05    1.7242e-05     
2.58239        7.79801e-05    2.01344e-05    
2.59201        7.79801e-05    2.01344e-05    
2.60163        5.71854e-05    1.7242e-05     
2.61124        5.19867e-05    1.64396e-05    
2.62086        4.15894e-05    1.47041e-05    
2.63048        5.71854e-05    1.7242e-05     
2.6401         4.15894e-05    1.47041e-05    
2.64971        6.75827e-05    1.87441e-05    
2.65933        7.27814e-05    1.94516e-05    
2.66895        5.71854e-05    1.7242e-05     
2.67857        4.15894e-05    1.47041e-05    
2.68819        3.1192e-05     1.27341e-05    
2.6978         6.75827e-05    1.87441e-05    
2.70742        5.71854e-05    1.7242e-05     
2.71704        5.71854e-05    1.7242e-05     
2.72666        8.31788e-05    2.07947e-05    
2.73628        7.27814e-05    1.94516e-05    
2.74589        5.19867e-05    1.64396e-05    
2.75551        6.23841e-05    1.80087e-05    
2.76513        3.1192e-05     1.27341e-05    
2.77475        3.63907e-05    1.37544e-05    
2.78436        4.67881e-05    1.5596e-05     
2.79398        5.19867e-05    1.64396e-05    
2.8036         4.15894e-05    1.47041e-05    
2.81322        4.67881e-05    1.5596e-05     
2.82284        3.63907e-05    1.37544e-05    
2.83245        5.19867e-05    1.64396e-05    
2.84207        8.31788e-05    2.07947e-05    
2.85169        3.63907e-05    1.37544e-05    
2.86131        3.1192e-05     1.27341e-05    
2.87093        1.5596e-05     9.00436e-06    
2.88054        5.19867e-05    1.64396e-05    
2.89016        3.63907e-05    1.37544e-05    
2.89978        3.63907e-05    1.37544e-05    
2.9094         3.1192e-05     1.27341e-05    
2.91901        3.63907e-05    1.37544e-05    
2.92863        4.15894e-05    1.47041e-05    
2.93825        3.63907e-05    1.37544e-05    
2.94787        4.67881e-05    1.5596e-05     
2.95749        3.63907e-05    1.37544e-05    
2.9671         4.67881e-05    1.5596e-05     
2.97672        2.07947e-05    1.03973e-05    
2.98634        2.07947e-05    1.03973e-05    
2.99596        3.63907e-05    1.37544e-05    
3.00558        3.1192e-05     1.27341e-05    
3.01519        2.07947e-05    1.03973e-05    
3.02481        3.63907e-05    1.37544e-05    
3.03443        5.19867e-05    1.64396e-05    
3.04405        2.59934e-05    1.16246e-05    
3.05366        3.1192e-05     1.27341e-05    
3.06328        2.07947e-05    1.03973e-05    
3.0729         3.63907e-05    1.37544e-05    
3.08252        4.15894e-05    1.47041e-05    
3.09214        2.07947e-05    1.03973e-05    
3.10175        3.1192e-05     1.27341e-05    
3.11137        3.63907e-05    1.37544e-05    
3.12099        4.15894e-05    1.47041e-05    
3.13061        4.15894e-05    1.47041e-05    
3.14022        3.63907e-05    1.37544e-05    
3.14984        1.5596e-05     9.00436e-06    
3.15946        1.03973e-05    7.35203e-06    
3.16908        1.03973e-05    7.35203e-06    
3.1787         3.1192e-05     1.27341e-05    
3.18831        1.03973e-05    7.35203e-06    
3.19793        3.1192e-05     1.27341e-05    
3.20755        3.1192e-05     1.27341e-05    
3.21717        4.67881e-05    1.5596e-05     
3.22679        4.15894e-05    1.47041e-05    
3.2364         2.07947e-05    1.03973e-05    
3.24602        1.5596e-05     9.00436e-06    
3.25564        1.5596e-05     9.00436e-06    
3.26526        1.03973e-05    7.35203e-06    
3.27487        2.59934e-05    1.16246e-05    
3.28449        5.19867e-06    5.19867e-06    
3.29411        4.15894e-05    1.47041e-05    
3.30373        3.1192e-05     1.27341e-05    
3.31335        1.5596e-05     9.00436e-06    
3.32296        2.07947e-05    1.03973e-05    
3.33258        1.5596e-05     9.00436e-06    
3.3422         5.19867e-06    5.19867e-06    
3.35182        3.1192e-05     1.27341e-05    
3.36144        2.59934e-05    1.16246e-05    
3.37105        3.1192e-05     1.27341e-05    
3.38067        2.59934e-05    1.16246e-05    
3.39029        5.19867e-06    5.19867e-06    
3.39991        2.07947e-05    1.03973e-05    
3.40952        2.07947e-05    1.03973e-05    
3.41914        2.07947e-05    1.03973e-05    
3.42876        2.07947e-05    1.03973e-05    
3.43838        5.19867e-06    5.19867e-06    
3.448          2.07947e-05    1.03973e-05    
3.45761        2.07947e-05    1.03973e-05    
3.46723        1.03973e-05    7.35203e-06    
3.47685        2.07947e-05    1.03973e-05    
3.48647        1.03973e-05    7.35203e-06    
3.49608        2.59934e-05    1.16246e-05    
3.5057         5.19867e-06    5.19867e-06    
3.51532        2.59934e-05    1.16246e-05    
3.52494        1.03973e-05    7.35203e-06    
3.53456        5.19867e-06    5.19867e-06    
3.54417        2.07947e-05    1.03973e-05    
3.55379        5.19867e-06    5.19867e-06    
3.56341        1.03973e-05    7.35203e-06    
3.57303        3.63907e-05    1.37544e-05    
3.58265        5.19867e-06    5.19867e-06    
3.59226        1.5596e-05     9.00436e-06    
3.60188        5.19867e-06    5.19867e-06    
3.6115         3.1192e-05     1.27341e-05    
3.62112        5.19867e-06    5.19867e-06    
3.63073        2.59934e-05    1.16246e-05    
3.64035        5.19867e-06    5.19867e-06    
3.64997        1.5596e-05     9.00436e-06    
3.65959        1.03973e-05    7.35203e-06    
3.66921        1.5596e-05     9.00436e-06    
3.67882        1.03973e-05    7.35203e-06    
3.68844        5.19867e-06    5.19867e-06    
3.69806        0              0              
3.70768        1.03973e-05    7.35203e-06    
3.7173         0              0              
3.72691        5.19867e-06    5.19867e-06    
3.73653        2.07947e-05    1.03973e-05    
3.74615        2.07947e-05    1.03973e-05    
3.75577        0              0              
3.76538        0              0              
3.775          1.03973e-05    7.35203e-06    
3.78462        2.07947e-05    1.03973e-05    
3.79424        5.19867e-06    5.19867e-06    
3.80386        1.03973e-05    7.35203e-06    
3.81347        1.03973e-05    7.35203e-06    
3.82309        1.03973e-05    7.35203e-06    
3.83271        0              0              
3.84233        5.19867e-06    5.19867e-06    
3.85194        5.19867e-06    5.19867e-06    
3.86156        0              0              
3.87118        1.03973e-05    7.35203e-06    
3.8808         1.03973e-05    7.35203e-06    
3.89042        5.19867e-06    5.19867e-06    
3.90003        0              0              
3.90965        1.5596e-05     9.00436e-06    
3.91927        2.07947e-05    1.03973e-05    
3.92889        1.5596e-05     9.00436e-06    
3.93851        1.03973e-05    7.35203e-06    
3.94812        1.5596e-05     9.00436e-06    
3.95774        0              0              
3.96736        1.5596e-05     9.00436e-06    
3.97698        1.03973e-05    7.35203e-06    
3.98659        0              0              
3.99621        2.59934e-05    1.16246e-05    
4.00583        5.19867e-06    5.19867e-06    
4.01545        5.19867e-06    5.19867e-06    
4.02507        5.19867e-06    5.19867e-06    
4.03468        5.19867e-06    5.19867e-06    
4.0443         1.03973e-05    7.35203e-06    
4.05392        0              0              
4.06354        5.19867e-06    5.19867e-06    
4.07316        5.19867e-06    5.19867e-06    
4.08277        0              0              
4.09239        5.19867e-06    5.19867e-06    
4.10201        5.19867e-06    5.19867e-06    
4.11163        1.03973e-05    7.35203e-06    
4.12124        0              0              
4.13086        1.03973e-05    7.35203e-06    
4.14048        5.19867e-06    5.19867e-06    
4.1501         0              0              
4.15972        0              0              
4.16933        5.19867e-06    5.19867e-06    
4.17895        5.19867e-06    5.19867e-06    
4.18857        0              0              
4.19819        5.19867e-06    5.19867e-06    
4.20781        1.03973e-05    7.35203e-06    
4.21742        0              0              
4.22704        5.19867e-06    5.19867e-06    
4.23666        5.19867e-06    5.19867e-06    
4.24628        2.07947e-05    1.03973e-05    
4.25589        5.19867e-06    5.19867e-06    
4.26551        0              0              
4.27513        1.5596e-05     9.00436e-06    
4.28475        0              0              
4.29437        0              0              
4.30398        0              0              
4.3136         5.19867e-06    5.19867e-06    
4.32322        5.19867e-06    5.19867e-06    
4.33284        0              0              
4.34245        5.19867e-06    5.19867e-06    
4.35207        1.5596e-05     9.00436e-06    
4.36169        0              0              
4.37131        0              0              
4.38093        0              0              
4.39054        1.03973e-05    7.35203e-06    
4.40016        1.03973e-05    7.35203e-06    
4.40978        0              0              
4.4194         5.19867e-06    5.19867e-06    
4.42902        0              0              
4.43863        0              0              
4.44825        0              0              
4.45787        5.19867e-06    5.19867e-06    
4.46749        5.19867e-06    5.19867e-06    
4.4771         0              0              
4.48672        0              0              
4.49634        5.19867e-06    5.19867e-06    
4.50596        5.19867e-06    5.19867e-06    
4.51558        0              0              
4.52519        0              0              
4.53481        0              0              
4.54443        0              0              
4.55405        5.19867e-06    5.19867e-06    
4.56367        0              0              
4.57328        0              0              
4.5829         0              0              
4.59252        5.19867e-06    5.19867e-06    
4.60214        0              0              
4.61175        0              0              
4.62137        0              0              
4.63099        0              0              
4.64061        0              0              
4.65023        0              0              
4.65984        0              0              
4.66946        0              0              
4.67908        0              0              
4.6887         0              0              
4.69831        0              0              
4.70793        1.03973e-05    7.35203e-06    
4.71755        0              0              
4.72717        0              0              
4.73679        0              0              
4.7464         5.19867e-06    5.19867e-06    
4.75602        0              0              
4.76564        0              0              
4.77526        5.19867e-06    5.19867e-06    
4.78488        0              0              
4.79449        0              0              
4.80411        0              0              
