-2.994         0              0              
-2.982         0              0              
-2.97          0              0              
-2.958         0              0              
-2.946         0              0              
-2.934         0              0              
-2.922         0              0              
-2.91          0              0              
-2.898         0              0              
-2.886         0              0              
-2.874         0              0              
-2.862         0              0              
-2.85          0              0              
-2.838         0              0              
-2.826         4.16667e-06    4.16667e-06    
-2.814         4.16667e-06    4.16667e-06    
-2.802         4.16667e-06    4.16667e-06    
-2.79          4.16667e-06    4.16667e-06    
-2.778         4.16667e-06    4.16667e-06    
-2.766         4.16667e-06    4.16667e-06    
-2.754         4.16667e-06    4.16667e-06    
-2.742         0              0              
-2.73          1.66667e-05    8.33333e-06    
-2.718         2.5e-05        1.02062e-05    
-2.706         8.33333e-06    5.89256e-06    
-2.694         2.08333e-05    9.31695e-06    
-2.682         4.16667e-05    1.31762e-05    
-2.67          1.66667e-05    8.33333e-06    
-2.658         2.91667e-05    1.1024e-05     
-2.646         1.66667e-05    8.33333e-06    
-2.634         4.16667e-05    1.31762e-05    
-2.622         4.58333e-05    1.38193e-05    
-2.61          5.41667e-05    1.50231e-05    
-2.598         5.83333e-05    1.55902e-05    
-2.586         6.66667e-05    1.66667e-05    
-2.574         5.83333e-05    1.55902e-05    
-2.562         0.000104167    2.08333e-05    
-2.55          0.000104167    2.08333e-05    
-2.538         0.0001125      2.16506e-05    
-2.526         0.0001         2.04124e-05    
-2.514         0.000133333    2.35702e-05    
-2.502         0.000166667    2.63523e-05    
-2.49          0.000145833    2.46503e-05    
-2.478         0.000220833    3.03338e-05    
-2.466         0.000233333    3.11804e-05    
-2.454         0.000308333    3.5843e-05     
-2.442         0.000375       3.95284e-05    
-2.43          0.000379167    3.97474e-05    
-2.418         0.000495833    4.54528e-05    
-2.406         0.000425       4.20812e-05    
-2.394         0.0006125      5.0518e-05     
-2.382         0.000779167    5.6978e-05     
-2.37          0.0008125      5.81841e-05    
-2.358         0.0009375      6.24996e-05    
-2.346         0.000991667    6.42798e-05    
-2.334         0.00116667     6.97212e-05    
-2.322         0.001225       7.14429e-05    
-2.31          0.00129583     7.34794e-05    
-2.298         0.00160833     8.18612e-05    
-2.286         0.00189583     8.8877e-05     
-2.274         0.00217083     9.51047e-05    
-2.262         0.0022125      9.6013e-05     
-2.25          0.00277083     0.000107447    
-2.238         0.00286667     0.000109289    
-2.226         0.00324583     0.000116292    
-2.214         0.0037875      0.000125621    
-2.202         0.00406667     0.000130168    
-2.19          0.00476667     0.000140925    
-2.178         0.00510417     0.000145829    
-2.166         0.00579583     0.000155395    
-2.154         0.00639583     0.00016324     
-2.142         0.007275       0.000174097    
-2.13          0.00800417     0.000182613    
-2.118         0.00885        0.000192018    
-2.106         0.00980417     0.000202104    
-2.094         0.01095        0.000213667    
-2.082         0.0118625      0.000222306    
-2.07          0.0133292      0.000235647    
-2.058         0.0145208      0.000246024    
-2.046         0.016025       0.000258376    
-2.034         0.0172208      0.000267841    
-2.022         0.0187208      0.00027926     
-2.01          0.0209917      0.000295708    
-1.998         0.02265        0.000307163    
-1.986         0.0250375      0.000322942    
-1.974         0.0277083      0.000339878    
-1.962         0.0301542      0.000354446    
-1.95          0.0333167      0.00037265     
-1.938         0.0366958      0.000391026    
-1.926         0.0396542      0.000406468    
-1.914         0.0433625      0.000425073    
-1.902         0.0468208      0.00044168     
-1.89          0.0511208      0.000461494    
-1.878         0.0562042      0.00048387     
-1.866         0.0602875      0.000501154    
-1.854         0.0659         0.000524065    
-1.842         0.0715292      0.000545853    
-1.83          0.0769292      0.000566084    
-1.818         0.0831917      0.000589021    
-1.806         0.0895542      0.000610867    
-1.794         0.0975125      0.000637372    
-1.782         0.105221       0.00066237     
-1.77          0.113496       0.000687663    
-1.758         0.1218         0.000712357    
-1.746         0.131937       0.000741396    
-1.734         0.142588       0.000770872    
-1.722         0.153612       0.000800055    
-1.71          0.165208       0.00082982     
-1.698         0.177062       0.000858866    
-1.686         0.189638       0.00088899     
-1.674         0.202037       0.000917343    
-1.662         0.219992       0.000957342    
-1.65          0.233271       0.000986086    
-1.638         0.2491         0.00101871     
-1.626         0.267338       0.0010556      
-1.614         0.282283       0.00108462     
-1.602         0.303133       0.00112364     
-1.59          0.32595        0.00116507     
-1.578         0.345821       0.00120038     
-1.566         0.368725       0.00123932     
-1.554         0.390838       0.00127618     
-1.542         0.417787       0.0013195      
-1.53          0.448163       0.00136638     
-1.518         0.4751         0.00140675     
-1.506         0.502017       0.00144636     
-1.494         0.533663       0.00149128     
-1.482         0.568417       0.00153854     
-1.47          0.601625       0.00158308     
-1.458         0.640796       0.00163392     
-1.446         0.677067       0.00167989     
-1.434         0.714217       0.00172481     
-1.422         0.755879       0.00177481     
-1.41          0.800221       0.0018257      
-1.398         0.846254       0.00187815     
-1.386         0.892862       0.00192932     
-1.374         0.937962       0.001977       
-1.362         0.994188       0.00203526     
-1.35          1.04608        0.00208767     
-1.338         1.10586        0.00214663     
-1.326         1.1615         0.00220009     
-1.314         1.22486        0.00225862     
-1.302         1.28965        0.0023183      
-1.29          1.35128        0.00237325     
-1.278         1.42031        0.00243276     
-1.266         1.49245        0.0024946      
-1.254         1.57182        0.00255941     
-1.242         1.6469         0.0026203      
-1.23          1.72954        0.00268416     
-1.218         1.81267        0.00274878     
-1.206         1.90103        0.00281427     
-1.194         1.99025        0.00288012     
-1.182         2.0784         0.00294299     
-1.17          2.17437        0.00301021     
-1.158         2.27523        0.00307949     
-1.146         2.38586        0.00315294     
-1.134         2.48566        0.00321784     
-1.122         2.59184        0.00328672     
-1.11          2.71077        0.0033604      
-1.098         2.82793        0.00343226     
-1.086         2.94625        0.00350433     
-1.074         3.07419        0.00357896     
-1.062         3.20204        0.00365415     
-1.05          3.32986        0.0037248      
-1.038         3.46939        0.00380127     
-1.026         3.60753        0.00387699     
-1.014         3.74937        0.00395291     
-1.002         3.90176        0.00403222     
-0.99          4.04773        0.00410697     
-0.978         4.20918        0.00418873     
-0.966         4.36581        0.00426549     
-0.954         4.52797        0.00434421     
-0.942         4.70127        0.00442599     
-0.93          4.8677         0.00450264     
-0.918         5.03671        0.00458118     
-0.906         5.22082        0.00466332     
-0.894         5.40956        0.00474771     
-0.882         5.59444        0.00482766     
-0.87          5.78516        0.00491039     
-0.858         5.97336        0.00498806     
-0.846         6.18142        0.00507353     
-0.834         6.37761        0.00515483     
-0.822         6.59115        0.00524189     
-0.81          6.80228        0.00532372     
-0.798         7.01455        0.00540621     
-0.786         7.23856        0.00549317     
-0.774         7.44355        0.00557087     
-0.762         7.68           0.00565616     
-0.75          7.90045        0.0057371      
-0.738         8.12937        0.00582189     
-0.726         8.36546        0.00590469     
-0.714         8.598          0.00598639     
-0.702         8.83808        0.00606758     
-0.69          9.08502        0.00615231     
-0.678         9.33062        0.00623383     
-0.666         9.55738        0.00631084     
-0.654         9.82172        0.00639585     
-0.642         10.0671        0.00647808     
-0.63          10.3295        0.00656069     
-0.618         10.5687        0.00663504     
-0.606         10.8363        0.00672057     
-0.594         11.0876        0.00679705     
-0.582         11.3331        0.00687164     
-0.57          11.5983        0.00694981     
-0.558         11.8542        0.00702731     
-0.546         12.1143        0.00710526     
-0.534         12.3694        0.00717656     
-0.522         12.6403        0.00725625     
-0.51          12.8784        0.00732571     
-0.498         13.1477        0.00740003     
-0.486         13.3906        0.00747008     
-0.474         13.6573        0.00754386     
-0.462         13.9127        0.00761512     
-0.45          14.1665        0.00768526     
-0.438         14.4114        0.0077493      
-0.426         14.6614        0.00781426     
-0.414         14.8971        0.00787887     
-0.402         15.1408        0.00794299     
-0.39          15.3851        0.00800717     
-0.378         15.6236        0.0080677      
-0.366         15.8591        0.00812767     
-0.354         16.0809        0.00818757     
-0.342         16.3           0.00824149     
-0.33          16.5199        0.00829673     
-0.318         16.7348        0.00834947     
-0.306         16.9239        0.00839822     
-0.294         17.1398        0.00844889     
-0.282         17.3445        0.00850119     
-0.27          17.53          0.00854696     
-0.258         17.7401        0.00859822     
-0.246         17.8863        0.00863141     
-0.234         18.0624        0.00867751     
-0.222         18.2146        0.00871019     
-0.21          18.3871        0.00875404     
-0.198         18.5538        0.00879488     
-0.186         18.691         0.00882205     
-0.174         18.81          0.00885241     
-0.162         18.9406        0.0088846      
-0.15          19.049         0.00890972     
-0.138         19.1607        0.00893681     
-0.126         19.2625        0.00895817     
-0.114         19.3772        0.0089843      
-0.102         19.4591        0.00900475     
-0.09          19.5339        0.00902274     
-0.078         19.5947        0.00903663     
-0.066         19.645         0.00904451     
-0.054         19.702         0.00906188     
-0.042         19.7255        0.0090663      
-0.03          19.7577        0.00907206     
-0.018         19.7805        0.00907956     
-0.006         19.8039        0.00908481     
0.006          19.7881        0.00908303     
0.018          19.7648        0.00907386     
0.03           19.7507        0.00907083     
0.042          19.7299        0.00906502     
0.054          19.7076        0.00906249     
0.066          19.6572        0.00905099     
0.078          19.598         0.00903558     
0.09           19.523         0.00901852     
0.102          19.4432        0.00900185     
0.114          19.3591        0.00898003     
0.126          19.2762        0.00896065     
0.138          19.1676        0.00893741     
0.15           19.0751        0.00891255     
0.162          18.9323        0.00888379     
0.174          18.7951        0.00884857     
0.186          18.693         0.00882602     
0.198          18.5357        0.00879066     
0.21           18.4057        0.00875647     
0.222          18.2355        0.00871611     
0.234          18.0665        0.00867377     
0.246          17.8868        0.00863282     
0.258          17.7165        0.0085915      
0.27           17.5411        0.00854933     
0.282          17.3329        0.00849862     
0.294          17.1374        0.00845025     
0.306          16.941         0.00840302     
0.318          16.7267        0.00835103     
0.33           16.538         0.00830243     
0.342          16.2938        0.00823942     
0.354          16.0697        0.00818146     
0.366          15.8507        0.00812545     
0.378          15.6207        0.00807047     
0.39           15.3976        0.00801091     
0.402          15.1595        0.00794861     
0.414          14.8981        0.00787944     
0.426          14.6543        0.00781326     
0.438          14.4046        0.00774636     
0.45           14.1679        0.00768395     
0.462          13.9117        0.00761238     
0.474          13.6637        0.00754528     
0.486          13.4061        0.00747458     
0.498          13.1505        0.00740113     
0.51           12.8925        0.0073287      
0.522          12.6356        0.00725699     
0.534          12.366         0.00717701     
0.546          12.1149        0.00710567     
0.558          11.8507        0.00702585     
0.57           11.5909        0.00694942     
0.582          11.3399        0.0068755      
0.594          11.0748        0.00679347     
0.606          10.8381        0.00671903     
0.618          10.5723        0.00663658     
0.63           10.3282        0.0065609      
0.642          10.0664        0.00647524     
0.654          9.82125        0.0063948      
0.666          9.5624         0.00631414     
0.678          9.32021        0.00623011     
0.69           9.07514        0.00614831     
0.702          8.83417        0.0060654      
0.714          8.6042         0.00598782     
0.726          8.36986        0.00590442     
0.738          8.13871        0.00582369     
0.75           7.90174        0.00573834     
0.762          7.67628        0.00565515     
0.774          7.44205        0.00556773     
0.786          7.22695        0.00548754     
0.798          7.01125        0.00540415     
0.81           6.79337        0.00532067     
0.822          6.58298        0.00523755     
0.834          6.3823         0.00515896     
0.846          6.17455        0.00507289     
0.858          5.97607        0.00498977     
0.87           5.78419        0.00490954     
0.882          5.5959         0.00482872     
0.894          5.41262        0.0047494      
0.906          5.21787        0.00466294     
0.918          5.04598        0.00458423     
0.93           4.86718        0.00450391     
0.942          4.69638        0.00442401     
0.954          4.52737        0.00434273     
0.966          4.36848        0.00426727     
0.978          4.20989        0.00418801     
0.99           4.05329        0.00410978     
1.002          3.8941         0.00402898     
1.014          3.74928        0.00395269     
1.026          3.60807        0.00387729     
1.038          3.46787        0.00380204     
1.05           3.33           0.00372548     
1.062          3.2051         0.0036549      
1.074          3.06963        0.00357593     
1.086          2.94216        0.00350153     
1.098          2.82883        0.00343399     
1.11           2.71045        0.00336052     
1.122          2.59484        0.00328911     
1.134          2.48256        0.00321632     
1.146          2.38366        0.00315153     
1.158          2.27224        0.00307698     
1.17           2.17642        0.00301129     
1.182          2.0789         0.00294278     
1.194          1.98487        0.00287636     
1.206          1.89647        0.00281145     
1.218          1.80708        0.00274346     
1.23           1.72281        0.0026789      
1.242          1.64886        0.00262149     
1.254          1.5719         0.00255903     
1.266          1.49519        0.00249578     
1.278          1.42203        0.00243459     
1.29           1.35289        0.00237406     
1.302          1.28586        0.00231481     
1.314          1.22393        0.00225793     
1.326          1.16414        0.00220245     
1.338          1.10283        0.00214383     
1.35           1.04466        0.00208678     
1.362          0.993575       0.00203504     
1.374          0.941058       0.00197991     
1.386          0.891533       0.00192701     
1.398          0.840933       0.0018717      
1.41           0.799404       0.00182541     
1.422          0.757108       0.00177629     
1.434          0.716104       0.00172755     
1.446          0.675262       0.0016774      
1.458          0.633563       0.00162494     
1.47           0.602146       0.00158425     
1.482          0.567438       0.00153757     
1.494          0.533458       0.0014909      
1.506          0.502496       0.00144703     
1.518          0.47645        0.00140915     
1.53           0.448613       0.00136704     
1.542          0.419329       0.00132211     
1.554          0.3929         0.00127958     
1.566          0.370133       0.00124173     
1.578          0.345871       0.00120038     
1.59           0.324533       0.0011629      
1.602          0.304692       0.00112679     
1.614          0.284717       0.00108931     
1.626          0.267454       0.00105557     
1.638          0.249217       0.00101908     
1.65           0.231696       0.000982825    
1.662          0.218204       0.00095361     
1.674          0.202383       0.000918597    
1.686          0.188537       0.000886087    
1.698          0.175104       0.000854265    
1.71           0.164333       0.00082788     
1.722          0.153587       0.000799686    
1.734          0.142496       0.000770422    
1.746          0.130908       0.000738507    
1.758          0.123017       0.000715751    
1.77           0.113575       0.000688028    
1.782          0.105483       0.000662958    
1.794          0.0975792      0.000637508    
1.806          0.0912625      0.000616794    
1.818          0.0830625      0.00058824     
1.83           0.0779417      0.000569913    
1.842          0.0710542      0.000544136    
1.854          0.0655542      0.00052269     
1.866          0.0605792      0.000502328    
1.878          0.0551417      0.00047928     
1.89           0.0511375      0.000461569    
1.902          0.0475625      0.000445356    
1.914          0.0433917      0.000425298    
1.926          0.0394792      0.000405486    
1.938          0.0366833      0.000391004    
1.95           0.0340125      0.000376379    
1.962          0.030825       0.000358315    
1.974          0.0278333      0.00034049     
1.986          0.0246333      0.000320326    
1.998          0.0230708      0.000310171    
2.01           0.0212792      0.000297784    
2.022          0.0193417      0.000283851    
2.034          0.0172958      0.000268488    
2.046          0.0162208      0.000259949    
2.058          0.0146708      0.00024729     
2.07           0.0128333      0.000231223    
2.082          0.0122375      0.000225792    
2.094          0.0105667      0.000209815    
2.106          0.0100875      0.000205088    
2.118          0.00890417     0.000192605    
2.13           0.00776667     0.000179884    
2.142          0.00705417     0.000171435    
2.154          0.00652083     0.000164827    
2.166          0.00595833     0.000157558    
2.178          0.00555        0.000152064    
2.19           0.00480417     0.000141479    
2.202          0.00420417     0.00013235     
2.214          0.00355833     0.000121761    
2.226          0.00343333     0.000119603    
2.238          0.00300417     0.000111879    
2.25           0.00268333     0.000105736    
2.262          0.00217083     9.51047e-05    
2.274          0.00206667     9.27949e-05    
2.286          0.00174583     8.52886e-05    
2.298          0.00162917     8.23897e-05    
2.31           0.00143333     7.72795e-05    
2.322          0.0013375      7.46514e-05    
2.334          0.0010125      6.49515e-05    
2.346          0.00100417     6.46837e-05    
2.358          0.000966667    6.34644e-05    
2.37           0.000775       5.68255e-05    
2.382          0.0006375      5.15386e-05    
2.394          0.0006125      5.0518e-05     
2.406          0.000545833    4.76895e-05    
2.418          0.000466667    4.40957e-05    
2.43           0.000370833    3.93082e-05    
2.442          0.0003         3.53553e-05    
2.454          0.0003         3.53553e-05    
2.466          0.000245833    3.20047e-05    
2.478          0.0002875      3.46109e-05    
2.49           0.000125       2.28218e-05    
2.502          0.0001875      2.79508e-05    
2.514          0.000141667    2.42956e-05    
2.526          0.0001375      2.39357e-05    
2.538          0.000108333    2.12459e-05    
2.55           0.0001125      2.16506e-05    
2.562          5.41667e-05    1.50231e-05    
2.574          7.08333e-05    1.71796e-05    
2.586          7.91667e-05    1.81621e-05    
2.598          2.91667e-05    1.1024e-05     
2.61           3.33333e-05    1.17851e-05    
2.622          1.66667e-05    8.33333e-06    
2.634          3.33333e-05    1.17851e-05    
2.646          2.91667e-05    1.1024e-05     
2.658          3.33333e-05    1.17851e-05    
2.67           1.25e-05       7.21688e-06    
2.682          1.66667e-05    8.33333e-06    
2.694          2.91667e-05    1.1024e-05     
2.706          1.25e-05       7.21688e-06    
2.718          1.66667e-05    8.33333e-06    
2.73           1.66667e-05    8.33333e-06    
2.742          4.16667e-06    4.16667e-06    
2.754          4.16667e-06    4.16667e-06    
2.766          8.33333e-06    5.89256e-06    
2.778          4.16667e-06    4.16667e-06    
2.79           0              0              
2.802          4.16667e-06    4.16667e-06    
2.814          0              0              
2.826          0              0              
2.838          0              0              
2.85           4.16667e-06    4.16667e-06    
2.862          0              0              
2.874          0              0              
2.886          0              0              
2.898          4.16667e-06    4.16667e-06    
2.91           0              0              
2.922          0              0              
2.934          0              0              
2.946          0              0              
2.958          0              0              
2.97           0              0              
2.982          0              0              
2.994          0              0              
