y              dN/dy          error          
-2.994         0              0              
-2.982         0              0              
-2.97          0              0              
-2.958         0              0              
-2.946         0              0              
-2.934         0              0              
-2.922         0              0              
-2.91          0              0              
-2.898         0              0              
-2.886         0              0              
-2.874         0              0              
-2.862         0              0              
-2.85          0              0              
-2.838         0              0              
-2.826         4.16667e-06    4.16667e-06    
-2.814         0              0              
-2.802         0              0              
-2.79          8.33333e-06    5.89256e-06    
-2.778         4.16667e-06    4.16667e-06    
-2.766         4.16667e-06    4.16667e-06    
-2.754         8.33333e-06    5.89256e-06    
-2.742         0              0              
-2.73          0              0              
-2.718         1.25e-05       7.21688e-06    
-2.706         1.66667e-05    8.33333e-06    
-2.694         8.33333e-06    5.89256e-06    
-2.682         2.5e-05        1.02062e-05    
-2.67          2.08333e-05    9.31695e-06    
-2.658         2.5e-05        1.02062e-05    
-2.646         2.08333e-05    9.31695e-06    
-2.634         1.66667e-05    8.33333e-06    
-2.622         3.33333e-05    1.17851e-05    
-2.61          2.91667e-05    1.1024e-05     
-2.598         4.58333e-05    1.38193e-05    
-2.586         5.83333e-05    1.55902e-05    
-2.574         7.91667e-05    1.81621e-05    
-2.562         7.08333e-05    1.71796e-05    
-2.55          8.75e-05       1.90941e-05    
-2.538         0.000108333    2.12459e-05    
-2.526         0.0001375      2.39357e-05    
-2.514         0.00015        2.5e-05        
-2.502         0.0001375      2.39357e-05    
-2.49          0.000183333    2.76385e-05    
-2.478         0.000229167    3.09008e-05    
-2.466         0.000254167    3.25427e-05    
-2.454         0.000325       3.67989e-05    
-2.442         0.000320833    3.65623e-05    
-2.43          0.000404167    4.10368e-05    
-2.418         0.000370833    3.93082e-05    
-2.406         0.000429167    4.22869e-05    
-2.394         0.0005625      4.84121e-05    
-2.382         0.000633333    5.13699e-05    
-2.37          0.000795833    5.75842e-05    
-2.358         0.0007875      5.72819e-05    
-2.346         0.000966667    6.34644e-05    
-2.334         0.001025       6.53512e-05    
-2.322         0.00116667     6.97212e-05    
-2.31          0.00125833     7.24084e-05    
-2.298         0.00137917     7.58052e-05    
-2.286         0.00158333     8.12225e-05    
-2.274         0.00195833     9.03301e-05    
-2.262         0.00225417     9.69129e-05    
-2.25          0.00255417     0.00010316     
-2.238         0.0026875      0.000105819    
-2.226         0.0031375      0.000114335    
-2.214         0.00369167     0.000124021    
-2.202         0.003925       0.00012788     
-2.19          0.00440417     0.000135461    
-2.178         0.00486667     0.000142396    
-2.166         0.00556667     0.000152292    
-2.154         0.00609167     0.000159311    
-2.142         0.00689167     0.000169449    
-2.13          0.0078625      0.00018099     
-2.118         0.00826667     0.000185583    
-2.106         0.00889583     0.000192515    
-2.094         0.0103         0.000207151    
-2.082         0.0114958      0.000218923    
-2.07          0.0124458      0.000227706    
-2.058         0.0133958      0.000236235    
-2.046         0.0146833      0.000247325    
-2.034         0.0164583      0.000261845    
-2.022         0.0188375      0.000280128    
-2.01          0.0200125      0.000288731    
-1.998         0.0218833      0.000301922    
-1.986         0.0249042      0.000322135    
-1.974         0.0264917      0.000332185    
-1.962         0.02905        0.0003479      
-1.95          0.0321         0.000365743    
-1.938         0.0337167      0.000374785    
-1.926         0.0381708      0.0003988      
-1.914         0.0420583      0.000418639    
-1.902         0.0451542      0.000433796    
-1.89          0.0492125      0.00045277     
-1.878         0.0543625      0.000475995    
-1.866         0.0576833      0.000490437    
-1.854         0.0635875      0.000514804    
-1.842         0.0679         0.000531976    
-1.83          0.0736625      0.000553922    
-1.818         0.0796875      0.000576308    
-1.806         0.0866417      0.000600844    
-1.794         0.0925708      0.000621159    
-1.782         0.101117       0.000649099    
-1.77          0.109662       0.000675981    
-1.758         0.117463       0.000699519    
-1.746         0.125675       0.000723568    
-1.734         0.136142       0.000753379    
-1.722         0.146633       0.000781803    
-1.71          0.157371       0.000809832    
-1.698         0.16895        0.000839186    
-1.686         0.1822         0.000871724    
-1.674         0.195196       0.00090165     
-1.662         0.210204       0.000935746    
-1.65          0.223775       0.000965587    
-1.638         0.240787       0.00100187     
-1.626         0.254563       0.00102985     
-1.614         0.275992       0.00107263     
-1.602         0.293575       0.00110585     
-1.59          0.313042       0.00114201     
-1.578         0.335104       0.00118163     
-1.566         0.354367       0.00121514     
-1.554         0.377796       0.00125492     
-1.542         0.404725       0.00129863     
-1.53          0.4305         0.00133954     
-1.518         0.458029       0.00138119     
-1.506         0.487942       0.00142573     
-1.494         0.515204       0.00146499     
-1.482         0.548621       0.0015117      
-1.47          0.58395        0.00155987     
-1.458         0.616833       0.00160282     
-1.446         0.655717       0.00165305     
-1.434         0.695154       0.00170184     
-1.422         0.732996       0.00174743     
-1.41          0.779429       0.0018024      
-1.398         0.820275       0.00184894     
-1.386         0.862775       0.0018961      
-1.374         0.913071       0.00195037     
-1.362         0.962921       0.00200311     
-1.35          1.01953        0.00206059     
-1.338         1.06977        0.00211106     
-1.326         1.13076        0.00217013     
-1.314         1.18477        0.00222171     
-1.302         1.2487         0.00228049     
-1.29          1.31895        0.00234434     
-1.278         1.38204        0.0023988      
-1.266         1.45277        0.00246071     
-1.254         1.52921        0.00252496     
-1.242         1.60427        0.00258531     
-1.23          1.6818         0.00264709     
-1.218         1.76567        0.00271179     
-1.206         1.85122        0.00277644     
-1.194         1.93546        0.00283978     
-1.182         2.02958        0.00290806     
-1.17          2.12522        0.00297518     
-1.158         2.22494        0.00304405     
-1.146         2.31942        0.00310877     
-1.134         2.42596        0.00317921     
-1.122         2.53861        0.00325199     
-1.11          2.6461         0.00332104     
-1.098         2.76113        0.00339209     
-1.086         2.87961        0.00346421     
-1.074         2.99888        0.00353458     
-1.062         3.12219        0.00360679     
-1.05          3.25905        0.00368455     
-1.038         3.38814        0.00375709     
-1.026         3.5247         0.0038335      
-1.014         3.66213        0.00390652     
-1.002         3.81118        0.00398471     
-0.99          3.95573        0.00406046     
-0.978         4.11213        0.00413931     
-0.966         4.27005        0.00421791     
-0.954         4.42987        0.00429578     
-0.942         4.59951        0.0043776      
-0.93          4.76197        0.0044539      
-0.918         4.9323         0.00453414     
-0.906         5.12182        0.00461932     
-0.894         5.28914        0.00469515     
-0.882         5.48577        0.00477891     
-0.87          5.66052        0.00485663     
-0.858         5.85562        0.00493954     
-0.846         6.04507        0.00501836     
-0.834         6.25184        0.00510433     
-0.822         6.44844        0.00518298     
-0.81          6.65605        0.00526563     
-0.798         6.87697        0.00535475     
-0.786         7.09334        0.00543562     
-0.774         7.30294        0.00551754     
-0.762         7.51898        0.0055966      
-0.75          7.75161        0.00568316     
-0.738         7.96359        0.00576161     
-0.726         8.19202        0.00584341     
-0.714         8.42798        0.00592668     
-0.702         8.67442        0.00601272     
-0.69          8.90525        0.00609284     
-0.678         9.14125        0.00617121     
-0.666         9.38868        0.00625494     
-0.654         9.6299         0.00633328     
-0.642         9.88069        0.0064178      
-0.63          10.1221        0.00649353     
-0.618         10.3877        0.00657985     
-0.606         10.6191        0.00665104     
-0.594         10.8832        0.00673323     
-0.582         11.1398        0.00681322     
-0.57          11.3924        0.0068895      
-0.558         11.6467        0.00696698     
-0.546         11.9011        0.00704062     
-0.534         12.144         0.00711284     
-0.522         12.4236        0.00719429     
-0.51          12.6633        0.00726592     
-0.498         12.9202        0.00733743     
-0.486         13.1703        0.0074087      
-0.474         13.4028        0.00747347     
-0.462         13.6694        0.0075453      
-0.45          13.9282        0.00761728     
-0.438         14.1557        0.00767825     
-0.426         14.4082        0.00775019     
-0.414         14.6521        0.00781474     
-0.402         14.8788        0.0078747      
-0.39          15.1157        0.00793658     
-0.378         15.3648        0.00800181     
-0.366         15.5894        0.00806063     
-0.354         15.8184        0.00811874     
-0.342         16.0331        0.0081743      
-0.33          16.2614        0.00823251     
-0.318         16.4573        0.00827955     
-0.306         16.6646        0.00833319     
-0.294         16.8563        0.00837959     
-0.282         17.0498        0.00842824     
-0.27          17.2528        0.00847972     
-0.258         17.4341        0.00852446     
-0.246         17.6086        0.00856679     
-0.234         17.7656        0.00860439     
-0.222         17.9441        0.00864326     
-0.21          18.0768        0.00868041     
-0.198         18.2366        0.00871777     
-0.186         18.3831        0.00875117     
-0.174         18.521         0.00878491     
-0.162         18.6325        0.00881059     
-0.15          18.7427        0.0088368      
-0.138         18.8609        0.00886286     
-0.126         18.9599        0.00888881     
-0.114         19.0362        0.00890732     
-0.102         19.1327        0.00892805     
-0.09          19.1985        0.00894352     
-0.078         19.2723        0.00896091     
-0.066         19.3246        0.00897209     
-0.054         19.3961        0.00899197     
-0.042         19.4222        0.00899714     
-0.03          19.4422        0.00900383     
-0.018         19.4651        0.00900703     
-0.006         19.4722        0.00900505     
0.006          19.472         0.00900599     
0.018          19.4777        0.00901089     
0.03           19.4511        0.00900198     
0.042          19.4119        0.00899268     
0.054          19.3756        0.00898805     
0.066          19.3262        0.00897509     
0.078          19.2829        0.00896357     
0.09           19.2031        0.00894367     
0.102          19.1405        0.00893001     
0.114          19.0484        0.00890803     
0.126          18.965         0.00888941     
0.138          18.8742        0.00886758     
0.15           18.7571        0.00883945     
0.162          18.6326        0.00881302     
0.174          18.51          0.0087819      
0.186          18.3796        0.00875061     
0.198          18.2331        0.00871679     
0.21           18.0924        0.00868332     
0.222          17.9322        0.00864177     
0.234          17.7703        0.00860479     
0.246          17.5719        0.00855722     
0.258          17.4353        0.00852395     
0.27           17.2327        0.00847284     
0.282          17.0694        0.00843187     
0.294          16.8605        0.00838011     
0.306          16.668         0.0083322      
0.318          16.4417        0.00827724     
0.33           16.2422        0.00822559     
0.342          16.0177        0.00816991     
0.354          15.8049        0.00811539     
0.366          15.589         0.00806003     
0.378          15.3621        0.00799981     
0.39           15.1253        0.00793694     
0.402          14.8902        0.00787821     
0.414          14.6639        0.00781578     
0.426          14.4096        0.00774756     
0.438          14.1584        0.00768095     
0.45           13.9126        0.00761419     
0.462          13.6628        0.00754597     
0.474          13.4156        0.00747734     
0.486          13.1582        0.00740591     
0.498          12.9041        0.00733379     
0.51           12.6498        0.00725843     
0.522          12.4021        0.00718866     
0.534          12.1427        0.00711206     
0.546          11.8978        0.00704043     
0.558          11.6333        0.00696538     
0.57           11.3794        0.00688323     
0.582          11.1306        0.00680993     
0.594          10.8827        0.00673381     
0.606          10.6291        0.00665581     
0.618          10.3822        0.0065763      
0.63           10.1185        0.00649341     
0.642          9.8777         0.00641445     
0.654          9.63218        0.00633616     
0.666          9.40162        0.00625846     
0.678          9.15471        0.00617754     
0.69           8.90915        0.00609122     
0.702          8.66836        0.00600929     
0.714          8.43703        0.00593033     
0.726          8.19118        0.00584173     
0.738          7.97958        0.0057687      
0.75           7.73985        0.00568009     
0.762          7.51768        0.00559725     
0.774          7.30534        0.0055169      
0.786          7.07729        0.00543032     
0.798          6.86755        0.00535096     
0.81           6.66396        0.00526851     
0.822          6.45947        0.0051864      
0.834          6.25397        0.00510432     
0.846          6.05009        0.00502092     
0.858          5.85928        0.00494166     
0.87           5.6612         0.00485802     
0.882          5.48107        0.00477957     
0.894          5.29213        0.00469516     
0.906          5.11874        0.00461879     
0.918          4.93421        0.00453424     
0.93           4.77035        0.00445892     
0.942          4.5958         0.00437573     
0.954          4.43615        0.00429927     
0.966          4.26036        0.00421384     
0.978          4.10799        0.00413711     
0.99           3.96385        0.00406352     
1.002          3.81655        0.00398775     
1.014          3.66645        0.00390885     
1.026          3.52261        0.00383256     
1.038          3.3842         0.00375495     
1.05           3.24906        0.00368048     
1.062          3.12713        0.00360936     
1.074          2.9965         0.00353388     
1.086          2.87549        0.00346104     
1.098          2.76119        0.00339154     
1.11           2.64743        0.00332131     
1.122          2.53845        0.00325245     
1.134          2.42849        0.00318122     
1.146          2.3225         0.00311149     
1.158          2.21839        0.00304014     
1.17           2.12683        0.00297786     
1.182          2.02933        0.00290794     
1.194          1.93604        0.00284039     
1.206          1.84457        0.00277197     
1.218          1.76222        0.00270951     
1.23           1.68013        0.00264557     
1.242          1.60387        0.00258464     
1.254          1.52584        0.00252126     
1.266          1.4576         0.00246465     
1.278          1.38134        0.0023993      
1.29           1.31913        0.00234342     
1.302          1.25212        0.00228437     
1.314          1.19037        0.0022269      
1.326          1.13142        0.00217088     
1.338          1.07131        0.00211236     
1.35           1.0202         0.00206193     
1.362          0.967533       0.00200787     
1.374          0.914604       0.0019525      
1.386          0.864108       0.0018979      
1.398          0.820867       0.00184922     
1.41           0.774558       0.00179663     
1.422          0.734137       0.00174848     
1.434          0.692025       0.00169843     
1.446          0.654663       0.00165194     
1.458          0.618912       0.00160573     
1.47           0.580954       0.00155608     
1.482          0.551538       0.00151599     
1.494          0.516579       0.00146752     
1.506          0.488904       0.00142749     
1.518          0.458667       0.00138212     
1.53           0.431296       0.00134054     
1.542          0.40585        0.00130061     
1.554          0.38           0.00125839     
1.566          0.355713       0.00121747     
1.578          0.334779       0.00118099     
1.59           0.31325        0.00114235     
1.602          0.292971       0.00110477     
1.614          0.275521       0.00107141     
1.626          0.256758       0.00103446     
1.638          0.240604       0.00100101     
1.65           0.224158       0.000966499    
1.662          0.209167       0.000933352    
1.674          0.195083       0.000901603    
1.686          0.1822         0.000871067    
1.698          0.16875        0.000838629    
1.71           0.157383       0.000809821    
1.722          0.147692       0.000784343    
1.734          0.136642       0.000754411    
1.746          0.12745        0.000728621    
1.758          0.118263       0.000701916    
1.77           0.108346       0.000672154    
1.782          0.100254       0.000646465    
1.794          0.0940708      0.000626159    
1.806          0.0864083      0.000600094    
1.818          0.0794125      0.000575254    
1.83           0.0737958      0.000554516    
1.842          0.0688458      0.000535597    
1.854          0.0635667      0.000514518    
1.866          0.0579333      0.000491178    
1.878          0.0529375      0.000469725    
1.89           0.048875       0.000451177    
1.902          0.044775       0.000431853    
1.914          0.0417917      0.000417228    
1.926          0.0377875      0.000396751    
1.938          0.0349542      0.000381733    
1.95           0.0322667      0.000366596    
1.962          0.0290458      0.000347925    
1.974          0.0266458      0.000333202    
1.986          0.0246625      0.000320515    
1.998          0.0221208      0.000303612    
2.01           0.019575       0.000285558    
2.022          0.01805        0.000274275    
2.034          0.0170083      0.000266249    
2.046          0.0151625      0.000251397    
2.058          0.0138333      0.000240061    
2.07           0.0122708      0.000226253    
2.082          0.0115042      0.000219003    
2.094          0.0103083      0.000207234    
2.106          0.00887917     0.000192335    
2.118          0.0084375      0.000187491    
2.13           0.00735        0.000174992    
2.142          0.00700833     0.000170979    
2.154          0.00628333     0.000161798    
2.166          0.00549583     0.00015132     
2.178          0.00485        0.000142152    
2.19           0.00443333     0.000135909    
2.202          0.00387083     0.000126995    
2.214          0.00326667     0.000116664    
2.226          0.00292083     0.000110316    
2.238          0.0029         0.000109922    
2.25           0.00253333     0.000102739    
2.262          0.00215833     9.48305e-05    
2.274          0.00199167     9.10956e-05    
2.286          0.00169583     8.40585e-05    
2.298          0.00152917     7.98211e-05    
2.31           0.00143333     7.72795e-05    
2.322          0.0012875      7.32428e-05    
2.334          0.000945833    6.27768e-05    
2.346          0.000870833    6.02365e-05    
2.358          0.000883333    6.06673e-05    
2.37           0.000758333    5.62112e-05    
2.382          0.0006625      5.25395e-05    
2.394          0.000520833    4.65846e-05    
2.406          0.000525       4.67706e-05    
2.418          0.000445833    4.31002e-05    
2.43           0.000358333    3.864e-05      
2.442          0.000295833    3.51089e-05    
2.454          0.000295833    3.51089e-05    
2.466          0.0002125      2.97559e-05    
2.478          0.000170833    2.66797e-05    
2.49           0.000208333    2.94627e-05    
2.502          0.000195833    2.85652e-05    
2.514          7.5e-05        1.76777e-05    
2.526          0.000125       2.28218e-05    
2.538          9.58333e-05    1.99826e-05    
2.55           0.000125       2.28218e-05    
2.562          5e-05          1.44338e-05    
2.574          0.000120833    2.24382e-05    
2.586          5.41667e-05    1.50231e-05    
2.598          3.33333e-05    1.17851e-05    
2.61           3.75e-05       1.25e-05       
2.622          3.33333e-05    1.17851e-05    
2.634          1.66667e-05    8.33333e-06    
2.646          2.5e-05        1.02062e-05    
2.658          1.66667e-05    8.33333e-06    
2.67           1.66667e-05    8.33333e-06    
2.682          2.08333e-05    9.31695e-06    
2.694          1.66667e-05    8.33333e-06    
2.706          1.25e-05       7.21688e-06    
2.718          1.25e-05       7.21688e-06    
2.73           2.08333e-05    9.31695e-06    
2.742          0              0              
2.754          4.16667e-06    4.16667e-06    
2.766          4.16667e-06    4.16667e-06    
2.778          0              0              
2.79           4.16667e-06    4.16667e-06    
2.802          0              0              
2.814          0              0              
2.826          0              0              
2.838          0              0              
2.85           4.16667e-06    4.16667e-06    
2.862          0              0              
2.874          0              0              
2.886          0              0              
2.898          0              0              
2.91           0              0              
2.922          0              0              
2.934          0              0              
2.946          0              0              
2.958          0              0              
2.97           0              0              
2.982          0              0              
2.994          0              0              
