0.00411568     0.0270429      0.000405254    
0.012347       0.081311       0.000702709    
0.0205784      0.135403       0.000906769    
0.0288098      0.186093       0.00106297     
0.0370411      0.23945        0.001206       
0.0452725      0.296998       0.00134316     
0.0535038      0.345441       0.00144828     
0.0617352      0.401574       0.00156132     
0.0699666      0.456826       0.00166586     
0.0781979      0.506192       0.00175353     
0.0864293      0.558741       0.00184188     
0.0946606      0.611381       0.00192731     
0.102892       0.662479       0.00200629     
0.111123       0.714335       0.00208323     
0.119355       0.763671       0.00215359     
0.127586       0.815606       0.0022262      
0.135817       0.863472       0.00229068     
0.144049       0.906703       0.00234735     
0.15228        0.963881       0.00242004     
0.160512       1.01101        0.00247769     
0.168743       1.05778        0.00253515     
0.176974       1.1064         0.00259198     
0.185206       1.14815        0.00264041     
0.193437       1.19848        0.00269713     
0.201668       1.24637        0.00275172     
0.2099         1.29208        0.00280116     
0.218131       1.32981        0.00284199     
0.226362       1.37601        0.00289046     
0.234594       1.41714        0.00293436     
0.242825       1.45394        0.00297193     
0.251056       1.49938        0.00301803     
0.259288       1.53345        0.00305265     
0.267519       1.57494        0.00309278     
0.275751       1.60868        0.00312587     
0.283982       1.64888        0.00316546     
0.292213       1.68631        0.00320017     
0.300445       1.72396        0.00323642     
0.308676       1.75613        0.0032657      
0.316907       1.79345        0.00330076     
0.325139       1.82594        0.00333018     
0.33337        1.85302        0.00335446     
0.341601       1.88517        0.0033837      
0.349833       1.9154         0.00341098     
0.358064       1.94968        0.00344193     
0.366296       1.96736        0.0034571      
0.374527       1.99886        0.00348521     
0.382758       2.02295        0.00350532     
0.39099        2.04746        0.0035257      
0.399221       2.07251        0.00354813     
0.407452       2.09102        0.00356468     
0.415684       2.12274        0.00359095     
0.423915       2.13977        0.00360461     
0.432146       2.16653        0.00362687     
0.440378       2.18444        0.00364307     
0.448609       2.19845        0.00365355     
0.45684        2.22757        0.00367774     
0.465072       2.23782        0.0036868      
0.473303       2.25226        0.00369775     
0.481535       2.26331        0.003708       
0.489766       2.28368        0.00372392     
0.497997       2.28497        0.00372497     
0.506229       2.30174        0.00373888     
0.51446        2.31369        0.00374853     
0.522691       2.32188        0.00375516     
0.530923       2.33079        0.00376315     
0.539154       2.33798        0.00376965     
0.547385       2.34307        0.00377325     
0.555617       2.34773        0.00377627     
0.563848       2.35088        0.00377871     
0.57208        2.36277        0.00378886     
0.580311       2.36571        0.00379011     
0.588542       2.3736         0.0037964      
0.596774       2.36952        0.00379339     
0.605005       2.36808        0.00379282     
0.613236       2.36667        0.00379192     
0.621468       2.3695         0.00379326     
0.629699       2.36889        0.00379258     
0.63793        2.35756        0.0037843      
0.646162       2.35824        0.00378527     
0.654393       2.36045        0.00378717     
0.662624       2.35555        0.00378319     
0.670856       2.36471        0.00379107     
0.679087       2.34774        0.0037768      
0.687319       2.33489        0.00376581     
0.69555        2.33054        0.00376184     
0.703781       2.32975        0.00376223     
0.712013       2.31722        0.00375132     
0.720244       2.30493        0.00374215     
0.728475       2.30029        0.00373811     
0.736707       2.28514        0.00372639     
0.744938       2.283          0.00372314     
0.753169       2.26718        0.00371133     
0.761401       2.25349        0.00370004     
0.769632       2.24619        0.00369316     
0.777864       2.22498        0.00367616     
0.786095       2.21795        0.00367132     
0.794326       2.20365        0.00365844     
0.802558       2.19532        0.00365166     
0.810789       2.17794        0.00363651     
0.81902        2.16778        0.00362798     
0.827252       2.14989        0.0036134      
0.835483       2.13844        0.00360485     
0.843714       2.11721        0.00358673     
0.851946       2.10571        0.00357704     
0.860177       2.08968        0.00356326     
0.868408       2.07325        0.0035489      
0.87664        2.05656        0.00353414     
0.884871       2.03071        0.00351252     
0.893103       2.01756        0.00350098     
0.901334       1.99657        0.00348213     
0.909565       1.98574        0.00347313     
0.917797       1.96905        0.00345868     
0.926028       1.94323        0.00343501     
0.934259       1.92206        0.0034161      
0.942491       1.9053         0.00340229     
0.950722       1.8899         0.00338792     
0.958953       1.87255        0.00337163     
0.967185       1.85135        0.00335452     
0.975416       1.83602        0.00333902     
0.983648       1.81388        0.00331871     
0.991879       1.78539        0.00329302     
1.00011        1.77436        0.00328219     
1.00834        1.75393        0.00326337     
1.01657        1.73681        0.00324798     
1.0248         1.71303        0.00322541     
1.03304        1.69768        0.00321111     
1.04127        1.67402        0.00318835     
1.0495         1.65088        0.00316616     
1.05773        1.63739        0.00315306     
1.06596        1.61693        0.00313391     
1.07419        1.593          0.00310996     
1.08242        1.57737        0.00309554     
1.09066        1.55646        0.00307433     
1.09889        1.53297        0.00305163     
1.10712        1.51382        0.00303211     
1.11535        1.49364        0.00301164     
1.12358        1.47604        0.00299438     
1.13181        1.4588         0.00297699     
1.14004        1.43705        0.00295308     
1.14827        1.41515        0.00293148     
1.15651        1.39772        0.00291344     
1.16474        1.37785        0.00289304     
1.17297        1.36168        0.00287595     
1.1812         1.33706        0.00284913     
1.18943        1.32173        0.00283344     
1.19766        1.30362        0.00281421     
1.20589        1.27716        0.00278553     
1.21413        1.26576        0.00277289     
1.22236        1.24635        0.00275153     
1.23059        1.22562        0.00272815     
1.23882        1.21082        0.00271244     
1.24705        1.19394        0.00269344     
1.25528        1.17098        0.00266698     
1.26351        1.15899        0.00265293     
1.27175        1.13492        0.00262542     
1.27998        1.11681        0.00260515     
1.28821        1.10426        0.00258984     
1.29644        1.08283        0.00256465     
1.30467        1.06657        0.00254576     
1.3129         1.0477         0.00252289     
1.32113        1.03301        0.00250458     
1.32936        1.01362        0.00248117     
1.3376         1.00329        0.00246846     
1.34583        0.983039       0.00244309     
1.35406        0.965217       0.00242164     
1.36229        0.952182       0.00240492     
1.37052        0.935058       0.00238313     
1.37875        0.919374       0.00236349     
1.38698        0.90349        0.00234223     
1.39522        0.888851       0.00232348     
1.40345        0.87457        0.00230527     
1.41168        0.860064       0.00228575     
1.41991        0.838567       0.00225606     
1.42814        0.827032       0.00224143     
1.43637        0.816414       0.0022277      
1.4446         0.795932       0.00219899     
1.45284        0.787756       0.00218776     
1.46107        0.77158        0.00216543     
1.4693         0.756655       0.00214339     
1.47753        0.741913       0.00212302     
1.48576        0.73172        0.00210822     
1.49399        0.713892       0.00208302     
1.50222        0.705594       0.00207014     
1.51045        0.691265       0.0020495      
1.51869        0.681752       0.00203459     
1.52692        0.666597       0.00201254     
1.53515        0.656125       0.00199629     
1.54338        0.641285       0.00197353     
1.55161        0.632812       0.00196047     
1.55984        0.614443       0.00193156     
1.56807        0.605222       0.00191681     
1.57631        0.595072       0.00190131     
1.58454        0.58449        0.00188434     
1.59277        0.571643       0.00186314     
1.601          0.561159       0.00184633     
1.60923        0.553068       0.00183354     
1.61746        0.541994       0.00181446     
1.62569        0.531911       0.00179734     
1.63392        0.516051       0.0017707      
1.64216        0.511689       0.00176316     
1.65039        0.500871       0.00174431     
1.65862        0.486694       0.0017198      
1.66685        0.479216       0.0017058      
1.67508        0.47084        0.00169129     
1.68331        0.462184       0.00167533     
1.69154        0.451997       0.00165721     
1.69978        0.444386       0.00164293     
1.70801        0.436131       0.00162825     
1.71624        0.423982       0.00160433     
1.72447        0.417877       0.00159341     
1.7327         0.407272       0.00157335     
1.74093        0.402345       0.00156305     
1.74916        0.392772       0.00154427     
1.7574         0.386109       0.00153138     
1.76563        0.377586       0.00151435     
1.77386        0.370504       0.00150009     
1.78209        0.362753       0.00148406     
1.79032        0.352779       0.00146411     
1.79855        0.345933       0.00144997     
1.80678        0.338115       0.00143303     
1.81501        0.33506        0.00142665     
1.82325        0.323968       0.00140271     
1.83148        0.315877       0.00138509     
1.83971        0.311722       0.00137643     
1.84794        0.305612       0.00136257     
1.85617        0.299258       0.00134898     
1.8644         0.293178       0.00133451     
1.87263        0.286988       0.00132044     
1.88087        0.279644       0.00130355     
1.8891         0.276072       0.00129478     
1.89733        0.269889       0.00128049     
1.90556        0.263383       0.00126507     
1.91379        0.256027       0.00124724     
1.92202        0.253615       0.00124105     
1.93025        0.246144       0.00122265     
1.93849        0.239329       0.00120554     
1.94672        0.237804       0.00120159     
1.95495        0.229282       0.00117984     
1.96318        0.225862       0.0011711      
1.97141        0.220261       0.00115667     
1.97964        0.216756       0.00114752     
1.98787        0.211739       0.00113421     
1.9961         0.209163       0.00112752     
2.00434        0.201662       0.00110693     
2.01257        0.198309       0.00109758     
2.0208         0.192605       0.00108129     
2.02903        0.18825        0.0010692      
2.03726        0.184155       0.00105758     
2.04549        0.182856       0.00105399     
2.05372        0.175275       0.00103195     
2.06196        0.172724       0.00102407     
2.07019        0.170008       0.00101608     
2.07842        0.165738       0.00100331     
2.08665        0.162816       0.000994598    
2.09488        0.158346       0.000980662    
2.10311        0.15543        0.000971651    
2.11134        0.151117       0.000958071    
2.11958        0.145826       0.000941309    
2.12781        0.144211       0.000936054    
2.13604        0.140524       0.000923802    
2.14427        0.136685       0.000911366    
2.1525         0.134358       0.000903393    
2.16073        0.131989       0.000895411    
2.16896        0.127178       0.000879018    
2.17719        0.126498       0.000876796    
2.18543        0.123661       0.000866679    
2.19366        0.12063        0.000856099    
2.20189        0.118073       0.000847083    
2.21012        0.114337       0.000833209    
2.21835        0.111841       0.000824299    
2.22658        0.110644       0.000819571    
2.23481        0.105238       0.000799415    
2.24305        0.104175       0.000795419    
2.25128        0.103458       0.000792869    
2.25951        0.0987322      0.000774442    
2.26774        0.0972622      0.000768473    
2.27597        0.0949357      0.000759383    
2.2842         0.0915645      0.0007457      
2.29243        0.0905865      0.000741911    
2.30067        0.0883754      0.000732868    
2.3089         0.0860064      0.000722692    
2.31713        0.0855509      0.000720777    
2.32536        0.0820035      0.000705797    
2.33359        0.0796952      0.0006957      
2.34182        0.0798896      0.0006966      
2.35005        0.077387       0.000685455    
2.35828        0.0743316      0.000671743    
2.36652        0.0719383      0.000660958    
2.37475        0.0715738      0.000659395    
2.38298        0.0690226      0.000647381    
2.39121        0.0684881      0.000644814    
2.39944        0.0662649      0.000634384    
2.40767        0.0652201      0.000629485    
2.4159         0.0633431      0.000620313    
2.42414        0.0611867      0.000609674    
2.43237        0.0601176      0.000604208    
2.4406         0.0597775      0.00060262     
2.44883        0.0572445      0.000589791    
2.45706        0.0565338      0.000586186    
2.46529        0.0544078      0.000574819    
2.47352        0.0526341      0.000565378    
2.48176        0.0525187      0.000564758    
2.48999        0.052385       0.000564039    
2.49822        0.0487344      0.000544179    
2.50645        0.0488862      0.00054489     
2.51468        0.0466934      0.000532468    
2.52291        0.0462317      0.000530039    
2.53114        0.0454238      0.000525323    
2.53937        0.0439903      0.000516974    
2.54761        0.0428969      0.000510443    
2.55584        0.0414695      0.000501957    
2.56407        0.0406373      0.000496751    
2.5723         0.0401088      0.000493736    
2.58053        0.0390883      0.000487346    
2.58876        0.0383655      0.000482671    
2.59699        0.0368287      0.000472908    
2.60523        0.0358143      0.000466351    
2.61346        0.0346298      0.000458738    
2.62169        0.0350064      0.000461063    
2.62992        0.0341013      0.000455065    
2.63815        0.0319996      0.000440823    
2.64638        0.0319267      0.000440488    
2.65461        0.0306511      0.000431437    
2.66284        0.0311066      0.00043463     
2.67108        0.0292054      0.000421142    
2.67931        0.0289806      0.000419607    
2.68754        0.0281667      0.000413765    
2.69577        0.0273649      0.000407659    
2.704          0.0269397      0.000404662    
2.71223        0.0258827      0.000396468    
2.72046        0.0255426      0.000393948    
2.7287         0.0240118      0.000381873    
2.73693        0.02386        0.000380761    
2.74516        0.0236474      0.000378964    
2.75339        0.0228213      0.000372287    
2.76162        0.0222624      0.000367702    
2.76985        0.0214181      0.000360765    
2.77808        0.0213816      0.000360356    
2.78632        0.0210658      0.000357788    
2.79455        0.0199845      0.000348386    
2.80278        0.0195107      0.000344446    
2.81101        0.0193953      0.00034332     
2.81924        0.018466       0.00033489     
2.82747        0.0180711      0.000331291    
2.8357         0.0174516      0.000325563    
2.84393        0.0173787      0.000324882    
2.85217        0.0163157      0.000314791    
2.8604         0.0167226      0.000318692    
2.86863        0.0161942      0.000313617    
2.87686        0.0153498      0.000305333    
2.88509        0.0148335      0.000300154    
2.89332        0.0150522      0.000302358    
2.90155        0.0149854      0.000301687    
2.90979        0.0143354      0.000295073    
2.91802        0.0132967      0.000284183    
2.92625        0.0134         0.000285284    
2.93448        0.0128654      0.000279536    
2.94271        0.0127196      0.000277948    
2.95094        0.0125799      0.000276418    
2.95917        0.0121426      0.000271571    
2.96741        0.0115352      0.000264692    
2.97564        0.0118449      0.000268222    
2.98387        0.0110067      0.000258558    
2.9921         0.0110431      0.000258986    
3.00033        0.0109034      0.000257342    
3.00856        0.0104236      0.000251616    
3.01679        0.0101259      0.000247998    
3.02502        0.00954885     0.000240828    
3.03326        0.00957314     0.000241135    
3.04149        0.00946381     0.000239754    
3.04972        0.00899608     0.000233754    
3.05795        0.00918439     0.000236188    
3.06618        0.008662       0.000229373    
3.07441        0.00852229     0.000227516    
3.08264        0.00805456     0.000221185    
3.09088        0.0081639      0.000222681    
3.09911        0.00784803     0.000218331    
3.10734        0.00793308     0.000219511    
3.11557        0.00776907     0.00021723     
3.1238         0.00738031     0.000211726    
3.13203        0.00712519     0.000208034    
3.14026        0.00669999     0.000201732    
3.1485         0.00666961     0.000201274    
3.15673        0.00647524     0.00019832     
3.16496        0.00623834     0.000194658    
3.17319        0.0063173      0.000195886    
3.18142        0.00622619     0.000194468    
3.18965        0.00569772     0.000186033    
3.19788        0.00567342     0.000185636    
3.20611        0.00526037     0.000178751    
3.21435        0.00538186     0.000180803    
3.22258        0.00499917     0.000174257    
3.23081        0.00490198     0.000172555    
3.23904        0.00502347     0.00017468     
3.24727        0.00439782     0.000163441    
3.2555         0.00471368     0.000169208    
3.26373        0.00487161     0.000172019    
3.27197        0.00444034     0.000164229    
3.2802         0.00437352     0.000162988    
3.28843        0.00440389     0.000163553    
3.29666        0.00412447     0.000158513    
3.30489        0.00402728     0.000156404    
3.31312        0.00357778     0.000147418    
3.32135        0.00401513     0.000156168    
3.32959        0.00377823     0.000151491    
3.33782        0.00350489     0.000145908    
3.34605        0.0034077      0.000143871    
3.35428        0.00366282     0.000149159    
3.36251        0.00332873     0.000142194    
3.37074        0.00339555     0.000143614    
3.37897        0.0031708      0.00013878     
3.3872         0.00307361     0.000136637    
3.39544        0.0032194      0.00013984     
3.40367        0.00275775     0.000129426    
3.4119         0.00275167     0.000129283    
3.42013        0.00301894     0.000135416    
3.42836        0.00258766     0.000125371    
3.43659        0.00292783     0.000133357    
3.44482        0.00238721     0.000120418    
3.45306        0.00259374     0.000125518    
3.46129        0.00230825     0.000118409    
3.46952        0.00224143     0.000116683    
3.47775        0.00253907     0.000124189    
3.48598        0.00219891     0.000115571    
3.49421        0.00245403     0.000122091    
3.50244        0.00213209     0.000113802    
3.51068        0.00190734     0.000107637    
3.51891        0.00202883     0.000111012    
3.52714        0.00207135     0.000112169    
3.53537        0.00177978     0.000103975    
3.5436         0.00185267     0.000106083    
3.55183        0.00173118     0.000102546    
3.56006        0.00183445     0.00010556     
3.56829        0.0017737      0.000103797    
3.57653        0.00168866     0.000101279    
3.58476        0.00143962     9.35126e-05    
3.59299        0.00165829     0.000100364    
3.60122        0.00145784     9.41026e-05    
3.60945        0.00157325     9.77565e-05    
3.61768        0.00143354     9.33151e-05    
3.62591        0.00154288     9.68083e-05    
3.63415        0.00143962     9.35126e-05    
3.64238        0.00136672     9.11144e-05    
3.65061        0.00131206     8.92736e-05    
3.65884        0.00120879     8.56886e-05    
3.66707        0.00117842     8.46052e-05    
3.6753         0.00139102     9.19208e-05    
3.68353        0.00125739     8.73939e-05    
3.69176        0.00118449     8.4823e-05     
3.7            0.00129383     8.86515e-05    
3.70823        0.000941521    7.56245e-05    
3.71646        0.00099619     7.77891e-05    
3.72469        0.000959744    7.63528e-05    
3.73292        0.000923298    7.48891e-05    
3.74115        0.000929373    7.5135e-05     
3.74938        0.000929373    7.5135e-05     
3.75762        0.000753217    6.76407e-05    
3.76585        0.000844332    7.16151e-05    
3.77408        0.000905075    7.41464e-05    
3.78231        0.000917224    7.46423e-05    
3.79054        0.000905075    7.41464e-05    
3.79877        0.000801812    6.97885e-05    
3.807          0.000826109    7.0838e-05     
3.81524        0.00081396     7.03152e-05    
3.82347        0.000741068    6.7093e-05     
3.8317         0.000759291    6.79129e-05    
3.83993        0.000643879    6.25389e-05    
3.84816        0.000607433    6.07432e-05    
3.85639        0.000716771    6.59839e-05    
3.86462        0.000637805    6.22432e-05    
3.87285        0.000668176    6.37079e-05    
3.88109        0.000564913    5.85786e-05    
3.88932        0.00054669     5.7626e-05     
3.89755        0.000564913    5.85786e-05    
3.90578        0.00054669     5.7626e-05     
3.91401        0.000498095    5.50053e-05    
3.92224        0.000552764    5.79453e-05    
3.93047        0.000485946    5.43304e-05    
3.93871        0.000558838    5.82628e-05    
3.94694        0.000467723    5.33019e-05    
3.95517        0.000467723    5.33019e-05    
3.9634         0.000522392    5.63309e-05    
3.97163        0.000437352    5.15423e-05    
3.97986        0.000473798    5.36469e-05    
3.98809        0.00040698     4.97205e-05    
3.99633        0.000534541    5.69821e-05    
4.00456        0.000340163    4.54561e-05    
4.01279        0.000461649    5.29547e-05    
4.02102        0.000461649    5.29547e-05    
4.02925        0.000413054    5.00901e-05    
4.03748        0.000358385    4.66577e-05    
4.04571        0.000309791    4.33793e-05    
4.05394        0.000376608    4.78293e-05    
4.06218        0.000285494    4.16435e-05    
4.07041        0.000346237    4.58601e-05    
4.07864        0.000285494    4.16435e-05    
4.08687        0.000328014    4.4637e-05     
4.0951         0.00022475     3.69487e-05    
4.10333        0.000303717    4.29519e-05    
4.11156        0.000388757    4.85946e-05    
