0.00393956     0.0802246      0.000713735    
0.0118187      0.243073       0.00124196     
0.0196978      0.406625       0.00160692     
0.027577       0.571116       0.00190339     
0.0354561      0.726057       0.00214667     
0.0433352      0.889876       0.00237524     
0.0512143      1.04779        0.00257865     
0.0590935      1.21132        0.00277221     
0.0669726      1.36634        0.0029446      
0.0748517      1.52214        0.00310777     
0.0827309      1.68786        0.00327318     
0.09061        1.83815        0.00341447     
0.0984891      1.99572        0.00355853     
0.106368       2.14705        0.00369025     
0.114247       2.29223        0.00381405     
0.122127       2.44837        0.00394185     
0.130006       2.59047        0.00405407     
0.137885       2.73707        0.00416811     
0.145764       2.88446        0.004278       
0.153643       3.02094        0.00437776     
0.161522       3.16311        0.0044811      
0.169401       3.30071        0.00457637     
0.17728        3.43545        0.00466862     
0.18516        3.56517        0.0047572      
0.193039       3.68843        0.00483826     
0.200918       3.8225         0.00492573     
0.208797       3.94915        0.00500539     
0.216676       4.07277        0.00508386     
0.224555       4.19815        0.00516183     
0.232434       4.3083         0.0052287      
0.240313       4.41877        0.00529433     
0.248193       4.52604        0.00535906     
0.256072       4.63815        0.0054262      
0.263951       4.74333        0.00548541     
0.27183        4.8344         0.00553805     
0.279709       4.93233        0.00559469     
0.287588       5.04087        0.0056555      
0.295467       5.14458        0.00571336     
0.303347       5.21578        0.00575249     
0.311226       5.31053        0.00580607     
0.319105       5.3869         0.00584705     
0.326984       5.47024        0.00589238     
0.334863       5.54505        0.00593203     
0.342742       5.61865        0.00597223     
0.350621       5.68968        0.00600944     
0.3585         5.76081        0.00604765     
0.36638        5.83148        0.0060824      
0.374259       5.87347        0.00610539     
0.382138       5.94154        0.00614021     
0.390017       5.99281        0.00616562     
0.397896       6.05739        0.00619947     
0.405775       6.09951        0.00622096     
0.413654       6.13486        0.00624146     
0.421533       6.19084        0.0062697      
0.429413       6.20879        0.00627751     
0.437292       6.2598         0.00630463     
0.445171       6.29513        0.00632177     
0.45305        6.32947        0.00633701     
0.460929       6.35144        0.0063486      
0.468808       6.38379        0.00636522     
0.476687       6.38649        0.00636681     
0.484566       6.40538        0.00637551     
0.492446       6.42178        0.00638359     
0.500325       6.44054        0.00639363     
0.508204       6.44971        0.00639701     
0.516083       6.45045        0.006397       
0.523962       6.44776        0.00639953     
0.531841       6.46049        0.00640216     
0.53972        6.46667        0.00640642     
0.5476         6.45816        0.00640249     
0.555479       6.46075        0.00640399     
0.563358       6.44246        0.00639304     
0.571237       6.43609        0.00639183     
0.579116       6.43238        0.00639007     
0.586995       6.41025        0.00637862     
0.594874       6.40713        0.00637625     
0.602753       6.38509        0.00636439     
0.610633       6.3587         0.00635317     
0.618512       6.34382        0.00634432     
0.626391       6.32373        0.00633417     
0.63427        6.29581        0.00631937     
0.642149       6.272          0.00630858     
0.650028       6.23705        0.00629145     
0.657907       6.20626        0.00627579     
0.665786       6.18085        0.00626253     
0.673666       6.14082        0.00624302     
0.681545       6.11521        0.00623029     
0.689424       6.06444        0.00620501     
0.697303       6.03035        0.00618569     
0.705182       5.9881         0.00616359     
0.713061       5.95174        0.00614539     
0.72094        5.91518        0.00612606     
0.72882        5.86793        0.0061001      
0.736699       5.83318        0.00608341     
0.744578       5.78694        0.00606071     
0.752457       5.73738        0.00603407     
0.760336       5.70235        0.00601643     
0.768215       5.64037        0.00598192     
0.776094       5.59778        0.00596022     
0.783973       5.56207        0.00594093     
0.791853       5.50148        0.00591081     
0.799732       5.44695        0.00587932     
0.807611       5.39282        0.00585007     
0.81549        5.35134        0.00582778     
0.823369       5.2943         0.00579661     
0.831248       5.24546        0.00576895     
0.839127       5.18616        0.00573571     
0.847006       5.13168        0.00570819     
0.854886       5.08014        0.00567624     
0.862765       5.02371        0.00564694     
0.870644       4.97912        0.00562073     
0.878523       4.90095        0.00557814     
0.886402       4.86257        0.00555594     
0.894281       4.79981        0.0055184      
0.90216        4.75121        0.0054917      
0.91004        4.69818        0.00546072     
0.917919       4.63389        0.00542267     
0.925798       4.58626        0.00539542     
0.933677       4.52828        0.00536136     
0.941556       4.47178        0.00532778     
0.949435       4.41486        0.00529319     
0.957314       4.36247        0.00526203     
0.965193       4.30853        0.00522849     
0.973073       4.2552         0.00519822     
0.980952       4.19371        0.00515736     
0.988831       4.13165        0.005122       
0.99671        4.08493        0.00508995     
1.00459        4.03407        0.00505986     
1.01247        3.96768        0.00501803     
1.02035        3.91766        0.0049855      
1.02823        3.86339        0.00495213     
1.03611        3.80937        0.00491646     
1.04398        3.75477        0.0048814      
1.05186        3.69644        0.00484293     
1.05974        3.64767        0.00481079     
1.06762        3.59365        0.00477598     
1.0755         3.53389        0.00473601     
1.08338        3.48335        0.00470078     
1.09126        3.43544        0.00466865     
1.09914        3.38586        0.00463603     
1.10702        3.32805        0.0045964      
1.1149         3.28748        0.00456735     
1.12278        3.23116        0.00452768     
1.13066        3.1842         0.00449507     
1.13853        3.12337        0.00445132     
1.14641        3.081          0.00442236     
1.15429        3.02995        0.00438497     
1.16217        2.98153        0.00435121     
1.17005        2.93956        0.00431961     
1.17793        2.8872         0.00428028     
1.18581        2.83972        0.00424515     
1.19369        2.79142        0.0042081      
1.20157        2.74657        0.00417433     
1.20945        2.70056        0.00414056     
1.21733        2.65871        0.00410769     
1.2252         2.61229        0.00407162     
1.23308        2.56108        0.00403143     
1.24096        2.52362        0.0040023      
1.24884        2.49025        0.0039758      
1.25672        2.43721        0.00393244     
1.2646         2.38692        0.00389238     
1.27248        2.34999        0.00386245     
1.28036        2.31182        0.00383048     
1.28824        2.27428        0.0037986      
1.29612        2.23584        0.003767       
1.304          2.18757        0.00372632     
1.31188        2.15664        0.00369961     
1.31975        2.11464        0.00366323     
1.32763        2.07463        0.00362814     
1.33551        2.03724        0.00359572     
1.34339        1.99958        0.00356213     
1.35127        1.96829        0.00353483     
1.35915        1.92853        0.00349877     
1.36703        1.89246        0.00346634     
1.37491        1.86127        0.0034369      
1.38279        1.82395        0.00340157     
1.39067        1.79244        0.00337267     
1.39855        1.7629         0.00334342     
1.40642        1.72129        0.00330612     
1.4143         1.69404        0.00327874     
1.42218        1.65761        0.00324309     
1.43006        1.62682        0.00321337     
1.43794        1.59802        0.00318422     
1.44582        1.56723        0.00315413     
1.4537         1.53665        0.00312296     
1.46158        1.50973        0.00309624     
1.46946        1.48111        0.0030654      
1.47734        1.45083        0.00303473     
1.48522        1.42433        0.00300635     
1.4931         1.39329        0.00297391     
1.50097        1.36535        0.00294459     
1.50885        1.34298        0.00292008     
1.51673        1.31303        0.00288701     
1.52461        1.28466        0.00285489     
1.53249        1.25896        0.00282645     
1.54037        1.24173        0.00280716     
1.54825        1.2147         0.00277588     
1.55613        1.18689        0.00274394     
1.56401        1.1646         0.00271824     
1.57189        1.14396        0.00269373     
1.57977        1.11469        0.00266028     
1.58764        1.09348        0.00263443     
1.59552        1.07209        0.0026091      
1.6034         1.04929        0.00257993     
1.61128        1.0348         0.00256288     
1.61916        1.01035        0.00253187     
1.62704        0.986435       0.0025017      
1.63492        0.969644       0.00248061     
1.6428         0.948963       0.00245453     
1.65068        0.928548       0.00242768     
1.65856        0.909155       0.00240234     
1.66644        0.888334       0.00237377     
1.67432        0.872622       0.00235367     
1.68219        0.852315       0.00232549     
1.69007        0.835168       0.00230227     
1.69795        0.814938       0.00227368     
1.70583        0.802671       0.00225718     
1.71371        0.783189       0.0022295      
1.72159        0.767629       0.00220677     
1.72947        0.748991       0.00218091     
1.73735        0.736242       0.00216178     
1.74523        0.719483       0.00213638     
1.75311        0.702679       0.00211146     
1.76099        0.684689       0.00208465     
1.76886        0.670188       0.00206254     
1.77674        0.659108       0.0020448      
1.78462        0.651005       0.00203216     
1.7925         0.631853       0.00200224     
1.80038        0.618444       0.00198084     
1.80826        0.604013       0.00195841     
1.81614        0.59379        0.00194142     
1.82402        0.57613        0.00191231     
1.8319         0.566008       0.00189464     
1.83978        0.556483       0.00187895     
1.84766        0.541995       0.00185454     
1.85554        0.52969        0.00183309     
1.86341        0.516339       0.00180991     
1.87129        0.504104       0.00178842     
1.87917        0.496812       0.00177536     
1.88705        0.485504       0.00175489     
1.89493        0.478663       0.00174257     
1.90281        0.465597       0.00171882     
1.91069        0.452176       0.00169383     
1.91857        0.442898       0.00167675     
1.92645        0.436216       0.00166395     
1.93433        0.422052       0.00163673     
1.94221        0.417464       0.0016274      
1.95008        0.407748       0.00160787     
1.95796        0.396706       0.00158696     
1.96584        0.387003       0.00156679     
1.97372        0.377834       0.00154822     
1.9816         0.369901       0.00153174     
1.98948        0.361633       0.00151504     
1.99736        0.350451       0.00149122     
2.00524        0.349055       0.00148848     
2.01312        0.337715       0.00146402     
2.021          0.328545       0.00144403     
2.02888        0.324509       0.00143527     
2.03676        0.315314       0.00141447     
2.04463        0.307585       0.00139702     
2.05251        0.302927       0.00138637     
2.06039        0.291726       0.00136067     
2.06827        0.288395       0.0013528      
2.07615        0.283927       0.00134233     
2.08403        0.275075       0.00132139     
2.09191        0.268761       0.00130612     
2.09979        0.264382       0.00129526     
2.10767        0.256329       0.00127562     
2.11555        0.249894       0.00125913     
2.12343        0.24537        0.00124789     
2.1313         0.240027       0.00123424     
2.13918        0.233547       0.00121744     
2.14706        0.228293       0.00120362     
2.15494        0.222118       0.00118732     
2.16282        0.216433       0.00117211     
2.1707         0.213723       0.0011645      
2.17858        0.207726       0.00114807     
2.18646        0.201494       0.00113088     
2.19434        0.198505       0.00112202     
2.20222        0.191442       0.00110207     
2.2101         0.187965       0.00109212     
2.21798        0.182577       0.00107648     
2.22585        0.178922       0.00106526     
2.23373        0.176726       0.00105933     
2.24161        0.170292       0.00103958     
2.24949        0.167252       0.00103001     
2.25737        0.162321       0.00101471     
2.26525        0.160119       0.00100794     
2.27313        0.155861       0.000994398    
2.28101        0.151584       0.000980894    
2.28889        0.148316       0.000970249    
2.29677        0.144496       0.000957494    
2.30465        0.141373       0.000947497    
2.31252        0.137896       0.000935375    
2.3204         0.136176       0.000929492    
2.32828        0.131798       0.000914719    
2.33616        0.128022       0.000901375    
2.34404        0.12443        0.000888667    
2.35192        0.122907       0.000883132    
2.3598         0.118973       0.000868677    
2.36768        0.117323       0.000862734    
2.37556        0.114645       0.000852752    
2.38344        0.111218       0.000840407    
2.39132        0.108045       0.000827973    
2.3992         0.105913       0.000819824    
2.40707        0.10399        0.00081246     
2.41495        0.101585       0.000802978    
2.42283        0.100246       0.000797577    
2.43071        0.0957403      0.000779475    
2.43859        0.0935763      0.000770681    
2.44647        0.0923896      0.000765577    
2.45435        0.0901686      0.000756329    
2.46223        0.0867989      0.000742512    
2.47011        0.0855551      0.000736803    
2.47799        0.0837402      0.000728956    
2.48587        0.0806498      0.000715283    
2.49374        0.0794314      0.000709978    
2.50162        0.0761569      0.000695382    
2.5095         0.0752621      0.000691467    
2.51738        0.0727047      0.000679348    
2.52526        0.0716132      0.000674117    
2.53314        0.0699887      0.000666556    
2.54102        0.0688401      0.000661011    
2.5489         0.0655847      0.000645088    
2.55678        0.0648612      0.000641398    
2.56466        0.0647597      0.000640959    
2.57254        0.06172        0.000625681    
2.58042        0.0602033      0.000618145    
2.58829        0.059372       0.000613867    
2.59617        0.0580711      0.000607112    
2.60405        0.0569923      0.000601386    
2.61193        0.0554122      0.00059293     
2.61981        0.0536734      0.000583628    
2.62769        0.0518014      0.00057344     
2.63557        0.0520425      0.000574561    
2.64345        0.0496755      0.000561348    
2.65133        0.0478035      0.000550746    
2.65921        0.0462932      0.00054213     
2.66709        0.0462995      0.000542019    
2.67496        0.0447511      0.000532809    
2.68284        0.0442308      0.000529703    
2.69072        0.0421112      0.000516938    
2.6986         0.0408548      0.000509251    
2.70648        0.0403534      0.000506041    
2.71436        0.0396237      0.000501367    
2.72224        0.038621       0.000495066    
2.73012        0.0375993      0.00048856     
2.738          0.037758       0.000489507    
2.74588        0.0361207      0.000478699    
2.75376        0.0353148      0.00047333     
2.76164        0.0343375      0.000466823    
2.76951        0.0320721      0.000451081    
2.77739        0.0316659      0.000448216    
2.78527        0.0318817      0.00044992     
2.79315        0.0308219      0.000442204    
2.80103        0.0305491      0.000440243    
2.80891        0.0287976      0.00042744     
2.81679        0.0286389      0.000426261    
2.82467        0.0268875      0.000413121    
2.83255        0.0271223      0.000414823    
2.84043        0.02598        0.000406095    
2.84831        0.025777       0.000404506    
2.85618        0.0245649      0.000394888    
2.86406        0.0241968      0.00039192     
2.87194        0.024089       0.000390943    
2.87982        0.0234924      0.000386073    
2.8877         0.0225152      0.000377959    
2.89558        0.0216394      0.000370646    
2.90346        0.0209604      0.000364679    
2.91134        0.0214618      0.000369013    
2.91922        0.0202878      0.00035878     
2.9271         0.0199832      0.000356077    
2.93498        0.0193295      0.000350206    
2.94286        0.0187775      0.000345286    
2.95073        0.0190503      0.000347784    
2.95861        0.0185617      0.000343181    
2.96649        0.0178383      0.000336428    
2.97437        0.0170514      0.000328925    
2.98225        0.016017       0.000318793    
2.99013        0.0155093      0.000313701    
2.99801        0.0159535      0.000318161    
3.00589        0.015357       0.000312157    
3.01377        0.0150905      0.000309437    
3.02165        0.0149826      0.000308459    
3.02953        0.0144305      0.000302595    
3.0374         0.0134215      0.000291826    
3.04528        0.01365        0.000294299    
3.05316        0.0133835      0.000291412    
3.06104        0.0130789      0.000288077    
3.06892        0.0121587      0.000277759    
3.0768         0.0122856      0.000279205    
3.08468        0.0118668      0.000274405    
3.09256        0.011467       0.000269744    
3.10044        0.0115368      0.000270563    
3.10832        0.0114987      0.000270117    
3.1162         0.0108515      0.000262404    
3.12408        0.010642       0.00025986     
3.13195        0.0102676      0.000255249    
3.13983        0.0100963      0.00025311     
3.14771        0.00958228     0.000246583    
3.15559        0.00944901     0.000244863    
3.16347        0.00933479     0.000243378    
3.17135        0.00903018     0.000239375    
3.17923        0.00881442     0.000236498    
3.18711        0.0086177      0.000233844    
3.19499        0.00849713     0.000232203    
3.20287        0.00837021     0.000230462    
3.21075        0.00781812     0.000222733    
3.21862        0.00755794     0.000218995    
3.2265         0.00772293     0.000221373    
3.23438        0.0069297      0.000209697    
3.24226        0.00715815     0.000213125    
3.25014        0.00682182     0.000208058    
3.25802        0.00685355     0.000208541    
3.2659         0.00703758     0.000211322    
3.27378        0.00639665     0.00020147     
3.28166        0.00611108     0.000196922    
3.28954        0.00628877     0.000199764    
3.29742        0.00577475     0.000191427    
3.3053         0.0060032      0.000195176    
3.31317        0.00548918     0.000186634    
3.32105        0.00567322     0.000189736    
3.32893        0.0057684      0.000191322    
3.33681        0.00520362     0.000181715    
3.34469        0.00520997     0.000181825    
3.35257        0.00500055     0.000178134    
3.36045        0.0046896      0.000172507    
3.36833        0.00453096     0.000169564    
3.37621        0.00446115     0.000168253    
3.38409        0.00460711     0.000170983    
3.39197        0.0043152      0.000165477    
3.39984        0.00442942     0.000167653    
3.40772        0.00409309     0.000161163    
3.4156         0.0039281      0.000157881    
3.42348        0.00374407     0.000154139    
3.43136        0.00378214     0.00015492     
3.43924        0.00376945     0.00015466     
3.44712        0.00378214     0.00015492     
3.455          0.00378214     0.00015492     
3.46288        0.00333793     0.000145539    
3.47076        0.0031539      0.00014147     
3.47864        0.00321736     0.000142886    
3.48652        0.00305237     0.000139174    
3.49439        0.00307775     0.000139752    
3.50227        0.00292545     0.00013625     
3.51015        0.00298256     0.000137574    
3.51803        0.00273507     0.000131742    
3.52591        0.00269065     0.000130668    
3.53379        0.00257643     0.000127865    
3.54167        0.00271604     0.000131283    
3.54955        0.00241778     0.000123865    
3.55743        0.0023924      0.000123214    
3.56531        0.00233528     0.000121734    
3.57319        0.00234797     0.000122064    
3.58106        0.00237336     0.000122722    
3.58894        0.00233528     0.000121734    
3.59682        0.00218298     0.000117697    
3.6047         0.0019228      0.000110461    
3.61258        0.00206876     0.000114577    
3.62046        0.00190376     0.000109913    
3.62834        0.00205606     0.000114225    
3.63622        0.00176415     0.000105806    
3.6441         0.00183396     0.000107879    
3.65198        0.00187838     0.000109178    
3.65986        0.00169435     0.000103692    
3.66774        0.00175146     0.000105425    
3.67561        0.00164358     0.000102127    
3.68349        0.00172608     0.000104658    
3.69137        0.0015357      9.87181e-05    
3.69925        0.00152936     9.85139e-05    
3.70713        0.0013834      9.36953e-05    
3.71501        0.00159282     0.000100537    
3.72289        0.00140244     9.43377e-05    
3.73077        0.00145955     9.62395e-05    
3.73865        0.00125014     8.90682e-05    
3.74653        0.00130725     9.108e-05      
3.75441        0.00125014     8.90682e-05    
3.76228        0.00117399     8.63129e-05    
3.77016        0.000989957    7.92597e-05    
3.77804        0.000945536    7.7461e-05     
3.78592        0.00119937     8.7241e-05     
3.7938         0.00116764     8.60793e-05    
3.80168        0.00102169     8.05198e-05    
3.80956        0.00119937     8.7241e-05     
3.81744        0.00106611     8.22516e-05    
3.82532        0.00109149     8.32251e-05    
3.8332         0.000996303    7.95133e-05    
3.84108        0.000913806    7.61503e-05    
3.84896        0.000907461    7.58854e-05    
3.85683        0.000869385    7.42763e-05    
3.86471        0.000983611    7.90052e-05    
3.87259        0.000888423    7.50852e-05    
3.88047        0.000913806    7.61503e-05    
3.88835        0.000704392    6.68578e-05    
3.89623        0.000774197    7.00923e-05    
3.90411        0.00061555     6.24995e-05    
3.91199        0.000793235    7.09489e-05    
3.91987        0.000761505    6.95154e-05    
3.92775        0.00075516     6.92252e-05    
3.93563        0.000767851    6.98045e-05    
