0.00393827     0.0823013      0.000722849    
0.0118148      0.247418       0.0012532      
0.0196914      0.409304       0.00161221     
0.0275679      0.570923       0.00190366     
0.0354444      0.737513       0.00216396     
0.043321       0.890955       0.00237848     
0.0511975      1.0555         0.00258844     
0.0590741      1.21917        0.00278182     
0.0669506      1.37461        0.00295442     
0.0748272      1.53812        0.00312519     
0.0827037      1.69293        0.00327783     
0.0905803      1.84668        0.00342489     
0.0984568      2.00727        0.00356887     
0.106333       2.16085        0.00370319     
0.11421        2.31029        0.0038295      
0.122086       2.46142        0.00395274     
0.129963       2.60313        0.00406587     
0.13784        2.75363        0.0041813      
0.145716       2.91136        0.0042984      
0.153593       3.049          0.00439839     
0.161469       3.18458        0.00449646     
0.169346       3.32217        0.00459239     
0.177222       3.45628        0.00468328     
0.185099       3.58692        0.00477329     
0.192975       3.72642        0.0048624      
0.200852       3.84985        0.00494517     
0.208728       3.9866         0.00503117     
0.216605       4.09465        0.00509806     
0.224482       4.22031        0.00517529     
0.232358       4.32711        0.00524082     
0.240235       4.4476         0.00531323     
0.248111       4.56252        0.00538107     
0.255988       4.6733         0.00544723     
0.263864       4.78174        0.00551092     
0.271741       4.88601        0.00556997     
0.279617       4.98097        0.00562213     
0.287494       5.0817         0.00568012     
0.29537        5.16513        0.00572729     
0.303247       5.25041        0.00577206     
0.311123       5.34141        0.00582227     
0.319          5.42018        0.00586484     
0.326877       5.50789        0.00591343     
0.334753       5.56876        0.00594484     
0.34263        5.6585         0.00599321     
0.350506       5.73049        0.00603284     
0.358383       5.79735        0.00606726     
0.366259       5.87039        0.00610562     
0.374136       5.92321        0.00613091     
0.382012       5.97899        0.00615982     
0.389889       6.04255        0.00619312     
0.397765       6.08346        0.00621454     
0.405642       6.13185        0.00623811     
0.413519       6.17176        0.0062575      
0.421395       6.21591        0.00628102     
0.429272       6.262          0.0063027      
0.437148       6.2815         0.00631414     
0.445025       6.3236         0.0063347      
0.452901       6.35514        0.0063494      
0.460778       6.37654        0.00636103     
0.468654       6.40624        0.0063756      
0.476531       6.42541        0.006387       
0.484407       6.45197        0.00639957     
0.492284       6.4684         0.00640712     
0.500161       6.47602        0.00641243     
0.508037       6.49052        0.0064188      
0.515914       6.50346        0.00642618     
0.52379        6.50808        0.00642752     
0.531667       6.50352        0.00642615     
0.539543       6.49725        0.00642274     
0.54742        6.50021        0.00642371     
0.555296       6.48957        0.00641647     
0.563173       6.49446        0.00642106     
0.571049       6.47871        0.00641177     
0.578926       6.47631        0.00641388     
0.586803       6.45373        0.00640135     
0.594679       6.44951        0.00639901     
0.602556       6.41825        0.00638318     
0.610432       6.40718        0.00637745     
0.618309       6.38685        0.00636567     
0.626185       6.35356        0.00635332     
0.634062       6.3272         0.00633711     
0.641938       6.30358        0.00632597     
0.649815       6.28146        0.00631439     
0.657691       6.24509        0.00629724     
0.665568       6.21437        0.0062794      
0.673445       6.18361        0.00626706     
0.681321       6.14238        0.00624498     
0.689198       6.11094        0.00622771     
0.697074       6.06352        0.00620419     
0.704951       6.03751        0.00619276     
0.712827       5.99565        0.00616997     
0.720704       5.94852        0.00614406     
0.72858        5.90729        0.00612312     
0.736457       5.86559        0.00610153     
0.744333       5.81708        0.00607436     
0.75221        5.76655        0.00604977     
0.760086       5.72717        0.00603025     
0.767963       5.67147        0.00600072     
0.77584        5.6147         0.00597018     
0.783716       5.57712        0.0059526      
0.791593       5.53231        0.00592493     
0.799469       5.47821        0.00589776     
0.807346       5.43636        0.00587497     
0.815222       5.36615        0.00583573     
0.823099       5.32661        0.00581559     
0.830975       5.26149        0.00577918     
0.838852       5.22137        0.00575765     
0.846728       5.15727        0.00572194     
0.854605       5.10162        0.00568994     
0.862482       5.05323        0.0056632      
0.870358       4.99726        0.00563242     
0.878235       4.94132        0.00560115     
0.886111       4.89176        0.00557321     
0.893988       4.83124        0.00553783     
0.901864       4.77711        0.00550725     
0.909741       4.71549        0.00547145     
0.917617       4.66906        0.00544423     
0.925494       4.59829        0.00540293     
0.93337        4.54762        0.00537368     
0.941247       4.4969         0.00534502     
0.949124       4.43731        0.00530701     
0.957          4.38117        0.005273       
0.964877       4.32803        0.00523984     
0.972753       4.26612        0.00520258     
0.98063        4.21284        0.00517104     
0.988506       4.16009        0.00513829     
0.996383       4.09714        0.00510013     
1.00426        4.04085        0.00506401     
1.01214        3.98702        0.00503178     
1.02001        3.93251        0.00499757     
1.02789        3.88724        0.00496604     
1.03577        3.82465        0.00492717     
1.04364        3.77005        0.00489068     
1.05152        3.72292        0.0048626      
1.0594         3.66001        0.00482045     
1.06727        3.61096        0.00478828     
1.07515        3.55728        0.00475156     
1.08302        3.49859        0.00471332     
1.0909         3.45807        0.00468541     
1.09878        3.40805        0.00465208     
1.10665        3.34609        0.00460946     
1.11453        3.29817        0.00457584     
1.12241        3.24626        0.00454041     
1.13028        3.19184        0.00450024     
1.13816        3.14944        0.00447082     
1.14604        3.09695        0.0044345      
1.15391        3.05491        0.00440426     
1.16179        2.98959        0.00435746     
1.16967        2.95315        0.00432856     
1.17754        2.90653        0.00429535     
1.18542        2.85451        0.00425624     
1.1933         2.80922        0.00422311     
1.20117        2.75927        0.00418516     
1.20905        2.71696        0.00415318     
1.21693        2.675          0.00412111     
1.2248         2.62757        0.00408367     
1.23268        2.57596        0.00404403     
1.24056        2.53108        0.00400848     
1.24843        2.49448        0.00397943     
1.25631        2.44501        0.00393964     
1.26419        2.41029        0.00391233     
1.27206        2.37425        0.00388247     
1.27994        2.31997        0.00383733     
1.28781        2.28593        0.00380967     
1.29569        2.24409        0.00377414     
1.30357        2.20433        0.00373986     
1.31144        2.16467        0.00370748     
1.31932        2.13038        0.00367773     
1.3272         2.08885        0.00364153     
1.33507        2.04571        0.00360329     
1.34295        2.02077        0.00358147     
1.35083        1.97783        0.00354322     
1.3587         1.93748        0.00350666     
1.36658        1.90114        0.00347474     
1.37446        1.87267        0.00344687     
1.38233        1.83479        0.00341274     
1.39021        1.80087        0.00338097     
1.39809        1.77003        0.00335146     
1.40596        1.73203        0.00331594     
1.41384        1.7038         0.00328894     
1.42172        1.67191        0.00325846     
1.42959        1.63522        0.00322254     
1.43747        1.60645        0.00319311     
1.44535        1.58025        0.00316691     
1.45322        1.54263        0.00312848     
1.4611         1.51726        0.00310397     
1.46898        1.48458        0.00307062     
1.47685        1.45453        0.00303773     
1.48473        1.42511        0.00300806     
1.49261        1.39459        0.00297408     
1.50048        1.36681        0.00294701     
1.50836        1.34284        0.00291938     
1.51623        1.32086        0.00289513     
1.52411        1.29663        0.00286954     
1.53199        1.26634        0.00283549     
1.53986        1.24433        0.00281022     
1.54774        1.2201         0.00278327     
1.55562        1.19128        0.0027495      
1.56349        1.1684         0.00272248     
1.57137        1.14932        0.00270066     
1.57925        1.12468        0.00267062     
1.58712        1.099          0.00264137     
1.595          1.07611        0.00261363     
1.60288        1.05603        0.00258873     
1.61075        1.03572        0.0025641      
1.61863        1.01188        0.00253461     
1.62651        0.997868       0.00251744     
1.63438        0.97584        0.00248903     
1.64226        0.953426       0.00246008     
1.65014        0.932598       0.0024329      
1.65801        0.914932       0.00241033     
1.66589        0.895913       0.00238496     
1.67377        0.874432       0.00235633     
1.68164        0.860454       0.00233772     
1.68952        0.838134       0.00230724     
1.6974         0.822664       0.00228498     
1.70527        0.806718       0.00226342     
1.71315        0.788233       0.00223666     
1.72102        0.770211       0.00221131     
1.7289         0.754506       0.00218845     
1.73678        0.738814       0.00216577     
1.74465        0.725724       0.00214609     
1.75253        0.709175       0.00212175     
1.76041        0.694765       0.00210032     
1.76828        0.677727       0.00207417     
1.77616        0.663667       0.00205271     
1.78404        0.651142       0.00203255     
1.79191        0.633285       0.00200463     
1.79979        0.620812       0.00198535     
1.80767        0.607563       0.00196418     
1.81554        0.597419       0.0019473      
1.82342        0.585619       0.00192831     
1.8313         0.568866       0.00190081     
1.83917        0.555072       0.00187709     
1.84705        0.544135       0.0018586      
1.85493        0.533584       0.00184081     
1.8628         0.519016       0.00181517     
1.87068        0.508891       0.00179699     
1.87856        0.498271       0.00177873     
1.88643        0.490513       0.0017646      
1.89431        0.477976       0.00174229     
1.90219        0.465947       0.00171991     
1.91006        0.45612        0.00170195     
1.91794        0.444541       0.00168006     
1.92582        0.433102       0.00165764     
1.93369        0.425206       0.00164314     
1.94157        0.416458       0.00162592     
1.94944        0.407012       0.00160699     
1.95732        0.396284       0.00158605     
1.9652         0.388343       0.00156995     
1.97307        0.382408       0.00155826     
1.98095        0.371          0.00153491     
1.98883        0.363573       0.00151914     
1.9967         0.355276       0.00150186     
2.00458        0.345907       0.00148168     
2.01246        0.339965       0.00146872     
2.02033        0.330069       0.00144737     
2.02821        0.321778       0.00142878     
2.03609        0.315392       0.00141502     
2.04396        0.308549       0.00139943     
2.05184        0.300373       0.0013805      
2.05972        0.296869       0.0013729      
2.06759        0.288134       0.00135247     
2.07547        0.282008       0.00133824     
2.08335        0.275292       0.00132189     
2.09122        0.270664       0.00131105     
2.0991         0.262171       0.00129004     
2.10698        0.256312       0.0012756      
2.11485        0.249989       0.00125993     
2.12273        0.243825       0.00124414     
2.13061        0.24015        0.0012347      
2.13848        0.235484       0.00122286     
2.14636        0.229574       0.00120717     
2.15423        0.222807       0.00118965     
2.16211        0.216942       0.0011734      
2.16999        0.214688       0.00116738     
2.17786        0.209616       0.00115345     
2.18574        0.2029         0.00113492     
2.19362        0.198463       0.00112269     
2.20149        0.195136       0.00111317     
2.20937        0.190775       0.00110074     
2.21725        0.184218       0.00108124     
2.22512        0.180517       0.00107032     
2.233          0.17681        0.00105949     
2.24088        0.17142        0.00104299     
2.24875        0.167567       0.001031       
2.25663        0.164114       0.00102042     
2.26451        0.160286       0.00100863     
2.27238        0.156312       0.00099628     
2.28026        0.153983       0.000988644    
2.28814        0.150199       0.000976411    
2.29601        0.14599        0.000962832    
2.30389        0.141667       0.000948167    
2.31177        0.139268       0.000940247    
2.31964        0.135789       0.000928456    
2.32752        0.132526       0.000917214    
2.3354         0.128235       0.000902318    
2.34327        0.127067       0.000897939    
2.35115        0.125017       0.000890766    
2.35902        0.118002       0.000865787    
2.3669         0.115901       0.000857735    
2.37478        0.114866       0.000853715    
2.38265        0.111458       0.000841065    
2.39053        0.109014       0.000831904    
2.39841        0.106024       0.00082029     
2.40628        0.103446       0.000810322    
2.41416        0.102615       0.000807064    
2.42204        0.0981331      0.000789168    
2.42991        0.0964192      0.000782255    
2.43779        0.0942609      0.000773461    
2.44567        0.0921851      0.000764908    
2.45354        0.0894999      0.0007537      
2.46142        0.0875638      0.000745676    
2.4693         0.0850056      0.000734666    
2.47717        0.0839581      0.000729912    
2.48505        0.0825172      0.000723794    
2.49293        0.0790131      0.000708111    
2.5008         0.0768738      0.000698468    
2.50868        0.0760359      0.000694597    
2.51656        0.0737189      0.000684411    
2.52443        0.0715098      0.000673801    
2.53231        0.0698403      0.000665899    
2.54019        0.0689833      0.000661806    
2.54806        0.0671233      0.00065265     
2.55594        0.0651936      0.000643394    
2.56382        0.0636129      0.00063543     
2.57169        0.0626544      0.000630501    
2.57957        0.0605786      0.000619974    
2.58744        0.0590551      0.000612263    
2.59532        0.0567698      0.000600176    
2.6032         0.0565667      0.000599236    
2.61107        0.0550051      0.000590915    
2.61895        0.0533165      0.000581782    
2.62683        0.0528404      0.000579181    
2.6347         0.0513487      0.000570884    
2.64258        0.0502314      0.000564643    
2.65046        0.0487587      0.000556382    
2.65833        0.0478065      0.000550781    
2.66621        0.0460037      0.000540449    
2.67409        0.0448547      0.000533663    
2.68196        0.0431534      0.000523377    
2.68984        0.0429376      0.000522222    
2.69772        0.0413125      0.000512178    
2.70559        0.040227       0.000505251    
2.71347        0.0401382      0.000504693    
2.72135        0.038475       0.000494292    
2.72922        0.0380433      0.000491432    
2.7371         0.0359231      0.000477551    
2.74498        0.0358914      0.000477255    
2.75285        0.0350471      0.00047161     
2.76073        0.033714       0.000462731    
2.76861        0.0338981      0.000463904    
2.77648        0.0323175      0.000453055    
2.78436        0.0307749      0.00044194     
2.79223        0.0303306      0.00043883     
2.80011        0.029226       0.000430677    
2.80799        0.0290927      0.000429788    
2.81586        0.0281342      0.000422653    
2.82374        0.0279882      0.000421747    
2.83162        0.0272899      0.000416171    
2.83949        0.0263567      0.000408995    
2.84737        0.0270804      0.000414571    
2.85525        0.0252205      0.000400184    
2.86312        0.0250364      0.000398621    
2.871          0.0240524      0.000390711    
2.87888        0.0232462      0.000384108    
2.88675        0.0233668      0.000385103    
2.89463        0.0224083      0.000377123    
2.90251        0.0221036      0.000374551    
2.91038        0.0212593      0.000367329    
2.91826        0.0204658      0.00036041     
2.92614        0.020669       0.000362416    
2.93401        0.0191391      0.000348534    
2.94189        0.0186313      0.00034388     
2.94977        0.0190502      0.000347724    
2.95764        0.0173998      0.000332322    
2.96552        0.0173236      0.000331594    
2.9734         0.0175521      0.000333894    
2.98127        0.0161556      0.000320222    
2.98915        0.0165237      0.000323849    
2.99702        0.0160476      0.00031915     
3.0049         0.0154255      0.000313033    
3.01278        0.0146384      0.000304817    
3.02065        0.0147082      0.000305543    
3.02853        0.0152288      0.000311031    
3.03641        0.0139465      0.000297526    
3.04428        0.0139147      0.000297188    
3.05216        0.0133752      0.000291369    
3.06004        0.0132165      0.000289636    
3.06791        0.0126388      0.000283236    
3.07579        0.0125118      0.00028181     
3.08367        0.0120802      0.000276906    
3.09154        0.0110137      0.000264402    
3.09942        0.0117818      0.000273466    
3.1073         0.0113375      0.00026826     
3.11517        0.0104995      0.000258157    
3.12305        0.0106455      0.000259946    
3.13093        0.0102329      0.000254859    
3.1388         0.0102583      0.000255175    
3.14668        0.0100806      0.000252954    
3.15456        0.00950925     0.000245682    
3.16243        0.00908393     0.000240126    
3.17031        0.00889984     0.00023768     
3.17819        0.0087094      0.000235124    
3.18606        0.00881097     0.000236491    
3.19394        0.00849357     0.000232192    
3.20182        0.00816983     0.000227724    
3.20969        0.00778895     0.000222353    
3.21757        0.00780164     0.000222534    
3.22544        0.00725572     0.000214608    
3.23332        0.00752868     0.000218607    
3.2412         0.00690023     0.000209285    
3.24907        0.00707163     0.000211868    
3.25695        0.00683041     0.000208223    
3.26483        0.00681771     0.000208029    
3.2727         0.00644953     0.000202335    
3.28058        0.00663997     0.0002053      
3.28846        0.00599882     0.000195137    
3.29633        0.00630353     0.000200031    
3.30421        0.00576395     0.000191279    
3.31209        0.0059163      0.00019379     
3.31996        0.00550368     0.000186911    
3.32784        0.00522437     0.000182106    
3.33572        0.00511646     0.000180216    
3.34359        0.00517359     0.000181219    
3.35147        0.00454514     0.000169857    
3.35935        0.00506567     0.000179319    
3.36722        0.00457688     0.000170449    
3.3751         0.00453879     0.000169738    
3.38298        0.00493871     0.000177058    
3.39085        0.0043674      0.000166503    
3.39873        0.00402461     0.000159835    
3.40661        0.00413887     0.000162088    
3.41448        0.00394843     0.000158315    
3.42236        0.00366277     0.000152481    
3.43023        0.00385321     0.000156652    
3.43811        0.00397382     0.000158823    
3.44599        0.00389765     0.000157294    
3.45386        0.00340886     0.000147101    
3.46174        0.00337077     0.000146277    
3.46962        0.00329459     0.000144615    
3.47749        0.00339616     0.000146827    
3.48537        0.00324381     0.000143496    
3.49325        0.00309146     0.000140086    
3.50112        0.00304067     0.00013893     
3.509          0.00297085     0.000137326    
3.51688        0.00285023     0.000134509    
3.52475        0.00239953     0.000123417    
3.53263        0.00279945     0.000133306    
3.54051        0.00260901     0.000128692    
3.54838        0.00251379     0.000126322    
3.55626        0.00219639     0.000118078    
3.56414        0.00254553     0.000127117    
3.57201        0.00247571     0.000125361    
3.57989        0.00225353     0.000119604    
3.58777        0.00209483     0.000115316    
3.59564        0.00219005     0.000117907    
3.60352        0.00227257     0.000120108    
3.6114         0.00212657     0.000116186    
3.61927        0.00213292     0.000116359    
3.62715        0.00175839     0.00010565     
3.63503        0.00175839     0.00010565     
3.6429         0.00191074     0.000110132    
3.65078        0.00192343     0.000110497    
3.65865        0.00189169     0.000109582    
3.66653        0.00151081     9.7931e-05     
3.67441        0.00163777     0.000101963    
3.68228        0.00177743     0.000106221    
3.69016        0.0015616      9.95633e-05    
3.69804        0.00158064     0.000100169    
3.70591        0.0014156      9.47948e-05    
3.71379        0.0014156      9.47948e-05    
3.72167        0.00137116     9.32951e-05    
3.72954        0.00129498     9.06666e-05    
3.73742        0.00134577     9.24272e-05    
3.7453         0.00139655     9.4155e-05     
3.75317        0.00106011     8.20334e-05    
3.76105        0.00120611     8.75002e-05    
3.76893        0.00128229     9.0221e-05     
3.7768         0.00115533     8.56383e-05    
3.78468        0.00106011     8.20334e-05    
3.79256        0.00121246     8.77302e-05    
3.80043        0.00125055     8.90975e-05    
3.80831        0.00112994     8.4692e-05     
3.81619        0.00104107     8.12932e-05    
3.82406        0.00106646     8.22786e-05    
3.83194        0.00107281     8.25232e-05    
3.83982        0.000926802    7.67024e-05    
3.84769        0.000844279    7.3208e-05     
3.85557        0.000882367    7.48411e-05    
3.86344        0.000895063    7.53776e-05    
3.87132        0.000818887    7.20988e-05    
3.8792         0.000914106    7.61753e-05    
3.88707        0.000704624    6.68797e-05    
3.89495        0.000812539    7.18188e-05    
3.90283        0.000698276    6.65778e-05    
3.9107         0.000749059    6.89563e-05    
3.91858        0.000806191    7.15377e-05    
3.92646        0.000837931    7.29323e-05    
3.93433        0.000666536    6.50471e-05    
