0.00293827     0.000314811    5.17545e-05    
0.00881482     0.0026291      0.000149563    
0.0146914      0.0070875      0.000245562    
0.0205679      0.0137326      0.000341808    
0.0264444      0.022794       0.000440357    
0.032321       0.0333955      0.000532998    
0.0381975      0.0475109      0.000635825    
0.0440741      0.0625453      0.000729657    
0.0499506      0.0804469      0.000827222    
0.0558272      0.0991144      0.000918443    
0.0617037      0.122342       0.00102061     
0.0675803      0.147144       0.00111888     
0.0734568      0.172202       0.00121024     
0.0793333      0.201139       0.00130825     
0.0852099      0.231292       0.00140301     
0.0910864      0.261744       0.00149229     
0.096963       0.294884       0.00158412     
0.10284        0.330007       0.00167563     
0.108716       0.368865       0.001771       
0.114593       0.41036        0.00186871     
0.120469       0.450503       0.00195763     
0.126346       0.49695        0.00205584     
0.132222       0.539994       0.00214305     
0.138099       0.585191       0.0022313      
0.143975       0.638275       0.00233002     
0.149852       0.687317       0.00241864     
0.155728       0.736334       0.00250337     
0.161605       0.799415       0.00260753     
0.167482       0.850942       0.00269089     
0.173358       0.905371       0.00277516     
0.179235       0.962998       0.0028618      
0.185111       1.02605        0.00295456     
0.190988       1.08158        0.00303359     
0.196864       1.14651        0.00312343     
0.202741       1.21043        0.00320941     
0.208617       1.27671        0.00329614     
0.214494       1.33354        0.00336827     
0.22037        1.40366        0.00345647     
0.226247       1.46976        0.00353606     
0.232123       1.52986        0.00360788     
0.238          1.6073         0.00369792     
0.243877       1.67998        0.00378065     
0.249753       1.75096        0.00385954     
0.25563        1.81563        0.00393033     
0.261506       1.88292        0.00400226     
0.267383       1.96481        0.00408796     
0.273259       2.03836        0.00416441     
0.279136       2.10884        0.00423533     
0.285012       2.1922         0.00431915     
0.290889       2.25934        0.00438422     
0.296765       2.33018        0.00445132     
0.302642       2.41116        0.00452924     
0.308519       2.48581        0.0045987      
0.314395       2.55101        0.00465994     
0.320272       2.63509        0.00473481     
0.326148       2.70348        0.00479718     
0.332025       2.77578        0.00485873     
0.337901       2.84916        0.00492327     
0.343778       2.92831        0.00499163     
0.349654       3.00413        0.0050559      
0.355531       3.0786         0.005119       
0.361407       3.15815        0.00518408     
0.367284       3.23305        0.00524536     
0.373161       3.29862        0.00529625     
0.379037       3.38275        0.00536423     
0.384914       3.4443         0.00541276     
0.39079        3.52476        0.00547469     
0.396667       3.58892        0.00552588     
0.402543       3.66756        0.00558688     
0.40842        3.73122        0.00563377     
0.414296       3.81002        0.00569285     
0.420173       3.86876        0.00573652     
0.426049       3.94333        0.00579184     
0.431926       4.00649        0.00583814     
0.437803       4.071          0.00588417     
0.443679       4.14689        0.00593995     
0.449556       4.2025         0.00597932     
0.455432       4.27169        0.00602743     
0.461309       4.33403        0.00607214     
0.467185       4.40089        0.00612051     
0.473062       4.44274        0.00614789     
0.478938       4.52713        0.00620482     
0.484815       4.58172        0.00624515     
0.490691       4.63988        0.00628472     
0.496568       4.69443        0.00632165     
0.502445       4.74294        0.00635417     
0.508321       4.80886        0.00639676     
0.514198       4.84731        0.00642242     
0.520074       4.90895        0.00646185     
0.525951       4.96726        0.00650075     
0.531827       5.00464        0.0065257      
0.537704       5.05477        0.00655822     
0.54358        5.10676        0.00659082     
0.549457       5.15581        0.00662441     
0.555333       5.20485        0.0066542      
0.56121        5.2444         0.00667838     
0.567086       5.28152        0.00670439     
0.572963       5.32523        0.00673146     
0.57884        5.3612         0.00675448     
0.584716       5.39823        0.00677794     
0.590593       5.44269        0.00680612     
0.596469       5.48476        0.00683045     
0.602346       5.51187        0.00684801     
0.608222       5.55237        0.00687335     
0.614099       5.58503        0.00689287     
0.619975       5.61786        0.00691345     
0.625852       5.65188        0.00693326     
0.631728       5.67215        0.00694687     
0.637605       5.68647        0.00695701     
0.643482       5.72786        0.00698204     
0.649358       5.7402         0.00698857     
0.655235       5.76481        0.00700343     
0.661111       5.78134        0.00701147     
0.666988       5.8183         0.0070346      
0.672864       5.81445        0.00703244     
0.678741       5.83718        0.00704672     
0.684617       5.86396        0.00706474     
0.690494       5.87759        0.00707181     
0.69637        5.89628        0.00708167     
0.702247       5.90446        0.00708793     
0.708124       5.91089        0.00709143     
0.714          5.92711        0.00710089     
0.719877       5.93551        0.00710844     
0.725753       5.94383        0.00711129     
0.73163        5.9518         0.00711456     
0.737506       5.94609        0.00711221     
0.743383       5.94822        0.00711152     
0.749259       5.97001        0.00712838     
0.755136       5.95686        0.00711928     
0.761012       5.96927        0.00712665     
0.766889       5.97553        0.00713054     
0.772766       5.97037        0.00712574     
0.778642       5.94732        0.00711281     
0.784519       5.95277        0.00711631     
0.790395       5.95307        0.00711594     
0.796272       5.95502        0.00711765     
0.802148       5.94275        0.00711179     
0.808025       5.94082        0.00711061     
0.813901       5.92268        0.00709742     
0.819778       5.9094         0.00709104     
0.825654       5.91774        0.00709665     
0.831531       5.89476        0.00708242     
0.837408       5.88331        0.0070724      
0.843284       5.87846        0.00707241     
0.849161       5.85297        0.00705578     
0.855037       5.85111        0.00705607     
0.860914       5.83743        0.00704844     
0.86679        5.81672        0.00703366     
0.872667       5.79251        0.00701969     
0.878543       5.76965        0.00700526     
0.88442        5.76038        0.0070002      
0.890296       5.73745        0.00698729     
0.896173       5.72307        0.00697746     
0.90205        5.68143        0.00695322     
0.907926       5.6809         0.00695501     
0.913803       5.66067        0.00694106     
0.919679       5.63046        0.00692035     
0.925556       5.59964        0.00689919     
0.931432       5.56993        0.00688695     
0.937309       5.55809        0.00687401     
0.943185       5.52927        0.00686141     
0.949062       5.51793        0.00685284     
0.954938       5.46904        0.00682051     
0.960815       5.45064        0.00680996     
0.966691       5.42143        0.00679263     
0.972568       5.3894         0.00677195     
0.978445       5.35964        0.00675258     
0.984321       5.32779        0.00673194     
0.990198       5.30268        0.00671849     
0.996074       5.26835        0.00669432     
1.00195        5.24601        0.00668065     
1.00783        5.20924        0.00665714     
1.0137         5.18993        0.0066453      
1.01958        5.1542         0.00662217     
1.02546        5.11837        0.00659812     
1.03133        5.09425        0.00658202     
1.03721        5.04577        0.00655077     
1.04309        5.02879        0.00654098     
1.04896        4.99342        0.00651843     
1.05484        4.96647        0.0065006      
1.06072        4.92362        0.00647183     
1.06659        4.88399        0.00644779     
1.07247        4.85436        0.00642487     
1.07835        4.8338         0.00641189     
1.08422        4.77979        0.00637738     
1.0901         4.75402        0.00636106     
1.09598        4.71994        0.0063378      
1.10185        4.68889        0.00631615     
1.10773        4.65091        0.00628956     
1.11361        4.61111        0.00626267     
1.11948        4.57053        0.00623737     
1.12536        4.54631        0.00622085     
1.13123        4.50437        0.00619144     
1.13711        4.46722        0.00616573     
1.14299        4.43582        0.00614356     
1.14886        4.39944        0.00611804     
1.15474        4.36517        0.00609369     
1.16062        4.32317        0.00606479     
1.16649        4.2764         0.00603251     
1.17237        4.24568        0.00600867     
1.17825        4.2147         0.00598705     
1.18412        4.17643        0.00596022     
1.19           4.13875        0.00593409     
1.19588        4.0991         0.00590494     
1.20175        4.0636         0.00587853     
1.20763        4.0385         0.00586123     
1.21351        3.98563        0.0058238      
1.21938        3.95508        0.00580218     
1.22526        3.92494        0.0057782      
1.23114        3.89076        0.0057537      
1.23701        3.84233        0.00571661     
1.24289        3.80784        0.00569197     
1.24877        3.77596        0.00566805     
1.25464        3.73338        0.00563677     
1.26052        3.69634        0.00560716     
1.2664         3.66028        0.00558078     
1.27227        3.62797        0.0055562      
1.27815        3.59452        0.00553013     
1.28402        3.5572         0.00550136     
1.2899         3.51771        0.00547038     
1.29578        3.47795        0.00543899     
1.30165        3.44754        0.00541584     
1.30753        3.41896        0.00539381     
1.31341        3.37769        0.00536072     
1.31928        3.35564        0.00534218     
1.32516        3.30182        0.00530117     
1.33104        3.27057        0.00527247     
1.33691        3.23773        0.00524868     
1.34279        3.21085        0.00522658     
1.34867        3.17234        0.00519511     
1.35454        3.13803        0.0051659      
1.36042        3.09542        0.00513176     
1.3663         3.06553        0.00510662     
1.37217        3.02303        0.00507146     
1.37805        3.00174        0.00505422     
1.38393        2.96776        0.0050261      
1.3898         2.92941        0.004991       
1.39568        2.90298        0.00496998     
1.40156        2.87047        0.00494417     
1.40743        2.84112        0.00491834     
1.41331        2.79598        0.00487773     
1.41919        2.77251        0.00485729     
1.42506        2.74886        0.0048359      
1.43094        2.70974        0.00480075     
1.43682        2.68774        0.00478074     
1.44269        2.65489        0.00475202     
1.44857        2.61601        0.00471706     
1.45444        2.58314        0.00469001     
1.46032        2.5538         0.00466095     
1.4662         2.52299        0.00463348     
1.47207        2.50019        0.00461114     
1.47795        2.46295        0.00457646     
1.48383        2.42897        0.00454607     
1.4897         2.39695        0.00451558     
1.49558        2.37621        0.00449679     
1.50146        2.3445         0.00446553     
1.50733        2.3211         0.00444466     
1.51321        2.2853         0.00441149     
1.51909        2.26404        0.00439006     
1.52496        2.2366         0.00436159     
1.53084        2.20385        0.00432999     
1.53672        2.18052        0.00430814     
1.54259        2.14256        0.00427112     
1.54847        2.12519        0.00425311     
1.55435        2.09465        0.00422257     
1.56022        2.07767        0.00420417     
1.5661         2.04757        0.00417453     
1.57198        2.02314        0.00414932     
1.57785        1.99227        0.00411796     
1.58373        1.96547        0.00408939     
1.58961        1.94077        0.00406369     
1.59548        1.92542        0.0040479      
1.60136        1.89385        0.00401513     
1.60723        1.8726         0.00399121     
1.61311        1.84694        0.00396377     
1.61899        1.81915        0.00393374     
1.62486        1.7954         0.00390856     
1.63074        1.77033        0.00388201     
1.63662        1.74785        0.00385597     
1.64249        1.72521        0.00383052     
1.64837        1.70218        0.00380545     
1.65425        1.68663        0.00378797     
1.66012        1.66665        0.00376601     
1.666          1.63738        0.00373224     
1.67188        1.6167         0.00370961     
1.67775        1.60648        0.00369702     
1.68363        1.58105        0.00366752     
1.68951        1.55174        0.00363364     
1.69538        1.53427        0.00361284     
1.70126        1.51399        0.00358936     
1.70714        1.48455        0.00355442     
1.71301        1.4672         0.00353278     
1.71889        1.45066        0.00351474     
1.72477        1.42964        0.00348794     
1.73064        1.41383        0.00346766     
1.73652        1.39197        0.00344058     
1.7424         1.3704         0.00341518     
1.74827        1.35303        0.00339165     
1.75415        1.33105        0.00336626     
1.76002        1.31964        0.00335073     
1.7659         1.29363        0.00331749     
1.77178        1.27733        0.00329691     
1.77765        1.25959        0.00327415     
1.78353        1.24509        0.00325493     
1.78941        1.23028        0.00323488     
1.79528        1.21277        0.00321161     
1.80116        1.18662        0.00317699     
1.80704        1.17098        0.00315657     
1.81291        1.16142        0.00314396     
1.81879        1.14292        0.00311805     
1.82467        1.12297        0.00309131     
1.83054        1.10742        0.00306951     
1.83642        1.09508        0.00305239     
1.8423         1.07276        0.00302107     
1.84817        1.06358        0.003008       
1.85405        1.04742        0.00298554     
1.85993        1.02816        0.00295769     
1.8658         1.01847        0.00294343     
1.87168        0.993007       0.00290646     
1.87756        0.988345       0.00289966     
1.88343        0.970375       0.00287388     
1.88931        0.954787       0.00284956     
1.89519        0.944526       0.00283557     
1.90106        0.932836       0.00281809     
1.90694        0.914866       0.00279038     
1.91282        0.907302       0.00277861     
1.91869        0.886516       0.00274675     
1.92457        0.872018       0.00272324     
1.93044        0.864198       0.0027115      
1.93632        0.847403       0.00268496     
1.9422         0.836529       0.00266758     
1.94807        0.826566       0.00265243     
1.95395        0.814662       0.00263285     
1.95983        0.79905        0.00260754     
1.9657         0.787478       0.00258877     
1.97158        0.778876       0.00257439     
1.97746        0.764522       0.00254993     
1.98333        0.754568       0.0025337      
1.98921        0.745055       0.00251779     
1.99509        0.728115       0.00248902     
2.00096        0.723614       0.00248141     
2.00684        0.709728       0.00245678     
2.01272        0.694583       0.00243084     
2.01859        0.688568       0.00242067     
2.02447        0.674265       0.0023957      
2.03035        0.666395       0.00238094     
2.03622        0.657861       0.00236604     
2.0421         0.649897       0.002352       
2.04798        0.63682        0.00232773     
2.05385        0.627512       0.00231087     
2.05973        0.618544       0.00229354     
2.06561        0.605637       0.00227035     
2.07148        0.597902       0.00225601     
2.07736        0.592372       0.00224512     
2.08323        0.582953       0.00222752     
2.08911        0.569246       0.00220051     
2.09499        0.559393       0.00218154     
2.10086        0.556662       0.00217594     
2.10674        0.545448       0.00215405     
2.11262        0.535919       0.00213618     
2.11849        0.52787        0.00211917     
2.12437        0.516902       0.00209662     
2.13025        0.508054       0.0020797      
2.13612        0.502106       0.00206687     
2.142          0.496304       0.00205546     
2.14788        0.487778       0.00203745     
2.15375        0.476785       0.00201378     
2.15963        0.472182       0.00200456     
2.16551        0.46227        0.00198232     
2.17138        0.462321       0.00198338     
2.17726        0.449499       0.00195531     
2.18314        0.441739       0.00193901     
2.18901        0.435894       0.00192605     
2.19489        0.429198       0.00191068     
2.20077        0.425241       0.00190242     
2.20664        0.411381       0.00187106     
2.21252        0.411551       0.00187106     
2.2184         0.405408       0.00185753     
2.22427        0.396509       0.00183611     
2.23015        0.389668       0.00182082     
2.23602        0.385882       0.00181179     
2.2419         0.376624       0.00178962     
2.24778        0.369401       0.00177289     
2.25365        0.363785       0.00175922     
2.25953        0.361012       0.00175228     
2.26541        0.349534       0.00172497     
2.27128        0.346479       0.00171674     
2.27716        0.345611       0.00171519     
2.28304        0.335963       0.00169033     
2.28891        0.330356       0.00167682     
2.29479        0.325234       0.00166347     
2.30067        0.320631       0.00165131     
2.30654        0.315891       0.0016395      
2.31242        0.310659       0.001626       
2.3183         0.305426       0.00161262     
2.32417        0.30175        0.00160266     
2.33005        0.296628       0.00158905     
2.33593        0.292638       0.00157823     
2.3418         0.285559       0.00155882     
2.34768        0.280752       0.00154573     
2.35356        0.277502       0.00153656     
2.35943        0.272252       0.00152195     
2.36531        0.270695       0.00151775     
2.37119        0.261727       0.00149205     
2.37706        0.258332       0.00148266     
2.38294        0.254112       0.00147039     
2.38882        0.249934       0.00145819     
2.39469        0.246667       0.00144865     
2.40057        0.240269       0.00142964     
2.40644        0.236338       0.00141798     
2.41232        0.233156       0.00140858     
2.4182         0.227106       0.00138998     
2.42407        0.22589        0.00138616     
2.42995        0.223107       0.00137819     
2.43583        0.219432       0.00136635     
2.4417         0.213229       0.00134679     
2.44758        0.212123       0.00134325     
2.45346        0.209962       0.00133651     
2.45933        0.20216        0.001312       
2.46521        0.202228       0.00131156     
2.47109        0.195276       0.00128909     
2.47696        0.194502       0.00128626     
2.48284        0.192154       0.00127865     
2.48872        0.185883       0.00125755     
2.49459        0.185721       0.00125729     
2.50047        0.181825       0.00124401     
2.50635        0.177502       0.00122882     
2.51222        0.174609       0.00121896     
2.5181         0.173401       0.00121433     
2.52398        0.168739       0.00119822     
2.52985        0.165999       0.00118841     
2.53573        0.163531       0.0011798      
2.54161        0.161447       0.00117172     
2.54748        0.15869        0.00116188     
2.55336        0.154317       0.00114591     
2.55923        0.153883       0.00114436     
2.56511        0.151356       0.00113488     
2.57099        0.146974       0.00111823     
2.57686        0.145306       0.00111221     
2.58274        0.144107       0.00110723     
2.58862        0.140967       0.00109512     
2.59449        0.138296       0.00108504     
2.60037        0.136194       0.00107665     
2.60625        0.131063       0.00105608     
2.61212        0.130927       0.0010556      
2.618          0.12926        0.00104873     
2.62388        0.126733       0.00103851     
2.62975        0.125524       0.00103335     
2.63563        0.122215       0.00101972     
2.64151        0.119381       0.0010077      
2.64738        0.119067       0.00100652     
2.65326        0.116931       0.000997465    
2.65914        0.112906       0.000980026    
2.66501        0.113604       0.00098312     
2.67089        0.112056       0.000976479    
2.67677        0.107163       0.000954576    
2.68264        0.107282       0.00095556     
2.68852        0.105334       0.000946704    
2.6944         0.101803       0.000930721    
2.70027        0.101616       0.000929866    
2.70615        0.100671       0.000925306    
2.71203        0.0985188      0.000915446    
2.7179         0.0951069      0.000899308    
2.72378        0.095141       0.00089955     
2.72965        0.0920694      0.000884921    
2.73553        0.0883768      0.000867006    
2.74141        0.0891595      0.000871084    
2.74728        0.0867857      0.000859256    
2.75316        0.0865305      0.000857908    
2.75904        0.0854669      0.000852878    
2.76491        0.0816211      0.00083332     
2.77079        0.0800896      0.000825472    
2.77667        0.0805661      0.000828446    
2.78254        0.0788729      0.000819095    
2.78842        0.07598        0.000803943    
2.7943         0.0773754      0.000811287    
2.80017        0.0756057      0.000801962    
2.80605        0.0731467      0.000789005    
2.81193        0.0731042      0.000788867    
2.8178         0.0704836      0.000774431    
2.82368        0.0706197      0.000775272    
2.82956        0.0680332      0.000760958    
2.83543        0.0674461      0.000757576    
2.84131        0.0666293      0.000753075    
2.84719        0.0654211      0.000746029    
2.85306        0.0650042      0.000743942    
2.85894        0.0639747      0.000737741    
2.86482        0.0599757      0.000714428    
2.87069        0.0616604      0.000724183    
2.87657        0.0591079      0.000709041    
2.88244        0.0589037      0.00070802     
2.88832        0.0571594      0.000697468    
2.8942         0.0571935      0.000697572    
2.90007        0.0553216      0.000685963    
2.90595        0.0539518      0.000677634    
2.91183        0.0535944      0.000675281    
2.9177         0.0524628      0.000668226    
2.92358        0.0514673      0.000661972    
2.92946        0.0515354      0.000662081    
2.93533        0.0502336      0.000653779    
