0.00313957     5.64461        0.00670263     
0.00941871     16.9055        0.0116029      
0.0156978      28.039         0.0149406      
0.021977       39.0308        0.0176292      
0.0282561      49.8131        0.0199138      
0.0345353      60.2462        0.0219061      
0.0408144      70.395         0.0236726      
0.0470935      80.1619        0.0252573      
0.0533727      89.498         0.0267004      
0.0596518      98.4333        0.0279963      
0.065931       106.847        0.0291683      
0.0722101      114.87         0.0302408      
0.0784892      122.3          0.0312091      
0.0847684      129.234        0.0320827      
0.0910475      135.749        0.0328719      
0.0973267      141.72         0.0335948      
0.103606       147.279        0.0342583      
0.109885       152.283        0.034817       
0.116164       156.744        0.0353283      
0.122443       160.872        0.0357863      
0.128722       164.632        0.0362068      
0.135002       167.894        0.0365672      
0.141281       170.73         0.0368635      
0.14756        173.27         0.0371416      
0.153839       175.505        0.037388       
0.160118       177.216        0.0375666      
0.166397       178.825        0.037727       
0.172676       180.117        0.0378717      
0.178955       180.965        0.0379559      
0.185235       181.663        0.0380456      
0.191514       182.086        0.0380865      
0.197793       182.279        0.0381054      
0.204072       182.279        0.0381052      
0.210351       182.051        0.0380796      
0.21663        181.786        0.0380484      
0.222909       181.207        0.0379875      
0.229189       180.472        0.0379039      
0.235468       179.544        0.037794       
0.241747       178.594        0.0377133      
0.248026       177.463        0.0375921      
0.254305       176.149        0.0374487      
0.260584       174.841        0.0373119      
0.266863       173.457        0.0371659      
0.273143       171.89         0.0369988      
0.279422       170.29         0.0368242      
0.285701       168.57         0.0366328      
0.29198        166.915        0.0364556      
0.298259       165.118        0.0362578      
0.304538       163.284        0.0360645      
0.310817       161.357        0.0358427      
0.317097       159.434        0.0356248      
0.323376       157.455        0.0354009      
0.329655       155.43         0.035188       
0.335934       153.397        0.0349493      
0.342213       151.355        0.0347102      
0.348492       149.282        0.0344795      
0.354771       147.216        0.0342331      
0.361051       145.102        0.0339905      
0.36733        143.058        0.0337543      
0.373609       140.844        0.0334879      
0.379888       138.811        0.0332471      
0.386167       136.776        0.0329996      
0.392446       134.656        0.0327419      
0.398725       132.591        0.0324978      
0.405005       130.436        0.032223       
0.411284       128.344        0.0319724      
0.417563       126.375        0.0317208      
0.423842       124.226        0.0314469      
0.430121       122.138        0.0311844      
0.4364         120.206        0.0309261      
0.442679       118.138        0.0306719      
0.448959       116.164        0.0304183      
0.455238       114.189        0.0301458      
0.461517       112.284        0.0299012      
0.467796       110.295        0.0296379      
0.474075       108.387        0.0293799      
0.480354       106.497        0.0291204      
0.486633       104.621        0.0288684      
0.492912       102.74         0.0286004      
0.499192       100.919        0.028346       
0.505471       99.1148        0.0280887      
0.51175        97.3731        0.0278466      
0.518029       95.6192        0.0275795      
0.524308       93.862         0.0273432      
0.530587       92.1705        0.0270935      
0.536866       90.4571        0.0268426      
0.543146       88.8141        0.02659        
0.549425       87.1382        0.0263384      
0.555704       85.5134        0.026097       
0.561983       83.9197        0.025838       
0.568262       82.3866        0.0256107      
0.574541       80.7233        0.0253535      
0.58082        79.2484        0.025112       
0.5871         77.7717        0.0248828      
0.593379       76.2997        0.0246558      
0.599658       74.8629        0.024414       
0.605937       73.4391        0.0241783      
0.612216       72.0031        0.0239427      
0.618495       70.6448        0.0237164      
0.624774       69.2801        0.0234801      
0.631054       67.9489        0.0232571      
0.637333       66.6222        0.0230368      
0.643612       65.336         0.0228155      
0.649891       64.0772        0.0225903      
0.65617        62.838         0.0223678      
0.662449       61.6035        0.0221465      
0.668728       60.4233        0.0219351      
0.675008       59.264         0.0217205      
0.681287       58.0401        0.0215028      
0.687566       56.9116        0.021289       
0.693845       55.7646        0.0210731      
0.700124       54.7438        0.0208733      
0.706403       53.6322        0.0206681      
0.712682       52.5691        0.0204582      
0.718962       51.5187        0.0202529      
0.725241       50.5116        0.0200568      
0.73152        49.5249        0.0198598      
0.737799       48.5034        0.0196565      
0.744078       47.5947        0.0194678      
0.750357       46.6219        0.0192653      
0.756636       45.7022        0.0190779      
0.762916       44.8143        0.0188887      
0.769195       43.8791        0.0186944      
0.775474       43.0054        0.0185081      
0.781753       42.115         0.0183123      
0.788032       41.3123        0.01814        
0.794311       40.4744        0.0179515      
0.80059        39.6824        0.0177749      
0.806869       38.8792        0.0175928      
0.813149       38.0916        0.0174116      
0.819428       37.3225        0.0172369      
0.825707       36.573         0.0170661      
0.831986       35.8082        0.0168904      
0.838265       35.0708        0.0167086      
0.844544       34.3765        0.0165476      
0.850823       33.7218        0.0163833      
0.857103       32.998         0.0162074      
0.863382       32.3439        0.0160436      
0.869661       31.721         0.0158922      
0.87594        31.0307        0.0157139      
0.882219       30.4357        0.0155676      
0.888498       29.7983        0.0154042      
0.894777       29.1566        0.0152373      
0.901057       28.6164        0.0150944      
0.907336       28.0331        0.0149422      
0.913615       27.4304        0.0147747      
0.919894       26.8615        0.0146206      
0.926173       26.3792        0.014494       
0.932452       25.7735        0.0143243      
0.938731       25.2562        0.014178       
0.945011       24.7707        0.0140444      
0.95129        24.2685        0.0138997      
0.957569       23.7519        0.0137532      
0.963848       23.2478        0.0136056      
0.970127       22.778         0.0134666      
0.976406       22.3259        0.0133315      
0.982685       21.873         0.0131958      
0.988965       21.4036        0.0130526      
0.995244       20.975         0.0129257      
1.00152        20.5561        0.01279        
1.0078         20.1266        0.0126578      
1.01408        19.6963        0.0125201      
1.02036        19.2959        0.0123954      
1.02664        18.8973        0.0122682      
1.03292        18.5198        0.0121421      
1.0392         18.1223        0.0120107      
1.04548        17.7366        0.011886       
1.05176        17.3777        0.0117619      
1.05804        17.0231        0.0116451      
1.06431        16.6602        0.0115202      
1.07059        16.3312        0.0114077      
1.07687        15.9878        0.0112798      
1.08315        15.658         0.0111683      
1.08943        15.3353        0.0110512      
1.09571        15.0133        0.0109301      
1.10199        14.6881        0.0108131      
1.10827        14.3774        0.010702       
1.11455        14.0981        0.0105939      
1.12083        13.8124        0.0104878      
1.12711        13.5156        0.0103771      
1.13338        13.2445        0.0102686      
1.13966        12.9633        0.010163       
1.14594        12.7226        0.0100645      
1.15222        12.4368        0.00995095     
1.1585         12.1572        0.00984166     
1.16478        11.9168        0.00974213     
1.17106        11.6632        0.0096364      
1.17734        11.4161        0.00953543     
1.18362        11.1863        0.00943767     
1.1899         10.959         0.00934281     
1.19618        10.7498        0.00925179     
1.20246        10.5042        0.00914488     
1.20873        10.2632        0.00903901     
1.21501        10.0797        0.00895985     
1.22129        9.84948        0.00885426     
1.22757        9.63192        0.0087588      
1.23385        9.45945        0.00867901     
1.24013        9.25163        0.00858445     
1.24641        9.04847        0.0084902      
1.25269        8.87099        0.00840381     
1.25897        8.69556        0.00832224     
1.26525        8.50397        0.00822818     
1.27153        8.32966        0.00814395     
1.2778         8.15081        0.00805574     
1.28408        7.96759        0.00796503     
1.29036        7.81162        0.00788767     
1.29664        7.64226        0.00780133     
1.30292        7.49245        0.00772432     
1.3092         7.34048        0.00764541     
1.31548        7.17962        0.0075598      
1.32176        7.03158        0.00748241     
1.32804        6.87151        0.00739643     
1.33432        6.7411         0.00732578     
1.3406         6.60007        0.00725032     
1.34688        6.44533        0.00716429     
1.35315        6.30727        0.00708641     
1.35943        6.1893         0.00702165     
1.36571        6.05169        0.00694044     
1.37199        5.9211         0.00686655     
1.37827        5.80971        0.00680177     
1.38455        5.68007        0.00672473     
1.39083        5.55284        0.00665137     
1.39711        5.4325         0.00657802     
1.40339        5.3228         0.00650955     
1.40967        5.20434        0.00643622     
1.41595        5.10569        0.00637867     
1.42223        5.00023        0.00631011     
1.4285         4.88475        0.00623656     
1.43478        4.79813        0.00618149     
1.44106        4.68538        0.00610791     
1.44734        4.57942        0.00603941     
1.45362        4.48279        0.00597443     
1.4599         4.3936         0.00591478     
1.46618        4.29708        0.00584963     
1.47246        4.21365        0.00579316     
1.47874        4.12082        0.00572792     
1.48502        4.03191        0.00566632     
1.4913         3.94501        0.00560426     
1.49757        3.86965        0.00555009     
1.50385        3.78245        0.00548729     
1.51013        3.71066        0.00543595     
1.51641        3.63727        0.00538258     
1.52269        3.54463        0.00531154     
1.52897        3.47882        0.00526269     
1.53525        3.39312        0.00519687     
1.54153        3.32359        0.00514547     
1.54781        3.24203        0.00508139     
1.55409        3.17778        0.00502976     
1.56037        3.11606        0.00498203     
1.56665        3.04239        0.00492283     
1.57292        2.98931        0.00487954     
1.5792         2.92032        0.004822       
1.58548        2.85936        0.00477294     
1.59176        2.80232        0.00472357     
1.59804        2.73889        0.004671       
1.60432        2.69197        0.00463024     
1.6106         2.62814        0.00457358     
1.61688        2.564          0.00451792     
1.62316        2.51632        0.00447643     
1.62944        2.46128        0.0044277      
1.63572        2.41198        0.00438304     
1.642          2.35932        0.00433447     
1.64827        2.31123        0.0042889      
1.65455        2.25397        0.00423641     
1.66083        2.21329        0.00419904     
1.66711        2.16229        0.0041478      
1.67339        2.12051        0.00410817     
1.67967        2.06408        0.00405383     
1.68595        2.02501        0.0040146      
1.69223        1.98912        0.00397965     
1.69851        1.9439         0.00393402     
1.70479        1.89926        0.00388946     
1.71107        1.86041        0.00384868     
1.71734        1.82347        0.00381032     
1.72362        1.77319        0.00375782     
1.7299         1.73858        0.00372127     
1.73618        1.70443        0.00368347     
1.74246        1.67167        0.00364948     
1.74874        1.63353        0.00360662     
1.75502        1.60287        0.00357262     
1.7613         1.56642        0.00353132     
1.76758        1.53163        0.00349304     
1.77386        1.50171        0.00345776     
1.78014        1.46987        0.00342113     
1.78642        1.43454        0.00337963     
1.79269        1.40929        0.00334968     
1.79897        1.37465        0.0033088      
1.80525        1.33874        0.00326493     
1.81153        1.31884        0.00323995     
1.81781        1.28607        0.0032004      
1.82409        1.25688        0.00316408     
1.83037        1.23353        0.003134       
1.83665        1.21128        0.00310594     
1.84293        1.18136        0.00306696     
1.84921        1.15431        0.00303101     
1.85549        1.12588        0.00299439     
1.86177        1.10408        0.00296534     
1.86804        1.08188        0.002935       
1.87432        1.0561         0.00290053     
1.8806         1.04072        0.00287876     
1.88688        1.01323        0.00284107     
1.89316        0.989642       0.00280711     
1.89944        0.968126       0.00277665     
1.90572        0.951404       0.00275262     
1.912          0.930326       0.00272191     
1.91828        0.911669       0.00269372     
1.92456        0.885822       0.00265499     
1.93084        0.871122       0.00263358     
1.93711        0.850172       0.00260155     
1.94339        0.828879       0.00256905     
1.94967        0.812922       0.00254383     
1.95595        0.796717       0.00251888     
1.96223        0.786334       0.00250255     
1.96851        0.767725       0.00247206     
1.97479        0.746926       0.00243855     
1.98107        0.731358       0.00241308     
1.98735        0.715265       0.00238623     
1.99363        0.702716       0.00236541     
1.99991        0.691416       0.00234629     
2.00619        0.671668       0.00231269     
2.01246        0.65501        0.00228416     
2.01874        0.63781        0.00225395     
2.02502        0.628868       0.00223819     
2.0313         0.612003       0.00220754     
2.03758        0.604629       0.00219413     
2.04386        0.588839       0.00216588     
2.05014        0.57277        0.00213526     
2.05642        0.562219       0.00211605     
2.0627         0.550776       0.00209423     
2.06898        0.534882       0.0020641      
2.07526        0.525295       0.00204502     
2.08153        0.51609        0.00202699     
2.08781        0.501223       0.00199754     
2.09409        0.49639        0.00198797     
2.10037        0.482837       0.00196094     
2.10665        0.472915       0.00194045     
2.11293        0.460899       0.00191575     
2.11921        0.453127       0.00189906     
2.12549        0.443962       0.00188036     
2.13177        0.432257       0.00185493     
2.13805        0.423028       0.00183557     
2.14433        0.412668       0.00181315     
2.15061        0.40547        0.00179687     
2.15688        0.395596       0.0017745      
2.16316        0.388469       0.00175942     
2.16944        0.381159       0.0017423      
2.17572        0.372368       0.00172226     
2.182          0.36419        0.00170311     
2.18828        0.359221       0.00169155     
2.19456        0.345477       0.00165842     
2.20084        0.340755       0.00164728     
2.20712        0.329376       0.00161927     
2.2134         0.326987       0.00161381     
2.21968        0.322297       0.00160212     
2.22596        0.309835       0.00157093     
2.23223        0.307606       0.00156521     
2.23851        0.298687       0.00154245     
2.24479        0.293727       0.00152902     
2.25107        0.285931       0.00150912     
2.25735        0.28054        0.00149467     
2.26363        0.273135       0.00147522     
2.26991        0.268914       0.00146331     
2.27619        0.262854       0.001447       
2.28247        0.257002       0.00143028     
2.28875        0.251181       0.00141431     
2.29503        0.243895       0.00139362     
2.3013         0.238544       0.00137834     
2.30758        0.235661       0.00136978     
2.31386        0.228184       0.0013477      
2.32014        0.224434       0.00133713     
2.32642        0.221025       0.00132645     
2.3327         0.215244       0.00130927     
2.33898        0.211382       0.00129726     
2.34526        0.205219       0.00127855     
2.35154        0.201461       0.00126657     
2.35782        0.195672       0.00124849     
2.3641         0.192574       0.00123804     
2.37038        0.188195       0.00122401     
2.37665        0.185113       0.00121391     
2.38293        0.181004       0.00120055     
2.38921        0.175717       0.00118277     
2.39549        0.171934       0.00117015     
2.40177        0.166416       0.00115116     
2.40805        0.166034       0.00114973     
2.41433        0.160611       0.00113105     
2.42061        0.15874        0.00112452     
2.42689        0.152656       0.00110264     
2.43317        0.151255       0.0010974      
2.43945        0.147839       0.00108508     
2.44573        0.144017       0.00107063     
2.452          0.141102       0.00106006     
2.45828        0.137511       0.00104651     
2.46456        0.13384        0.0010321      
2.47084        0.132916       0.00102909     
2.47712        0.129158       0.0010141      
2.4834         0.126411       0.00100346     
2.48968        0.125463       0.000999383    
2.49596        0.122342       0.000987017    
2.50224        0.117699       0.000968204    
2.50852        0.117819       0.000968498    
2.5148         0.112874       0.000947915    
2.52107        0.111154       0.00094101     
2.52735        0.108343       0.000928853    
2.53363        0.106257       0.000919879    
2.53991        0.102426       0.000903101    
2.54619        0.102411       0.000903171    
2.55247        0.0994722      0.000890141    
2.55875        0.095873       0.000873696    
2.56503        0.0955226      0.000872246    
2.57131        0.0932771      0.000862168    
2.57759        0.0908962      0.000850593    
2.58387        0.0880853      0.000837575    
2.59015        0.0877509      0.000835758    
2.59642        0.0856726      0.000825962    
2.6027         0.0834031      0.000815039    
2.60898        0.080011       0.000797996    
2.61526        0.081715       0.000806523    
2.62154        0.079565       0.000795929    
2.62782        0.076364       0.00077985     
2.6341         0.0738875      0.000767114    
2.64038        0.073569       0.000765295    
2.64666        0.0713872      0.000753785    
2.65294        0.0703361      0.000748472    
2.65922        0.0689187      0.000740729    
2.66549        0.0668165      0.000729439    
2.67177        0.0641569      0.000714699    
2.67805        0.0649691      0.000719117    
2.68433        0.0615769      0.000700281    
2.69061        0.0618238      0.000701862    
2.69689        0.0610514      0.000697289    
2.70317        0.0590208      0.000685605    
2.70945        0.0583042      0.000681341    
2.71573        0.0548642      0.000661045    
2.72201        0.0561462      0.000668527    
2.72829        0.0542511      0.000657344    
2.73457        0.0518542      0.000642574    
2.74084        0.0505563      0.000634386    
2.74712        0.0500944      0.000631483    
2.7534         0.0490911      0.000625129    
2.75968        0.0481833      0.000619528    
2.76596        0.0479445      0.000617787    
2.77224        0.0451813      0.000599832    
2.77852        0.0444089      0.000594686    
2.7848         0.044194       0.000593245    
2.79108        0.0426969      0.000583117    
2.79736        0.0421953      0.000579684    
2.80364        0.0406027      0.000568869    
2.80992        0.0396153      0.000561581    
2.81619        0.0388588      0.000556195    
2.82247        0.0373937      0.000545611    
2.82875        0.0374733      0.000546191    
2.83503        0.0361913      0.000536887    
2.84131        0.0362311      0.000537182    
2.84759        0.0343439      0.000523257    
2.85387        0.0344076      0.000523378    
2.86015        0.0333167      0.000515139    
2.86643        0.0325841      0.000509447    
2.87271        0.031103       0.000497615    
2.87899        0.0317241      0.000502684    
2.88526        0.0318117      0.000503377    
2.89154        0.0297811      0.000486928    
2.89782        0.0291441      0.000481693    
2.9041         0.02873        0.00047826     
2.91038        0.0281886      0.000473732    
2.91666        0.0278223      0.000470645    
2.92294        0.0274002      0.000467198    
2.92922        0.0265004      0.000459607    
2.9355         0.0269145      0.000462905    
2.94178        0.0253936      0.000449637    
2.94806        0.0240399      0.00043749     
2.95434        0.0242868      0.000439731    
2.96061        0.0235223      0.000432756    
2.96689        0.0224712      0.000423128    
2.97317        0.0228375      0.000426411    
2.97945        0.0221129      0.000419592    
2.98573        0.0219536      0.000418079    
2.99201        0.0204725      0.000403732    
2.99829        0.0209185      0.000408104    
3.00457        0.0207433      0.000406548    
3.01085        0.0199151      0.000398198    
3.01713        0.0190392      0.000389344    
3.02341        0.0187128      0.000386156    
3.02969        0.0183385      0.000382113    
3.03596        0.0178607      0.000377103    
3.04224        0.0173033      0.000371173    
3.04852        0.0170326      0.000368258    
3.0548         0.0171122      0.000369118    
3.06108        0.0165787      0.000363319    
3.06736        0.0163876      0.000361219    
3.07364        0.0151932      0.000347807    
3.07992        0.0157585      0.000354219    
3.0862         0.0144367      0.000339039    
3.09248        0.0149702      0.000345429    
3.09876        0.014588       0.00034081     
3.10503        0.0142774      0.000337163    
3.11131        0.0134095      0.000326755    
3.11759        0.0136006      0.000329075    
3.12387        0.0132263      0.000324516    
3.13015        0.0129715      0.000321375    
3.13643        0.0128043      0.000319297    
