-2.994         0.0363167      0.000388958    
-2.982         0.0204083      0.00029169     
-2.97          0.0218583      0.000301749    
-2.958         0.0236542      0.000313897    
-2.946         0.0257542      0.00032753     
-2.934         0.027675       0.000339521    
-2.922         0.0296125      0.0003512      
-2.91          0.03195        0.000364841    
-2.898         0.0337         0.000374646    
-2.886         0.0366         0.000390471    
-2.874         0.0392125      0.000404286    
-2.862         0.0415458      0.000416209    
-2.85          0.0448917      0.000432415    
-2.838         0.0483208      0.00044873     
-2.826         0.050475       0.000458611    
-2.814         0.0554292      0.000480562    
-2.802         0.0589625      0.000495728    
-2.79          0.0624667      0.000510221    
-2.778         0.0671458      0.000528855    
-2.766         0.0708458      0.000543531    
-2.754         0.0752333      0.000559974    
-2.742         0.0815583      0.00058284     
-2.73          0.0852333      0.000596068    
-2.718         0.0918792      0.000618784    
-2.706         0.0959125      0.000632051    
-2.694         0.102529       0.000653605    
-2.682         0.108942       0.000673736    
-2.67          0.115608       0.000693941    
-2.658         0.121912       0.000712856    
-2.646         0.129346       0.000734124    
-2.634         0.137175       0.000755969    
-2.622         0.146742       0.000781847    
-2.61          0.153646       0.000800119    
-2.598         0.164825       0.000828714    
-2.586         0.1737         0.000850705    
-2.574         0.184196       0.000875826    
-2.562         0.193454       0.000897887    
-2.55          0.205558       0.000925566    
-2.538         0.215671       0.000947924    
-2.526         0.225954       0.000970234    
-2.514         0.238904       0.00099745     
-2.502         0.253892       0.0010284      
-2.49          0.267454       0.00105588     
-2.478         0.281108       0.00108234     
-2.466         0.29715        0.00111247     
-2.454         0.312467       0.00114111     
-2.442         0.326329       0.00116615     
-2.43          0.346938       0.00120262     
-2.418         0.36305        0.00122995     
-2.406         0.380979       0.00126004     
-2.394         0.400725       0.00129177     
-2.382         0.422217       0.00132644     
-2.37          0.442862       0.0013585      
-2.358         0.463321       0.0013895      
-2.346         0.489479       0.00142811     
-2.334         0.511938       0.00146067     
-2.322         0.536321       0.00149523     
-2.31          0.561017       0.00152856     
-2.298         0.586692       0.00156324     
-2.286         0.615938       0.00160156     
-2.274         0.644437       0.0016386      
-2.262         0.677408       0.00168073     
-2.25          0.7083         0.00171841     
-2.238         0.7422         0.00175841     
-2.226         0.773879       0.00179597     
-2.214         0.811517       0.00183848     
-2.202         0.844504       0.00187639     
-2.19          0.887563       0.00192267     
-2.178         0.924642       0.00196247     
-2.166         0.967258       0.00200792     
-2.154         1.00295        0.00204438     
-2.142         1.05187        0.00209393     
-2.13          1.09219        0.0021327      
-2.118         1.14156        0.00218083     
-2.106         1.19417        0.0022306      
-2.094         1.2418         0.00227493     
-2.082         1.29354        0.00232182     
-2.07          1.35052        0.00237185     
-2.058         1.40555        0.00242018     
-2.046         1.46413        0.00246926     
-2.034         1.52232        0.00251854     
-2.022         1.58576        0.00257071     
-2.01          1.64522        0.00261876     
-1.998         1.7168         0.00267431     
-1.986         1.78522        0.00272654     
-1.974         1.85255        0.00277772     
-1.962         1.92684        0.00283358     
-1.95          2.00598        0.0028909      
-1.938         2.07698        0.00294205     
-1.926         2.16306        0.0030027      
-1.914         2.24413        0.00305753     
-1.902         2.33293        0.00311783     
-1.89          2.41397        0.0031718      
-1.878         2.51028        0.0032336      
-1.866         2.59875        0.00329069     
-1.854         2.69629        0.00335149     
-1.842         2.78777        0.003408       
-1.83          2.89574        0.00347385     
-1.818         3.0052         0.00353913     
-1.806         3.10737        0.00359845     
-1.794         3.2164         0.00366053     
-1.782         3.33447        0.00372686     
-1.77          3.44778        0.00378969     
-1.758         3.56802        0.00385673     
-1.746         3.69397        0.00392341     
-1.734         3.82395        0.00399186     
-1.722         3.95834        0.0040615      
-1.71          4.09467        0.00413043     
-1.698         4.23389        0.00419935     
-1.686         4.3714         0.00426698     
-1.674         4.52782        0.00434467     
-1.662         4.67314        0.0044131      
-1.65          4.82235        0.00448216     
-1.638         4.97689        0.00455267     
-1.626         5.14623        0.00463076     
-1.614         5.30875        0.00470364     
-1.602         5.48767        0.00478089     
-1.59          5.66235        0.00485723     
-1.578         5.84802        0.00493653     
-1.566         6.03572        0.00501437     
-1.554         6.22323        0.00509187     
-1.542         6.41078        0.00516698     
-1.53          6.61025        0.00524777     
-1.518         6.8123         0.00532791     
-1.506         7.03507        0.00541363     
-1.494         7.23733        0.00549215     
-1.482         7.45381        0.00557346     
-1.47          7.67676        0.00565479     
-1.458         7.89849        0.00573637     
-1.446         8.13596        0.00582186     
-1.434         8.36016        0.00590183     
-1.422         8.62529        0.00599475     
-1.41          8.87107        0.00608061     
-1.398         9.12566        0.00616853     
-1.386         9.4            0.00625906     
-1.374         9.65529        0.0063434      
-1.362         9.92719        0.00643266     
-1.35          10.2115        0.00652305     
-1.338         10.5096        0.0066184      
-1.326         10.7964        0.00670702     
-1.314         11.0841        0.00679363     
-1.302         11.3917        0.00688835     
-1.29          11.6898        0.00698        
-1.278         11.9969        0.00707189     
-1.266         12.322         0.00716482     
-1.254         12.6454        0.00725944     
-1.242         12.991         0.00735509     
-1.23          13.3207        0.00745132     
-1.218         13.6756        0.00754774     
-1.206         14.0227        0.00764377     
-1.194         14.3854        0.007741       
-1.182         14.7511        0.00783984     
-1.17          15.1076        0.00793259     
-1.158         15.4824        0.00803166     
-1.146         15.8808        0.00813594     
-1.134         16.2629        0.00823228     
-1.122         16.6594        0.00833152     
-1.11          17.0723        0.00843471     
-1.098         17.4669        0.00853252     
-1.086         17.8826        0.00863292     
-1.074         18.3047        0.00873372     
-1.062         18.7372        0.00883338     
-1.05          19.1723        0.00893717     
-1.038         19.6379        0.00904327     
-1.026         20.0721        0.00914814     
-1.014         20.5091        0.00924676     
-1.002         20.9766        0.00934751     
-0.99          21.4584        0.00945653     
-0.978         21.9057        0.00955113     
-0.966         22.3885        0.00965733     
-0.954         22.8899        0.00976695     
-0.942         23.377         0.00986908     
-0.93          23.8724        0.00997436     
-0.918         24.3689        0.010078       
-0.906         24.8416        0.010174       
-0.894         25.3878        0.0102802      
-0.882         25.9042        0.0103886      
-0.87          26.4367        0.0104938      
-0.858         26.955         0.0105962      
-0.846         27.473         0.0107         
-0.834         28.006         0.0108022      
-0.822         28.5549        0.0109087      
-0.81          29.0756        0.0110085      
-0.798         29.6496        0.0111157      
-0.786         30.1951        0.0112159      
-0.774         30.7644        0.0113191      
-0.762         31.2871        0.0114172      
-0.75          31.8818        0.0115302      
-0.738         32.4106        0.0116229      
-0.726         32.9732        0.0117173      
-0.714         33.5678        0.0118264      
-0.702         34.1315        0.0119246      
-0.69          34.6777        0.0120187      
-0.678         35.2802        0.0121222      
-0.666         35.827         0.0122194      
-0.654         36.4109        0.0123197      
-0.642         36.9831        0.0124135      
-0.63          37.5691        0.0125092      
-0.618         38.1131        0.012603       
-0.606         38.7024        0.0127011      
-0.594         39.2631        0.0127901      
-0.582         39.8311        0.0128814      
-0.57          40.4245        0.0129765      
-0.558         40.9723        0.0130676      
-0.546         41.5524        0.013158       
-0.534         42.0818        0.0132412      
-0.522         42.6467        0.0133309      
-0.51          43.184         0.0134116      
-0.498         43.7239        0.0135003      
-0.486         44.3029        0.0135874      
-0.474         44.8396        0.0136713      
-0.462         45.3851        0.0137499      
-0.45          45.8976        0.0138306      
-0.438         46.3853        0.013902       
-0.426         46.9187        0.0139824      
-0.414         47.4216        0.0140537      
-0.402         47.9021        0.0141261      
-0.39          48.3904        0.0142021      
-0.378         48.8718        0.0142731      
-0.366         49.3441        0.0143417      
-0.354         49.7885        0.0144077      
-0.342         50.2434        0.0144693      
-0.33          50.6461        0.0145291      
-0.318         51.1134        0.0145954      
-0.306         51.5092        0.0146472      
-0.294         51.8952        0.0147101      
-0.282         52.3199        0.0147631      
-0.27          52.6853        0.0148162      
-0.258         53.0529        0.0148658      
-0.246         53.3599        0.0149117      
-0.234         53.7386        0.0149682      
-0.222         54.0433        0.0150051      
-0.21          54.3756        0.0150511      
-0.198         54.6627        0.0150964      
-0.186         54.9275        0.0151248      
-0.174         55.1892        0.0151647      
-0.162         55.3941        0.0151903      
-0.15          55.641         0.0152242      
-0.138         55.8785        0.015258       
-0.126         56.0567        0.0152843      
-0.114         56.249         0.0153094      
-0.102         56.4005        0.0153349      
-0.09          56.5435        0.0153492      
-0.078         56.6815        0.0153664      
-0.066         56.7837        0.0153798      
-0.054         56.8527        0.0153925      
-0.042         56.9243        0.0154         
-0.03          56.9808        0.0154061      
-0.018         57.0094        0.0154159      
-0.006         57.0628        0.0154221      
0.006          57.0567        0.0154195      
0.018          57.0636        0.0154207      
0.03           57.0072        0.0154116      
0.042          56.9061        0.0153998      
0.054          56.8512        0.0153898      
0.066          56.7989        0.0153864      
0.078          56.6323        0.0153619      
0.09           56.535         0.0153464      
0.102          56.4138        0.0153305      
0.114          56.255         0.0153074      
0.126          56.0863        0.0152871      
0.138          55.8891        0.0152592      
0.15           55.6451        0.0152246      
0.162          55.4091        0.0151966      
0.174          55.1856        0.0151667      
0.186          54.9084        0.0151278      
0.198          54.6581        0.0150853      
0.21           54.3521        0.0150491      
0.222          54.0395        0.0150082      
0.234          53.7291        0.0149635      
0.246          53.3863        0.0149134      
0.258          53.0615        0.0148754      
0.27           52.6532        0.0148176      
0.282          52.3171        0.0147577      
0.294          51.9201        0.014709       
0.306          51.5047        0.0146478      
0.318          51.0898        0.0145882      
0.33           50.6794        0.01453        
0.342          50.2283        0.0144665      
0.354          49.7795        0.014403       
0.366          49.3525        0.0143385      
0.378          48.8647        0.0142653      
0.39           48.372         0.0141978      
0.402          47.9197        0.0141294      
0.414          47.4285        0.0140565      
0.426          46.8943        0.0139778      
0.438          46.3777        0.0139017      
0.45           45.8627        0.0138254      
0.462          45.3514        0.013747       
0.474          44.831         0.0136685      
0.486          44.2582        0.0135828      
0.498          43.7265        0.0134961      
0.51           43.2156        0.0134184      
0.522          42.6486        0.0133287      
0.534          42.0933        0.0132444      
0.546          41.524         0.0131556      
0.558          40.9849        0.013067       
0.57           40.3924        0.012973       
0.582          39.861         0.0128894      
0.594          39.2765        0.0127922      
0.606          38.7133        0.0127029      
0.618          38.1294        0.012606       
0.63           37.5559        0.0125062      
0.642          36.9896        0.012413       
0.654          36.4264        0.0123237      
0.666          35.8307        0.0122181      
0.678          35.2558        0.0121214      
0.69           34.7029        0.0120257      
0.702          34.122         0.011922       
0.714          33.5747        0.0118304      
0.726          32.9757        0.0117207      
0.738          32.4233        0.0116216      
0.75           31.8527        0.0115209      
0.762          31.3123        0.0114213      
0.774          30.7615        0.0113188      
0.786          30.1954        0.0112168      
0.798          29.6506        0.0111176      
0.81           29.0955        0.0110138      
0.822          28.5394        0.0109062      
0.834          28.0191        0.0108016      
0.846          27.4716        0.0106943      
0.858          26.9327        0.0105914      
0.87           26.4063        0.0104876      
0.882          25.8752        0.0103821      
0.894          25.3919        0.010284       
0.906          24.8676        0.0101796      
0.918          24.3642        0.0100763      
0.93           23.8639        0.00997338     
0.942          23.3716        0.00986656     
0.954          22.8581        0.00975802     
0.966          22.4034        0.00966244     
0.978          21.9041        0.00955176     
0.99           21.4511        0.00945572     
1.002          20.973         0.009348       
1.014          20.5305        0.00924629     
1.026          20.075         0.00914726     
1.038          19.619         0.00904361     
1.05           19.1749        0.00893917     
1.062          18.7552        0.00883921     
1.074          18.3189        0.00873689     
1.086          17.9067        0.00863728     
1.098          17.4695        0.00853235     
1.11           17.075         0.00843323     
1.122          16.6624        0.00833432     
1.134          16.256         0.00823015     
1.146          15.8792        0.00813661     
1.158          15.4941        0.00803444     
1.17           15.111         0.00793445     
1.182          14.7384        0.0078379      
1.194          14.3689        0.00773594     
1.206          14.0279        0.007646       
1.218          13.6714        0.00754775     
1.23           13.3211        0.00745048     
1.242          12.9842        0.00735419     
1.254          12.6498        0.00725856     
1.266          12.3289        0.00716551     
1.278          12.0055        0.00707254     
1.29           11.6994        0.00698034     
1.302          11.3892        0.00688772     
1.314          11.0787        0.00679457     
1.326          10.7834        0.00670262     
1.338          10.4909        0.0066116      
1.35           10.2077        0.00652072     
1.362          9.92413        0.0064294      
1.374          9.66127        0.00634564     
1.386          9.38898        0.00625433     
1.398          9.13532        0.00617011     
1.41           8.87195        0.00608102     
1.422          8.62618        0.00599586     
1.434          8.37046        0.00590537     
1.446          8.13725        0.00582352     
1.458          7.89947        0.00573722     
1.47           7.67344        0.00565464     
1.482          7.45792        0.0055747      
1.494          7.23013        0.00548968     
1.506          7.021          0.00540623     
1.518          6.80387        0.00532476     
1.53           6.61477        0.00525098     
1.542          6.41198        0.00516918     
1.554          6.22152        0.00509228     
1.566          6.02419        0.00501041     
1.578          5.84697        0.00493474     
1.59           5.66112        0.00485761     
1.602          5.49097        0.00478201     
1.614          5.31376        0.00470428     
1.626          5.14674        0.00463063     
1.638          4.97835        0.00455553     
1.65           4.83462        0.00448858     
1.662          4.67356        0.00441202     
1.674          4.52037        0.00433987     
1.686          4.38456        0.00427369     
1.698          4.23621        0.00420107     
1.71           4.09478        0.00413125     
1.722          3.95988        0.00406219     
1.734          3.824          0.00399201     
1.746          3.69499        0.00392425     
1.758          3.5743         0.0038594      
1.77           3.45104        0.00379249     
1.782          3.33737        0.00373035     
1.794          3.21602        0.00365992     
1.806          3.11405        0.00360248     
1.818          2.99978        0.00353559     
1.83           2.89795        0.00347456     
1.842          2.79313        0.0034114      
1.854          2.69472        0.0033505      
1.866          2.59832        0.00329047     
1.878          2.50424        0.00323042     
1.89           2.41575        0.00317267     
1.902          2.32972        0.00311595     
1.914          2.23819        0.00305455     
1.926          2.15976        0.00300024     
1.938          2.07451        0.00293933     
1.95           2.00404        0.00289006     
1.962          1.92913        0.00283524     
1.974          1.85078        0.00277698     
1.986          1.7811         0.00272386     
1.998          1.71683        0.00267514     
2.01           1.65124        0.00262369     
2.022          1.5848         0.00257003     
2.034          1.52264        0.00251867     
2.046          1.46267        0.00246877     
2.058          1.40419        0.00241862     
2.07           1.35223        0.00237319     
2.082          1.29182        0.00232038     
2.094          1.24218        0.00227429     
2.106          1.19478        0.00223161     
2.118          1.13927        0.00217877     
2.13           1.09622        0.0021373      
2.142          1.04763        0.00208928     
2.154          1.00503        0.00204606     
2.166          0.965871       0.00200626     
2.178          0.923683       0.00196187     
2.19           0.883242       0.00191859     
2.202          0.846029       0.00187823     
2.214          0.807883       0.00183496     
2.226          0.7716         0.00179285     
2.238          0.742475       0.00175897     
2.25           0.707687       0.00171759     
2.262          0.673538       0.00167528     
2.274          0.651621       0.00164785     
2.286          0.618108       0.00160475     
2.298          0.5903         0.00156837     
2.31           0.5615         0.00152962     
2.322          0.535746       0.0014941      
2.334          0.511162       0.00145925     
2.346          0.488308       0.00142615     
2.358          0.464967       0.00139159     
2.37           0.443571       0.00135977     
2.382          0.423408       0.00132862     
2.394          0.402404       0.00129529     
2.406          0.380429       0.00125883     
2.418          0.364721       0.00123235     
2.43           0.344358       0.00119754     
2.442          0.329662       0.00117212     
2.454          0.312133       0.00114034     
2.466          0.297183       0.00111297     
2.478          0.278796       0.0010777      
2.49           0.268433       0.00105763     
2.502          0.252954       0.00102656     
2.514          0.240712       0.00100132     
2.526          0.227          0.00097259     
2.538          0.216837       0.000950526    
2.55           0.205225       0.000924575    
2.562          0.192979       0.000896809    
2.574          0.183329       0.000874029    
2.586          0.173771       0.000850797    
2.598          0.1626         0.000823229    
2.61           0.154133       0.000801188    
2.622          0.14775        0.000784719    
2.634          0.138625       0.000759942    
2.646          0.130025       0.000736043    
2.658          0.123483       0.000717225    
2.67           0.115804       0.000694652    
2.682          0.109988       0.000676774    
2.694          0.102813       0.000654532    
2.706          0.0962167      0.00063316     
2.718          0.0914208      0.000616961    
2.73           0.0859917      0.000598504    
2.742          0.0815458      0.000582944    
2.754          0.0749417      0.000558735    
2.766          0.0713667      0.00054517     
2.778          0.0660042      0.000524445    
2.79           0.0622625      0.000509286    
2.802          0.0587083      0.000494695    
2.814          0.0556417      0.000481517    
2.826          0.0511375      0.000461569    
2.838          0.0484042      0.000449078    
2.85           0.0443958      0.000430103    
2.862          0.0420042      0.000418453    
2.874          0.0380833      0.0003983      
2.886          0.0364         0.000389359    
2.898          0.0342333      0.000377736    
2.91           0.031525       0.000362503    
2.922          0.0293958      0.000349963    
2.934          0.0276708      0.000339648    
2.946          0.025425       0.000325431    
2.958          0.0241292      0.000317086    
2.97           0.0224208      0.000305663    
2.982          0.0207625      0.00029409     
2.994          0.0187458      0.000279446    
