p (GeV)        dN/dp          error          
0.00480892     0              0              
0.0144268      0              0              
0.0240446      0              0              
0.0336624      0              0              
0.0432803      0              0              
0.0528981      0              0              
0.062516       0              0              
0.0721338      0              0              
0.0817516      0              0              
0.0913695      0              0              
0.100987       0              0              
0.110605       0              0              
0.120223       0              0              
0.129841       0              0              
0.139459       0              0              
0.149077       0              0              
0.158694       0              0              
0.168312       0              0              
0.17793        0              0              
0.187548       0              0              
0.197166       0              0              
0.206784       0              0              
0.216401       0              0              
0.226019       0              0              
0.235637       0              0              
0.245255       0              0              
0.254873       0              0              
0.264491       0              0              
0.274108       5.19867e-06    5.19867e-06    
0.283726       0              0              
0.293344       0              0              
0.302962       0              0              
0.31258        0              0              
0.322198       0              0              
0.331815       5.19867e-06    5.19867e-06    
0.341433       0              0              
0.351051       0              0              
0.360669       5.19867e-06    5.19867e-06    
0.370287       5.19867e-06    5.19867e-06    
0.379905       0              0              
0.389523       0              0              
0.39914        0              0              
0.408758       0              0              
0.418376       0              0              
0.427994       0              0              
0.437612       0              0              
0.44723        0              0              
0.456847       0              0              
0.466465       0              0              
0.476083       0              0              
0.485701       0              0              
0.495319       0              0              
0.504937       1.03973e-05    7.35203e-06    
0.514554       5.19867e-06    5.19867e-06    
0.524172       0              0              
0.53379        5.19867e-06    5.19867e-06    
0.543408       0              0              
0.553026       0              0              
0.562644       0              0              
0.572261       0              0              
0.581879       0              0              
0.591497       0              0              
0.601115       5.19867e-06    5.19867e-06    
0.610733       5.19867e-06    5.19867e-06    
0.620351       5.19867e-06    5.19867e-06    
0.629969       0              0              
0.639586       0              0              
0.649204       5.19867e-06    5.19867e-06    
0.658822       5.19867e-06    5.19867e-06    
0.66844        0              0              
0.678058       1.03973e-05    7.35203e-06    
0.687676       0              0              
0.697293       0              0              
0.706911       0              0              
0.716529       0              0              
0.726147       0              0              
0.735765       0              0              
0.745383       5.19867e-06    5.19867e-06    
0.755          0              0              
0.764618       5.19867e-06    5.19867e-06    
0.774236       0              0              
0.783854       0              0              
0.793472       5.19867e-06    5.19867e-06    
0.80309        5.19867e-06    5.19867e-06    
0.812707       0              0              
0.822325       0              0              
0.831943       2.07947e-05    1.03973e-05    
0.841561       0              0              
0.851179       0              0              
0.860797       5.19867e-06    5.19867e-06    
0.870415       1.03973e-05    7.35203e-06    
0.880032       5.19867e-06    5.19867e-06    
0.88965        5.19867e-06    5.19867e-06    
0.899268       5.19867e-06    5.19867e-06    
0.908886       1.03973e-05    7.35203e-06    
0.918504       5.19867e-06    5.19867e-06    
0.928122       5.19867e-06    5.19867e-06    
0.937739       5.19867e-06    5.19867e-06    
0.947357       5.19867e-06    5.19867e-06    
0.956975       1.03973e-05    7.35203e-06    
0.966593       5.19867e-06    5.19867e-06    
0.976211       1.03973e-05    7.35203e-06    
0.985829       0              0              
0.995446       5.19867e-06    5.19867e-06    
1.00506        5.19867e-06    5.19867e-06    
1.01468        1.03973e-05    7.35203e-06    
1.0243         5.19867e-06    5.19867e-06    
1.03392        1.03973e-05    7.35203e-06    
1.04354        5.19867e-06    5.19867e-06    
1.05315        1.03973e-05    7.35203e-06    
1.06277        5.19867e-06    5.19867e-06    
1.07239        1.5596e-05     9.00436e-06    
1.08201        5.19867e-06    5.19867e-06    
1.09162        1.03973e-05    7.35203e-06    
1.10124        1.5596e-05     9.00436e-06    
1.11086        5.19867e-06    5.19867e-06    
1.12048        5.19867e-06    5.19867e-06    
1.1301         5.19867e-06    5.19867e-06    
1.13971        1.03973e-05    7.35203e-06    
1.14933        1.5596e-05     9.00436e-06    
1.15895        2.07947e-05    1.03973e-05    
1.16857        1.03973e-05    7.35203e-06    
1.17819        5.19867e-06    5.19867e-06    
1.1878         1.5596e-05     9.00436e-06    
1.19742        5.19867e-06    5.19867e-06    
1.20704        5.19867e-06    5.19867e-06    
1.21666        0              0              
1.22627        0              0              
1.23589        1.03973e-05    7.35203e-06    
1.24551        5.19867e-06    5.19867e-06    
1.25513        2.07947e-05    1.03973e-05    
1.26475        1.03973e-05    7.35203e-06    
1.27436        1.03973e-05    7.35203e-06    
1.28398        0              0              
1.2936         0              0              
1.30322        1.03973e-05    7.35203e-06    
1.31284        1.03973e-05    7.35203e-06    
1.32245        5.19867e-06    5.19867e-06    
1.33207        1.5596e-05     9.00436e-06    
1.34169        1.03973e-05    7.35203e-06    
1.35131        5.19867e-06    5.19867e-06    
1.36092        0              0              
1.37054        5.19867e-06    5.19867e-06    
1.38016        2.07947e-05    1.03973e-05    
1.38978        5.19867e-06    5.19867e-06    
1.3994         5.19867e-06    5.19867e-06    
1.40901        2.07947e-05    1.03973e-05    
1.41863        5.19867e-06    5.19867e-06    
1.42825        2.07947e-05    1.03973e-05    
1.43787        5.19867e-06    5.19867e-06    
1.44748        0              0              
1.4571         2.07947e-05    1.03973e-05    
1.46672        2.07947e-05    1.03973e-05    
1.47634        1.5596e-05     9.00436e-06    
1.48596        5.19867e-06    5.19867e-06    
1.49557        0              0              
1.50519        0              0              
1.51481        1.5596e-05     9.00436e-06    
1.52443        5.19867e-06    5.19867e-06    
1.53405        2.07947e-05    1.03973e-05    
1.54366        0              0              
1.55328        5.19867e-06    5.19867e-06    
1.5629         1.5596e-05     9.00436e-06    
1.57252        5.19867e-06    5.19867e-06    
1.58213        1.5596e-05     9.00436e-06    
1.59175        2.07947e-05    1.03973e-05    
1.60137        1.5596e-05     9.00436e-06    
1.61099        5.19867e-06    5.19867e-06    
1.62061        0              0              
1.63022        0              0              
1.63984        2.07947e-05    1.03973e-05    
1.64946        1.03973e-05    7.35203e-06    
1.65908        1.03973e-05    7.35203e-06    
1.6687         2.07947e-05    1.03973e-05    
1.67831        5.19867e-06    5.19867e-06    
1.68793        1.5596e-05     9.00436e-06    
1.69755        1.03973e-05    7.35203e-06    
1.70717        1.5596e-05     9.00436e-06    
1.71678        5.19867e-06    5.19867e-06    
1.7264         1.03973e-05    7.35203e-06    
1.73602        5.19867e-06    5.19867e-06    
1.74564        5.19867e-06    5.19867e-06    
1.75526        1.03973e-05    7.35203e-06    
1.76487        1.03973e-05    7.35203e-06    
1.77449        1.03973e-05    7.35203e-06    
1.78411        2.07947e-05    1.03973e-05    
1.79373        1.03973e-05    7.35203e-06    
1.80335        5.19867e-06    5.19867e-06    
1.81296        0              0              
1.82258        0              0              
1.8322         1.5596e-05     9.00436e-06    
1.84182        1.03973e-05    7.35203e-06    
1.85143        5.19867e-06    5.19867e-06    
1.86105        0              0              
1.87067        5.19867e-06    5.19867e-06    
1.88029        1.03973e-05    7.35203e-06    
1.88991        2.07947e-05    1.03973e-05    
1.89952        2.07947e-05    1.03973e-05    
1.90914        1.5596e-05     9.00436e-06    
1.91876        2.07947e-05    1.03973e-05    
1.92838        2.59934e-05    1.16246e-05    
1.93799        1.03973e-05    7.35203e-06    
1.94761        5.19867e-06    5.19867e-06    
1.95723        5.19867e-06    5.19867e-06    
1.96685        2.07947e-05    1.03973e-05    
1.97647        2.07947e-05    1.03973e-05    
1.98608        0              0              
1.9957         2.07947e-05    1.03973e-05    
2.00532        1.03973e-05    7.35203e-06    
2.01494        5.19867e-06    5.19867e-06    
2.02456        2.59934e-05    1.16246e-05    
2.03417        1.5596e-05     9.00436e-06    
2.04379        1.03973e-05    7.35203e-06    
2.05341        5.19867e-06    5.19867e-06    
2.06303        1.03973e-05    7.35203e-06    
2.07264        5.19867e-06    5.19867e-06    
2.08226        0              0              
2.09188        1.5596e-05     9.00436e-06    
2.1015         1.03973e-05    7.35203e-06    
2.11112        2.07947e-05    1.03973e-05    
2.12073        1.5596e-05     9.00436e-06    
2.13035        2.59934e-05    1.16246e-05    
2.13997        0              0              
2.14959        5.19867e-06    5.19867e-06    
2.15921        5.19867e-06    5.19867e-06    
2.16882        5.19867e-06    5.19867e-06    
2.17844        1.5596e-05     9.00436e-06    
2.18806        5.19867e-06    5.19867e-06    
2.19768        5.19867e-06    5.19867e-06    
2.20729        2.07947e-05    1.03973e-05    
2.21691        5.19867e-06    5.19867e-06    
2.22653        5.19867e-06    5.19867e-06    
2.23615        5.19867e-06    5.19867e-06    
2.24577        0              0              
2.25538        0              0              
2.265          2.07947e-05    1.03973e-05    
2.27462        1.03973e-05    7.35203e-06    
2.28424        0              0              
2.29385        5.19867e-06    5.19867e-06    
2.30347        5.19867e-06    5.19867e-06    
2.31309        1.03973e-05    7.35203e-06    
2.32271        1.5596e-05     9.00436e-06    
2.33233        1.03973e-05    7.35203e-06    
2.34194        0              0              
2.35156        1.5596e-05     9.00436e-06    
2.36118        5.19867e-06    5.19867e-06    
2.3708         1.5596e-05     9.00436e-06    
2.38042        1.03973e-05    7.35203e-06    
2.39003        1.03973e-05    7.35203e-06    
2.39965        5.19867e-06    5.19867e-06    
2.40927        1.5596e-05     9.00436e-06    
2.41889        0              0              
2.4285         1.5596e-05     9.00436e-06    
2.43812        1.03973e-05    7.35203e-06    
2.44774        0              0              
2.45736        1.5596e-05     9.00436e-06    
2.46698        1.03973e-05    7.35203e-06    
2.47659        1.03973e-05    7.35203e-06    
2.48621        1.03973e-05    7.35203e-06    
2.49583        0              0              
2.50545        5.19867e-06    5.19867e-06    
2.51507        0              0              
2.52468        5.19867e-06    5.19867e-06    
2.5343         0              0              
2.54392        5.19867e-06    5.19867e-06    
2.55354        1.03973e-05    7.35203e-06    
2.56315        5.19867e-06    5.19867e-06    
2.57277        5.19867e-06    5.19867e-06    
2.58239        1.03973e-05    7.35203e-06    
2.59201        1.03973e-05    7.35203e-06    
2.60163        0              0              
2.61124        2.59934e-05    1.16246e-05    
2.62086        0              0              
2.63048        2.07947e-05    1.03973e-05    
2.6401         5.19867e-06    5.19867e-06    
2.64971        5.19867e-06    5.19867e-06    
2.65933        0              0              
2.66895        1.03973e-05    7.35203e-06    
2.67857        5.19867e-06    5.19867e-06    
2.68819        1.03973e-05    7.35203e-06    
2.6978         0              0              
2.70742        1.03973e-05    7.35203e-06    
2.71704        1.5596e-05     9.00436e-06    
2.72666        0              0              
2.73628        5.19867e-06    5.19867e-06    
2.74589        1.03973e-05    7.35203e-06    
2.75551        1.03973e-05    7.35203e-06    
2.76513        0              0              
2.77475        1.03973e-05    7.35203e-06    
2.78436        0              0              
2.79398        5.19867e-06    5.19867e-06    
2.8036         1.5596e-05     9.00436e-06    
2.81322        5.19867e-06    5.19867e-06    
2.82284        5.19867e-06    5.19867e-06    
2.83245        0              0              
2.84207        1.03973e-05    7.35203e-06    
2.85169        0              0              
2.86131        1.03973e-05    7.35203e-06    
2.87093        5.19867e-06    5.19867e-06    
2.88054        0              0              
2.89016        5.19867e-06    5.19867e-06    
2.89978        0              0              
2.9094         5.19867e-06    5.19867e-06    
2.91901        0              0              
2.92863        1.03973e-05    7.35203e-06    
2.93825        0              0              
2.94787        1.03973e-05    7.35203e-06    
2.95749        0              0              
2.9671         5.19867e-06    5.19867e-06    
2.97672        0              0              
2.98634        1.5596e-05     9.00436e-06    
2.99596        5.19867e-06    5.19867e-06    
3.00558        1.5596e-05     9.00436e-06    
3.01519        2.59934e-05    1.16246e-05    
3.02481        0              0              
3.03443        0              0              
3.04405        0              0              
3.05366        5.19867e-06    5.19867e-06    
3.06328        0              0              
3.0729         0              0              
3.08252        0              0              
3.09214        0              0              
3.10175        0              0              
3.11137        5.19867e-06    5.19867e-06    
3.12099        0              0              
3.13061        5.19867e-06    5.19867e-06    
3.14022        5.19867e-06    5.19867e-06    
3.14984        5.19867e-06    5.19867e-06    
3.15946        5.19867e-06    5.19867e-06    
3.16908        0              0              
3.1787         0              0              
3.18831        1.5596e-05     9.00436e-06    
3.19793        0              0              
3.20755        0              0              
3.21717        1.03973e-05    7.35203e-06    
3.22679        1.5596e-05     9.00436e-06    
3.2364         0              0              
3.24602        0              0              
3.25564        5.19867e-06    5.19867e-06    
3.26526        5.19867e-06    5.19867e-06    
3.27487        0              0              
3.28449        0              0              
3.29411        5.19867e-06    5.19867e-06    
3.30373        0              0              
3.31335        0              0              
3.32296        5.19867e-06    5.19867e-06    
3.33258        0              0              
3.3422         1.03973e-05    7.35203e-06    
3.35182        5.19867e-06    5.19867e-06    
3.36144        0              0              
3.37105        5.19867e-06    5.19867e-06    
3.38067        5.19867e-06    5.19867e-06    
3.39029        0              0              
3.39991        5.19867e-06    5.19867e-06    
3.40952        0              0              
3.41914        0              0              
3.42876        0              0              
3.43838        0              0              
3.448          0              0              
3.45761        0              0              
3.46723        0              0              
3.47685        0              0              
3.48647        0              0              
3.49608        5.19867e-06    5.19867e-06    
3.5057         1.03973e-05    7.35203e-06    
3.51532        0              0              
3.52494        1.03973e-05    7.35203e-06    
3.53456        0              0              
3.54417        0              0              
3.55379        0              0              
3.56341        0              0              
3.57303        1.03973e-05    7.35203e-06    
3.58265        0              0              
3.59226        5.19867e-06    5.19867e-06    
3.60188        0              0              
3.6115         0              0              
3.62112        0              0              
3.63073        0              0              
3.64035        0              0              
3.64997        0              0              
3.65959        0              0              
3.66921        5.19867e-06    5.19867e-06    
3.67882        5.19867e-06    5.19867e-06    
3.68844        0              0              
3.69806        5.19867e-06    5.19867e-06    
3.70768        0              0              
3.7173         0              0              
3.72691        5.19867e-06    5.19867e-06    
3.73653        0              0              
3.74615        0              0              
3.75577        0              0              
3.76538        0              0              
3.775          0              0              
3.78462        0              0              
3.79424        0              0              
3.80386        0              0              
3.81347        5.19867e-06    5.19867e-06    
3.82309        5.19867e-06    5.19867e-06    
3.83271        0              0              
3.84233        0              0              
3.85194        0              0              
3.86156        0              0              
3.87118        0              0              
3.8808         5.19867e-06    5.19867e-06    
3.89042        5.19867e-06    5.19867e-06    
3.90003        0              0              
3.90965        0              0              
3.91927        0              0              
3.92889        0              0              
3.93851        0              0              
3.94812        0              0              
3.95774        0              0              
3.96736        0              0              
3.97698        0              0              
3.98659        0              0              
3.99621        0              0              
4.00583        0              0              
4.01545        0              0              
4.02507        0              0              
4.03468        0              0              
4.0443         0              0              
4.05392        0              0              
4.06354        0              0              
4.07316        0              0              
4.08277        5.19867e-06    5.19867e-06    
4.09239        5.19867e-06    5.19867e-06    
4.10201        0              0              
4.11163        0              0              
4.12124        0              0              
4.13086        0              0              
4.14048        0              0              
4.1501         0              0              
4.15972        0              0              
4.16933        0              0              
4.17895        0              0              
4.18857        0              0              
4.19819        0              0              
4.20781        0              0              
4.21742        0              0              
4.22704        0              0              
4.23666        0              0              
4.24628        0              0              
4.25589        0              0              
4.26551        0              0              
4.27513        0              0              
4.28475        0              0              
4.29437        0              0              
4.30398        0              0              
4.3136         0              0              
4.32322        0              0              
4.33284        0              0              
4.34245        0              0              
4.35207        0              0              
4.36169        0              0              
4.37131        0              0              
4.38093        0              0              
4.39054        0              0              
4.40016        0              0              
4.40978        0              0              
4.4194         5.19867e-06    5.19867e-06    
4.42902        0              0              
4.43863        0              0              
4.44825        0              0              
4.45787        0              0              
4.46749        0              0              
4.4771         0              0              
4.48672        0              0              
4.49634        0              0              
4.50596        0              0              
4.51558        0              0              
4.52519        0              0              
4.53481        0              0              
4.54443        0              0              
4.55405        0              0              
4.56367        0              0              
4.57328        0              0              
4.5829         0              0              
4.59252        0              0              
4.60214        0              0              
4.61175        0              0              
4.62137        0              0              
4.63099        0              0              
4.64061        0              0              
4.65023        0              0              
4.65984        0              0              
4.66946        0              0              
4.67908        0              0              
4.6887         5.19867e-06    5.19867e-06    
4.69831        0              0              
4.70793        0              0              
4.71755        0              0              
4.72717        0              0              
4.73679        0              0              
4.7464         0              0              
4.75602        0              0              
4.76564        0              0              
4.77526        0              0              
4.78488        0              0              
4.79449        0              0              
4.80411        1.03973e-05    7.35203e-06    
