p (GeV)        dN/dp          error          
0.00293956     5.95326e-05    2.25012e-05    
0.00881869     0.000858971    8.54706e-05    
0.0146978      0.00225373     0.000138445    
0.020577       0.00410775     0.000186907    
0.0264561      0.00738204     0.000250557    
0.0323352      0.0113027      0.000310031    
0.0382143      0.015453       0.000362506    
0.0440935      0.0197053      0.00040935     
0.0499726      0.026475       0.000474474    
0.0558517      0.0329726      0.000529906    
0.0617309      0.0386452      0.000573353    
0.06761        0.0481789      0.000640475    
0.0734891      0.0558246      0.000689027    
0.0793683      0.0635468      0.000735012    
0.0852474      0.07388        0.000792497    
0.0911265      0.0834562      0.000842613    
0.0970056      0.0943167      0.000895773    
0.102885       0.105577       0.000947737    
0.108764       0.119006       0.00100568     
0.114643       0.133506       0.00106555     
0.120522       0.143057       0.00110282     
0.126401       0.159803       0.00116561     
0.13228        0.17364        0.00121537     
0.13816        0.190862       0.00127408     
0.144039       0.206161       0.0013241      
0.149918       0.218145       0.00136221     
0.155797       0.236336       0.00141761     
0.161676       0.253082       0.00146679     
0.167555       0.272778       0.00152323     
0.173434       0.290451       0.00157154     
0.179313       0.310139       0.00162438     
0.185193       0.330381       0.00167659     
0.191072       0.348793       0.00172219     
0.196951       0.366823       0.00176608     
0.20283        0.387864       0.00181618     
0.208709       0.408215       0.00186355     
0.214588       0.432062       0.00191681     
0.220467       0.451419       0.00195988     
0.226347       0.472136       0.00200416     
0.232226       0.493823       0.00204947     
0.238105       0.513341       0.00208889     
0.243984       0.543873       0.00215051     
0.249863       0.560304       0.00218265     
0.255742       0.585461       0.00223168     
0.261621       0.604741       0.00226789     
0.2675         0.631794       0.00231823     
0.27338        0.653175       0.00235638     
0.279259       0.677549       0.00239989     
0.285138       0.702553       0.00244394     
0.291017       0.725439       0.00248384     
0.296896       0.750927       0.00252768     
0.302775       0.772274       0.00256293     
0.308654       0.797006       0.00260383     
0.314533       0.820053       0.00264145     
0.320413       0.841357       0.00267549     
0.326292       0.865842       0.00271361     
0.332171       0.896272       0.00276116     
0.33805        0.919388       0.002796       
0.343929       0.940615       0.00282767     
0.349808       0.962081       0.00286111     
0.355687       0.987391       0.00289731     
0.361566       1.01404        0.00293654     
0.367446       1.04092        0.00297501     
0.373325       1.06377        0.00300801     
0.379204       1.08126        0.00303235     
0.385083       1.103          0.00306381     
0.390962       1.12706        0.00309634     
0.396841       1.1493         0.00312646     
0.40272        1.17679        0.00316317     
0.4086         1.1985         0.00319334     
0.414479       1.22128        0.00322245     
0.420358       1.24688        0.00325537     
0.426237       1.26744        0.00328325     
0.432116       1.28962        0.00331151     
0.437995       1.31319        0.00334156     
0.443874       1.33009        0.00336336     
0.449753       1.35089        0.00338985     
0.455633       1.37895        0.00342441     
0.461512       1.38751        0.00343502     
0.467391       1.41137        0.00346454     
0.47327        1.42879        0.00348431     
0.479149       1.4551         0.00351875     
0.485028       1.47134        0.00353793     
0.490907       1.48663        0.00355615     
0.496786       1.5093         0.0035823      
0.502666       1.52729        0.00360409     
0.508545       1.54715        0.00362805     
0.514424       1.55874        0.00364078     
0.520303       1.5818         0.00366777     
0.526182       1.59347        0.00368153     
0.532061       1.60984        0.00370018     
0.53794        1.61785        0.00371        
0.54382        1.64427        0.00373896     
0.549699       1.6594         0.00375679     
0.555578       1.6631         0.00376008     
0.561457       1.68353        0.00378381     
0.567336       1.69722        0.00379913     
0.573215       1.71573        0.00381939     
0.579094       1.72564        0.0038319      
0.584973       1.73867        0.0038454      
0.590853       1.7512         0.00385976     
0.596732       1.76425        0.0038731      
0.602611       1.77244        0.00388284     
0.60849        1.78087        0.00389016     
0.614369       1.79146        0.00390266     
0.620248       1.80246        0.00391571     
0.626127       1.81396        0.00392729     
0.632006       1.81801        0.00393139     
0.637886       1.83133        0.00394561     
0.643765       1.84072        0.00395737     
0.649644       1.84376        0.00396009     
0.655523       1.85256        0.00396918     
0.661402       1.86259        0.00397987     
0.667281       1.86936        0.00398817     
0.67316        1.87211        0.00399043     
0.67904        1.8793         0.00399787     
0.684919       1.87942        0.00399742     
0.690798       1.89815        0.00401709     
0.696677       1.89406        0.00401366     
0.702556       1.89997        0.00401935     
0.708435       1.89829        0.00401839     
0.714314       1.90762        0.00402813     
0.720193       1.91004        0.00403044     
0.726073       1.9083         0.00402808     
0.731952       1.91171        0.00403255     
0.737831       1.91375        0.00403426     
0.74371        1.91537        0.00403463     
0.749589       1.91123        0.00403011     
0.755468       1.91768        0.00403854     
0.761347       1.91505        0.00403565     
0.767226       1.91552        0.00403596     
0.773106       1.91219        0.00403216     
0.778985       1.91814        0.00403915     
0.784864       1.92208        0.0040436      
0.790743       1.91384        0.00403481     
0.796622       1.91742        0.0040371      
0.802501       1.91394        0.00403526     
0.80838        1.90336        0.0040244      
0.81426        1.90976        0.0040291      
0.820139       1.90514        0.00402478     
0.826018       1.89712        0.00401746     
0.831897       1.88877        0.00400755     
0.837776       1.8967         0.00401525     
0.843655       1.88544        0.00400514     
0.849534       1.88171        0.00400115     
0.855413       1.88058        0.00399815     
0.861293       1.87837        0.00399653     
0.867172       1.8727         0.00399095     
0.873051       1.86173        0.00397884     
0.87893        1.85709        0.00397452     
0.884809       1.8514         0.00396881     
0.890688       1.84678        0.00396497     
0.896567       1.83639        0.00395191     
0.902446       1.82146        0.00393558     
0.908326       1.83083        0.00394577     
0.914205       1.81914        0.00393301     
0.920084       1.80872        0.00392214     
0.925963       1.79994        0.00391239     
0.931842       1.78752        0.00389829     
0.937721       1.79125        0.00390367     
0.9436         1.78119        0.00389274     
0.949479       1.77311        0.0038833      
0.955359       1.76049        0.00386939     
0.961238       1.75608        0.00386451     
0.967117       1.75019        0.00385846     
0.972996       1.73621        0.00384309     
0.978875       1.72642        0.0038313      
0.984754       1.71465        0.00381957     
0.990633       1.70885        0.00381206     
0.996513       1.70039        0.00380353     
1.00239        1.69311        0.00379489     
1.00827        1.67532        0.00377505     
1.01415        1.66579        0.00376458     
1.02003        1.65604        0.00375239     
1.02591        1.64387        0.00373841     
1.03179        1.64013        0.00373425     
1.03767        1.62644        0.00371941     
1.04355        1.62032        0.00371256     
1.04942        1.60654        0.00369628     
1.0553         1.5965         0.00368487     
1.06118        1.59012        0.00367797     
1.06706        1.57528        0.00366024     
1.07294        1.55629        0.00363815     
1.07882        1.55321        0.00363488     
1.0847         1.5432         0.00362256     
1.09058        1.52929        0.00360581     
1.09646        1.52086        0.0035971      
1.10234        1.51363        0.00358833     
1.10822        1.49572        0.00356785     
1.1141         1.49001        0.00355999     
1.11997        1.47035        0.00353632     
1.12585        1.45917        0.0035225      
1.13173        1.4532         0.00351656     
1.13761        1.44129        0.00350106     
1.14349        1.42483        0.00348049     
1.14937        1.41169        0.00346429     
1.15525        1.40176        0.00345353     
1.16113        1.38885        0.00343685     
1.16701        1.38038        0.00342692     
1.17289        1.36353        0.00340494     
1.17877        1.36005        0.00340069     
1.18464        1.34129        0.00337806     
1.19052        1.33336        0.00336773     
1.1964         1.32045        0.00335117     
1.20228        1.30914        0.00333744     
1.20816        1.30028        0.00332456     
1.21404        1.29104        0.00331324     
1.21992        1.27264        0.00328921     
1.2258         1.26236        0.00327637     
1.23168        1.2523         0.00326296     
1.23756        1.23568        0.00324096     
1.24344        1.23196        0.00323622     
1.24932        1.21364        0.00321301     
1.25519        1.1986         0.00319184     
1.26107        1.18624        0.00317722     
1.26695        1.18366        0.00317243     
1.27283        1.16489        0.00314655     
1.27871        1.1532         0.00313125     
1.28459        1.14046        0.00311434     
1.29047        1.13504        0.00310657     
1.29635        1.12601        0.00309493     
1.30223        1.10792        0.0030699      
1.30811        1.09911        0.00305757     
1.31399        1.08901        0.00304252     
1.31986        1.07189        0.00301979     
1.32574        1.06096        0.00300306     
1.33162        1.05117        0.0029895      
1.3375         1.03934        0.00297327     
1.34338        1.03139        0.00296273     
1.34926        1.02251        0.00294883     
1.35514        1.00867        0.00292882     
1.36102        1.00138        0.00291899     
1.3669         0.989007       0.0029011      
1.37278        0.974991       0.00287971     
1.37866        0.965636       0.00286542     
1.38454        0.952615       0.00284584     
1.39041        0.941491       0.00282987     
1.39629        0.930852       0.00281327     
1.40217        0.922033       0.00280057     
1.40805        0.914234       0.00278865     
1.41393        0.902965       0.00277191     
1.41981        0.894069       0.00275775     
1.42569        0.884714       0.00274314     
1.43157        0.870146       0.0027203      
1.43745        0.866089       0.00271423     
1.44333        0.856623       0.00269938     
1.44921        0.841706       0.00267534     
1.45508        0.835778       0.00266559     
1.46096        0.822562       0.00264514     
1.46684        0.816184       0.00263467     
1.47272        0.804711       0.00261579     
1.4786         0.791265       0.00259416     
1.48448        0.789913       0.00259222     
1.49036        0.777411       0.00257153     
1.49624        0.766236       0.00255276     
1.50212        0.753436       0.00253214     
1.508          0.745008       0.00251727     
1.51388        0.735594       0.00250151     
1.51976        0.73027        0.00249197     
1.52563        0.720004       0.00247454     
1.53151        0.711934       0.00246078     
1.53739        0.702111       0.0024436      
1.54327        0.694006       0.00242951     
1.54915        0.687865       0.00241858     
1.55503        0.674828       0.00239577     
1.56091        0.667871       0.00238273     
1.56679        0.656645       0.00236353     
1.57267        0.651346       0.00235353     
1.57855        0.644177       0.00234051     
1.58443        0.633027       0.0023201      
1.5903         0.623153       0.00230223     
1.59618        0.617141       0.00229118     
1.60206        0.609903       0.00227783     
1.60794        0.601296       0.00226147     
1.61382        0.594518       0.00224926     
1.6197         0.591423       0.00224241     
1.62558        0.576548       0.00221403     
1.63146        0.572168       0.00220562     
1.63734        0.564803       0.00219177     
1.64322        0.557378       0.00217698     
1.6491         0.550762       0.00216447     
1.65498        0.543074       0.00214958     
1.66085        0.530249       0.00212347     
1.66673        0.522773       0.00210871     
1.67261        0.520332       0.00210412     
1.67849        0.516343       0.00209547     
1.68437        0.506912       0.00207636     
1.69025        0.499878       0.00206136     
1.69613        0.492488       0.00204679     
1.70201        0.481347       0.00202357     
1.70789        0.480887       0.00202243     
1.71377        0.474517       0.00200896     
1.71965        0.466225       0.00199197     
1.72552        0.459592       0.00197704     
1.7314         0.454157       0.00196545     
1.73728        0.448145       0.00195258     
1.74316        0.441332       0.00193698     
1.74904        0.434086       0.00192195     
1.75492        0.429052       0.00191031     
1.7608         0.423558       0.00189772     
1.76668        0.417706       0.0018849      
1.77256        0.414041       0.00187723     
1.77844        0.405689       0.00185726     
1.78432        0.401973       0.00184916     
1.7902         0.39499        0.00183259     
1.79607        0.387039       0.00181409     
1.80195        0.386112       0.00181193     
1.80783        0.379155       0.00179544     
1.81371        0.376051       0.00178827     
1.81959        0.365309       0.00176266     
1.82547        0.363277       0.00175698     
1.83135        0.357561       0.00174411     
1.83723        0.34989        0.00172497     
1.84311        0.346795       0.00171735     
1.84899        0.338426       0.00169659     
1.85487        0.338715       0.00169748     
1.86074        0.333638       0.00168437     
1.86662        0.326349       0.00166564     
1.8725         0.322888       0.00165725     
1.87838        0.316424       0.00164073     
1.88426        0.311942       0.0016285      
1.89014        0.310156       0.00162429     
1.89602        0.302842       0.0016046      
1.9019         0.301388       0.00160116     
1.90778        0.294508       0.00158262     
1.91366        0.289507       0.00156894     
1.91954        0.284591       0.00155584     
1.92542        0.280866       0.00154538     
1.93129        0.279982       0.00154337     
1.93717        0.273289       0.00152441     
1.94305        0.269147       0.00151275     
1.94893        0.265941       0.00150393     
1.95481        0.260149       0.00148781     
1.96069        0.257402       0.00147933     
1.96657        0.25582        0.00147479     
1.97245        0.248208       0.00145274     
1.97833        0.247792       0.00145202     
1.98421        0.243505       0.00143935     
1.99009        0.237943       0.00142241     
1.99596        0.23546        0.00141499     
2.00184        0.230179       0.00139928     
2.00772        0.229498       0.00139701     
2.0136         0.225484       0.00138477     
2.01948        0.222839       0.0013767      
2.02536        0.217252       0.00135932     
2.03124        0.212004       0.00134279     
2.03712        0.212081       0.00134276     
2.043          0.207675       0.00132899     
2.04888        0.207088       0.00132706     
2.05476        0.201297       0.00130836     
2.06064        0.19923        0.00130148     
2.06651        0.195539       0.00128984     
2.07239        0.19377        0.00128361     
2.07827        0.190419       0.00127294     
2.08415        0.18985        0.00127053     
2.09003        0.181838       0.00124366     
2.09591        0.183292       0.00124891     
2.10179        0.177994       0.00123036     
2.10767        0.174881       0.00121975     
2.11355        0.173546       0.00121516     
2.11943        0.170952       0.00120565     
2.12531        0.166606       0.00119019     
2.13118        0.163528       0.0011791      
2.13706        0.160645       0.00116923     
2.14294        0.161112       0.00117068     
2.14882        0.155355       0.00114943     
2.1547         0.153628       0.00114297     
2.16058        0.149886       0.00112905     
2.16646        0.152021       0.00113705     
2.17234        0.14759        0.00112052     
2.17822        0.146467       0.00111619     
2.1841         0.141373       0.00109658     
2.18998        0.1398         0.00109054     
2.19586        0.136296       0.00107708     
2.20173        0.135428       0.00107305     
2.20761        0.135496       0.00107365     
2.21349        0.132919       0.00106335     
2.21937        0.127298       0.00104073     
2.22525        0.127281       0.00104045     
2.23113        0.124389       0.00102851     
2.23701        0.12387        0.00102672     
2.24289        0.120673       0.00101305     
2.24877        0.119907       0.00100977     
2.25465        0.118257       0.00100266     
2.26053        0.116446       0.000994886    
2.2664         0.113869       0.000983972    
2.27228        0.113894       0.000984009    
2.27816        0.110416       0.000968732    
2.28404        0.10806        0.000959178    
2.28992        0.105237       0.000945906    
2.2958         0.105832       0.000948651    
2.30168        0.103034       0.000936272    
2.30756        0.102056       0.000931748    
2.31344        0.100559       0.000924899    
2.31932        0.09953        0.000919847    
2.3252         0.0969446      0.00090791     
2.33108        0.0957029      0.000902323    
2.33695        0.0936533      0.00089246     
2.34283        0.0919269      0.000884123    
2.34871        0.0916887      0.000882978    
2.35459        0.0888397      0.000869081    
2.36047        0.0872663      0.000861272    
2.36635        0.0867135      0.000858878    
2.37223        0.0848085      0.000849063    
2.37811        0.0828694      0.000839391    
2.38399        0.0814661      0.000832606    
2.38987        0.0791188      0.000820366    
2.39575        0.0791103      0.00082041     
2.40162        0.0782769      0.000815994    
2.4075         0.075734       0.000802555    
2.41338        0.0756149      0.000801924    
2.41926        0.0742287      0.000794637    
2.42514        0.0734377      0.000790488    
2.43102        0.0725277      0.000785306    
2.4369         0.070359       0.00077339     
2.44278        0.0688197      0.000764981    
2.44866        0.0681563      0.000761383    
2.45454        0.0655539      0.000746718    
2.46042        0.0659281      0.000748748    
2.4663         0.0644228      0.000740156    
2.47217        0.0621776      0.000727152    
2.47805        0.0608423      0.000719408    
2.48393        0.0613611      0.000722766    
2.48981        0.0597112      0.000712594    
2.49569        0.0586907      0.000706379    
2.50157        0.0588778      0.000707504    
2.50745        0.0576701      0.000700213    
2.51333        0.0561393      0.000690965    
2.51921        0.0549656      0.000684026    
2.52509        0.0553738      0.000686663    
2.53097        0.0540301      0.000677976    
2.53684        0.0534603      0.000674395    
2.54272        0.0507388      0.000656911    
2.5486         0.051079       0.000659108    
2.55448        0.0500924      0.000652605    
2.56036        0.0500499      0.000652439    
2.56624        0.0483915      0.000641433    
2.57212        0.0480939      0.000639458    
2.578          0.0475581      0.000635887    
2.58388        0.0448621      0.000617605    
2.58976        0.0454319      0.000621747    
2.59564        0.0439691      0.000611429    
2.60152        0.0436969      0.000609534    
2.60739        0.0425743      0.000601656    
2.61327        0.042821       0.000603395    
2.61915        0.0412391      0.000592148    
2.62503        0.0405842      0.000587552    
2.63091        0.0397423      0.000581678    
2.63679        0.0393851      0.000578937    
2.64267        0.0396402      0.000580683    
2.64855        0.0381009      0.000569431    
2.65443        0.0372504      0.00056279     
2.66031        0.0376161      0.000565545    
2.66619        0.0359662      0.000553006    
2.67206        0.0350647      0.000546033    
2.67794        0.0349967      0.000545503    
2.68382        0.0345119      0.000541713    
2.6897         0.0345544      0.000542313    
2.69558        0.0328025      0.000528129    
2.70146        0.0330151      0.000529837    
2.70734        0.0321816      0.000523108    
2.71322        0.0313397      0.000516221    
2.7191         0.0315693      0.000518108    
2.72498        0.0305572      0.000509737    
2.73086        0.030149       0.000506465    
2.73674        0.0299619      0.000504748    
2.74261        0.0293241      0.000499348    
2.74849        0.0285416      0.000492642    
2.75437        0.0274105      0.000482783    
2.76025        0.0277337      0.00048562     
2.76613        0.0266111      0.000475692    
2.77201        0.0266536      0.000476224    
2.77789        0.0256671      0.00046718     
2.78377        0.0256671      0.00046718     
2.78965        0.0251908      0.000462826    
2.79553        0.02548        0.000465629    
2.80141        0.0236685      0.000448625    
2.80728        0.0233623      0.000445714    
2.81316        0.0232007      0.00044417     
2.81904        0.0233708      0.000445795    
2.82492        0.0232943      0.000445227    
2.8308         0.0217209      0.000429942    
2.83668        0.0211596      0.000424185    
2.84256        0.0210831      0.000423417    
2.84844        0.0212616      0.000425376    
2.85432        0.0198244      0.000410585    
2.8602         0.0197733      0.000410056    
2.86608        0.0192801      0.00040491     
2.87196        0.0203772      0.000416269    
2.87783        0.0188548      0.00040042     
2.88371        0.0188548      0.00040042     
2.88959        0.0188038      0.000400059    
2.89547        0.0184806      0.000396427    
2.90135        0.0182935      0.000394415    
2.90723        0.0176727      0.000387852    
2.91311        0.0169498      0.000379655    
2.91899        0.0173495      0.000384105    
2.92487        0.0167202      0.000377075    
2.93075        0.0161418      0.000370497    
2.93663        0.0164565      0.00037409     
