pT (GeV)       dN/dpt         error          
0.00487561     8.2041e-05     2.05102e-05    
0.0146268      0.000266633    3.69753e-05    
0.024378       0.000502501    5.07602e-05    
0.0341293      0.000661456    5.82377e-05    
0.0438805      0.000887068    6.74423e-05    
0.0536317      0.000984492    7.10493e-05    
0.0633829      0.00129727     8.15584e-05    
0.0731341      0.00148699     8.73186e-05    
0.0828854      0.00173824     9.44077e-05    
0.0926366      0.00205103     0.00010255     
0.102388       0.00217921     0.000105706    
0.112139       0.00220998     0.00010645     
0.12189        0.00260993     0.000115682    
0.131641       0.00259967     0.000115454    
0.141393       0.00308167     0.000125702    
0.151144       0.00312781     0.00012664     
0.160895       0.00324062     0.000128903    
0.170646       0.00365083     0.000136818    
0.180398       0.0036457      0.000136722    
0.190149       0.00389182     0.000141261    
0.1999         0.00434817     0.000149314    
0.209651       0.00449687     0.000151845    
0.219402       0.00464557     0.000154335    
0.229154       0.004502       0.000151932    
0.238905       0.00477889     0.000156534    
0.248656       0.00500963     0.000160268    
0.258407       0.0052096      0.000163436    
0.268159       0.00557879     0.000169127    
0.27791        0.00581978     0.000172741    
0.287661       0.00608642     0.000176654    
0.297412       0.00591208     0.000174106    
0.307163       0.00596848     0.000174934    
0.316915       0.00601463     0.000175609    
0.326666       0.00656328     0.000183443    
0.336417       0.006753       0.000186076    
0.346168       0.00696323     0.00018895     
0.35592        0.00691708     0.000188323    
0.365671       0.00744522     0.000195379    
0.375422       0.00747599     0.000195917    
0.385173       0.00735293     0.000194165    
0.394924       0.00790158     0.000201278    
0.404676       0.00815283     0.000204452    
0.414427       0.0081477      0.000204388    
0.424178       0.00846048     0.000208274    
0.433929       0.00880915     0.000212522    
0.443681       0.00886556     0.000213201    
0.453432       0.00868097     0.00021097     
0.463183       0.00894247     0.000214124    
0.472934       0.00887068     0.000213263    
0.482685       0.00936806     0.00021916     
0.492437       0.00945523     0.000220177    
0.502188       0.00926551     0.000217957    
0.511939       0.00931166     0.000218499    
0.52169        0.00973212     0.000223377    
0.531441       0.00982954     0.000224492    
0.541193       0.0101987      0.000228669    
0.550944       0.0102449      0.000229185    
0.560695       0.0104654      0.000231638    
0.570446       0.0108653      0.000236023    
0.580198       0.0109525      0.000236967    
0.589949       0.0105525      0.000232601    
0.5997         0.0108294      0.000235632    
0.609451       0.0114806      0.000242613    
0.619202       0.011055       0.000238074    
0.628954       0.0113063      0.000240764    
0.638705       0.0110345      0.000237853    
0.648456       0.0114088      0.000241853    
0.658207       0.0118139      0.000246109    
0.667959       0.0116857      0.00024477     
0.67771        0.0117831      0.000245788    
0.687461       0.0117421      0.00024536     
0.697212       0.0112755      0.000240436    
0.706963       0.0118601      0.000246589    
0.716715       0.0120908      0.000248976    
0.726466       0.0118601      0.000246696    
0.736217       0.0124651      0.0002528      
0.745968       0.0123574      0.000251706    
0.75572        0.0124907      0.00025306     
0.765471       0.0124754      0.000252904    
0.775222       0.0127933      0.000256106    
0.784973       0.0122549      0.000250659    
0.794724       0.0125369      0.000253527    
0.804476       0.013347       0.000261589    
0.814227       0.0122344      0.00025045     
0.823978       0.0125061      0.000253216    
0.833729       0.0130496      0.000258659    
0.843481       0.0126548      0.000254716    
0.853232       0.012942       0.00025759     
0.862983       0.0128702      0.000256874    
0.872734       0.0132342      0.000260482    
0.882485       0.01266        0.000254768    
0.892237       0.0127164      0.000255335    
0.901988       0.0131214      0.000259369    
0.911739       0.0124446      0.000252592    
0.92149        0.0132394      0.000260633    
0.931242       0.0129009      0.000257283    
0.940993       0.012742       0.000255592    
0.950744       0.0130343      0.000258506    
0.960495       0.0129061      0.000257232    
0.970246       0.0136752      0.000264785    
0.979998       0.0134393      0.000262592    
0.989749       0.0132804      0.000261036    
0.9995         0.0132445      0.000260582    
1.00925        0.0129625      0.000257794    
1.019          0.0129881      0.000258048    
1.02875        0.0131419      0.000259572    
1.0385         0.0128702      0.000256874    
1.04826        0.0127523      0.000255695    
1.05801        0.0129625      0.000257896    
1.06776        0.0126907      0.000255077    
1.07751        0.0125574      0.000253838    
1.08726        0.01266        0.000254871    
1.09701        0.012742       0.000255592    
1.10676        0.0125215      0.000253371    
1.11651        0.013347       0.00026169     
1.12627        0.0125882      0.000254045    
1.13602        0.012301       0.000251236    
1.14577        0.0122703      0.000250921    
1.15552        0.0126497      0.000254665    
1.16527        0.0122395      0.000250502    
1.17502        0.0123318      0.000251445    
1.18477        0.0119062      0.000247068    
1.19452        0.0120754      0.000248818    
1.20428        0.0122344      0.00025045     
1.21403        0.0126856      0.000255026    
1.22378        0.0122651      0.000250764    
1.23353        0.0121164      0.00024924     
1.24328        0.0119062      0.000247068    
1.25303        0.0113422      0.000241146    
1.26278        0.0120446      0.0002485      
1.27253        0.0116088      0.000243963    
1.28229        0.0116344      0.000244233    
1.29204        0.0113678      0.000241418    
1.30179        0.0114857      0.000242667    
1.31154        0.0114704      0.000242504    
1.32129        0.0113473      0.0002412      
1.33104        0.0112858      0.000240545    
1.34079        0.0113063      0.000240764    
1.35054        0.0110755      0.000238295    
1.3603         0.0108192      0.000235521    
1.37005        0.0110038      0.000237521    
1.3798         0.0107935      0.000235242    
1.38955        0.010573       0.000232827    
1.3993         0.0105782      0.000232883    
1.40905        0.0107115      0.000234458    
1.4188         0.0107986      0.000235298    
1.42855        0.0101064      0.000227632    
1.4383         0.0102961      0.000229873    
1.44806        0.00959367     0.000221783    
1.45781        0.00963469     0.000222256    
1.46756        0.00958854     0.000221723    
1.47731        0.00919885     0.000217171    
1.48706        0.00921936     0.000217413    
1.49681        0.00963982     0.000222434    
1.50656        0.00946548     0.000220296    
1.51631        0.00877326     0.000212089    
1.52607        0.00899375     0.000214737    
1.53582        0.00936806     0.00021916     
1.54557        0.00873224     0.000211592    
1.55532        0.00875788     0.000212027    
1.56507        0.00905015     0.000215409    
1.57482        0.00886043     0.00021314     
1.58457        0.00834767     0.000206881    
1.59432        0.00890658     0.000213694    
1.60408        0.00886043     0.00021314     
1.61383        0.00797849     0.000202255    
1.62358        0.00825538     0.000205734    
1.63333        0.00806566     0.000203357    
1.64308        0.00783492     0.000200427    
1.65283        0.0079067      0.000201343    
1.66258        0.00753239     0.00019652     
1.67233        0.00716321     0.000191644    
1.68209        0.00729652     0.000193419    
1.69184        0.00780928     0.000200099    
1.70159        0.0074606      0.000195581    
1.71134        0.00733754     0.000193961    
1.72109        0.00726576     0.00019301     
1.73084        0.0073478      0.000194097    
1.74059        0.00710168     0.000190819    
1.75034        0.00682991     0.000187132    
1.7601         0.00696836     0.000189019    
1.76985        0.00667609     0.000185013    
1.7796         0.00664019     0.000184515    
1.78935        0.00631716     0.000179971    
1.7991         0.00646586     0.000182077    
1.80885        0.00653252     0.000183013    
1.8186         0.00602489     0.000175759    
1.82835        0.00593772     0.000174483    
1.8381         0.00612744     0.000177248    
1.84786        0.0060095      0.000175534    
1.85761        0.0056916      0.000170829    
1.86736        0.00566083     0.000170366    
1.87711        0.00557879     0.000169127    
1.88686        0.00583517     0.000173122    
1.89661        0.00539932     0.000166385    
1.90636        0.00541471     0.000166622    
1.91611        0.00534805     0.000165593    
1.92587        0.00494297     0.000159199    
1.93562        0.00517884     0.000162952    
1.94537        0.00515833     0.000162629    
1.95512        0.00494297     0.000159199    
1.96487        0.00487119     0.000158038    
1.97462        0.00479427     0.000156786    
1.98437        0.00454815     0.000152709    
1.99412        0.00470198     0.000155269    
2.00388        0.00434305     0.000149226    
2.01363        0.00490195     0.000158537    
2.02338        0.00441996     0.000150541    
2.03313        0.00425075     0.000147632    
2.04288        0.0042046      0.000146828    
2.05263        0.00433279     0.000149049    
2.06238        0.00435843     0.00014949     
2.07213        0.00394822     0.000142281    
2.08189        0.00393284     0.000142004    
2.09164        0.0039431      0.000142189    
2.10139        0.00372261     0.000138157    
2.11114        0.00351238     0.000134199    
2.12089        0.00373287     0.000138347    
2.13064        0.00387644     0.000140982    
2.14039        0.00356878     0.000135272    
2.15014        0.00338932     0.000131827    
2.1599         0.00327139     0.000129513    
2.16965        0.00373799     0.000138442    
2.1794         0.00342008     0.000132424    
2.18915        0.00330215     0.000130121    
2.1989         0.0031073      0.000126224    
2.20865        0.00306116     0.000125283    
2.2184         0.00309705     0.000126015    
2.22815        0.00296373     0.000123273    
2.2379         0.00298424     0.000123699    
2.24766        0.00267146     0.000117037    
2.25741        0.00281503     0.000120141    
2.26716        0.00291246     0.000122202    
2.27691        0.00253814     0.00011408     
2.28666        0.00262531     0.000116022    
2.29641        0.00258429     0.000115112    
2.30616        0.00248174     0.000112805    
2.31591        0.00247149     0.000112572    
2.32567        0.00235355     0.000109853    
2.33542        0.00229715     0.000108529    
2.34517        0.00233304     0.000109373    
2.35492        0.00232791     0.000109253    
2.36467        0.00216383     0.000105333    
2.37442        0.00217921     0.000105706    
2.38417        0.0021023      0.000103824    
2.39392        0.00212281     0.000104329    
2.40368        0.00202026     0.000101778    
2.41343        0.00188182     9.82291e-05    
2.42318        0.00199975     0.00010126     
2.43293        0.00194335     9.98221e-05    
2.44268        0.00190233     9.87629e-05    
2.45243        0.00182541     9.67458e-05    
2.46218        0.00173824     9.44077e-05    
2.47193        0.00171773     9.3849e-05     
2.48169        0.00169722     9.32871e-05    
2.49144        0.00177414     9.53774e-05    
2.50119        0.00183054     9.68816e-05    
2.51094        0.00167671     9.27217e-05    
2.52069        0.00153827     8.88113e-05    
2.53044        0.00143572     8.58e-05       
2.54019        0.00143572     8.58e-05       
2.54994        0.00144597     8.61058e-05    
2.5597         0.00135368     8.33125e-05    
2.56945        0.00134855     8.31546e-05    
2.5792         0.00136393     8.36275e-05    
2.58895        0.00143059     8.56466e-05    
2.5987         0.00123062     7.94354e-05    
2.60845        0.00134342     8.29963e-05    
2.6182         0.00117934     7.77629e-05    
2.62795        0.00123062     7.94354e-05    
2.63771        0.00107679     7.43051e-05    
2.64746        0.0012101      7.87707e-05    
2.65721        0.00114345     7.65704e-05    
2.66696        0.00116396     7.72541e-05    
2.67671        0.00110755     7.53591e-05    
2.68646        0.00116396     7.72541e-05    
2.69621        0.000979365    7.0864e-05     
2.70596        0.00110243     7.51844e-05    
2.71571        0.000953727    6.99303e-05    
2.72547        0.000876813    6.70513e-05    
2.73522        0.000974237    7.06783e-05    
2.74497        0.000871686    6.6855e-05     
2.75472        0.000861431    6.64605e-05    
2.76447        0.00102551     7.25143e-05    
2.77422        0.000938344    6.93641e-05    
2.78397        0.000794772    6.38374e-05    
2.79372        0.000825538    6.50612e-05    
2.80348        0.000774262    6.30083e-05    
2.81323        0.000769135    6.27993e-05    
2.82298        0.000758879    6.23793e-05    
2.83273        0.000651201    5.77845e-05    
2.84248        0.000692221    5.95767e-05    
2.85223        0.000764007    6.25897e-05    
2.86198        0.000687094    5.93556e-05    
2.87173        0.000758879    6.23793e-05    
2.88149        0.000620435    5.6403e-05     
2.89124        0.000574287    5.42649e-05    
2.90099        0.000599925    5.54629e-05    
2.91074        0.000717859    6.06699e-05    
2.92049        0.000594797    5.52254e-05    
2.93024        0.000502501    5.07602e-05    
2.93999        0.00063069     5.68673e-05    
2.94974        0.00056916     5.40221e-05    
2.9595         0.000553777    5.32871e-05    
2.96925        0.000553777    5.32871e-05    
2.979          0.00058967     5.49868e-05    
2.98875        0.000620435    5.6403e-05     
2.9985         0.000497374    5.05005e-05    
3.00825        0.000558904    5.35332e-05    
3.018          0.000517884    5.15312e-05    
3.02775        0.00042046     4.6432e-05     
3.03751        0.000451226    4.81007e-05    
3.04726        0.00039995     4.52853e-05    
3.05701        0.000343547    4.19708e-05    
3.06676        0.000384567    4.44059e-05    
3.07651        0.000405078    4.55747e-05    
3.08626        0.000430715    4.69948e-05    
3.09601        0.000389695    4.4701e-05     
3.10576        0.000425588    4.67142e-05    
3.11551        0.000389695    4.4701e-05     
3.12527        0.000246123    3.55248e-05    
3.13502        0.000461481    4.86442e-05    
3.14477        0.000358929    4.29002e-05    
3.15452        0.000307654    3.97179e-05    
3.16427        0.000394822    4.49941e-05    
3.17402        0.000282016    3.8027e-05     
3.18377        0.000256378    3.62573e-05    
3.19352        0.000251251    3.58929e-05    
3.20328        0.000256378    3.62573e-05    
3.21303        0.000369185    4.35087e-05    
3.22278        0.000282016    3.8027e-05     
3.23253        0.000199975    3.20216e-05    
3.24228        0.000297399    3.90503e-05    
3.25203        0.000266633    3.69753e-05    
3.26178        0.000199975    3.20216e-05    
3.27153        0.000199975    3.20216e-05    
3.28129        0.000220485    3.36236e-05    
3.29104        0.000256378    3.62573e-05    
3.30079        0.00021023     3.28324e-05    
3.31054        0.000246123    3.55248e-05    
3.32029        0.000215358    3.32304e-05    
3.33004        0.000235868    3.47768e-05    
3.33979        0.000215358    3.32304e-05    
3.34954        0.000184592    3.07654e-05    
3.3593         0.000205103    3.24295e-05    
3.36905        0.000179465    3.0335e-05     
3.3788         0.00021023     3.28324e-05    
3.38855        0.000148699    2.76128e-05    
3.3983         0.00016921     2.94556e-05    
3.40805        0.00023074     3.43967e-05    
3.4178         0.000133317    2.61455e-05    
3.42755        0.000133317    2.61455e-05    
3.43731        0.000148699    2.76128e-05    
3.44706        0.000107679    2.34974e-05    
3.45681        0.000179465    3.0335e-05     
3.46656        0.000128189    2.56378e-05    
3.47631        0.000153827    2.80848e-05    
3.48606        0.000128189    2.56378e-05    
3.49581        0.000148699    2.76128e-05    
3.50556        0.000117934    2.45909e-05    
3.51531        0.000179465    3.0335e-05     
3.52507        0.000143572    2.71325e-05    
3.53482        0.000112806    2.40504e-05    
3.54457        9.22961e-05    2.17544e-05    
3.55432        0.000112806    2.40504e-05    
3.56407        0.000123062    2.51198e-05    
3.57382        0.000112806    2.40504e-05    
3.58357        6.66583e-05    1.84877e-05    
3.59332        0.000117934    2.45909e-05    
3.60308        9.22961e-05    2.17544e-05    
3.61283        8.2041e-05     2.05102e-05    
3.62258        0.000102551    2.29312e-05    
3.63233        0.000102551    2.29312e-05    
3.64208        8.71686e-05    2.11415e-05    
3.65183        8.71686e-05    2.11415e-05    
3.66158        7.17859e-05    1.91856e-05    
3.67133        9.74237e-05    2.23505e-05    
3.68109        8.71686e-05    2.11415e-05    
3.69084        8.71686e-05    2.11415e-05    
3.70059        6.15308e-05    1.77624e-05    
3.71034        8.71686e-05    2.11415e-05    
3.72009        6.66583e-05    1.84877e-05    
3.72984        8.2041e-05     2.05102e-05    
3.73959        6.15308e-05    1.77624e-05    
3.74934        7.17859e-05    1.91856e-05    
3.7591         4.10205e-05    1.45029e-05    
3.76885        7.17859e-05    1.91856e-05    
3.7786         5.64032e-05    1.70062e-05    
3.78835        4.61481e-05    1.53827e-05    
3.7981         2.56378e-05    1.14656e-05    
3.80785        3.58929e-05    1.35663e-05    
3.8176         5.12756e-05    1.62148e-05    
3.82735        5.12756e-05    1.62148e-05    
3.83711        3.07654e-05    1.25599e-05    
3.84686        2.56378e-05    1.14656e-05    
3.85661        4.61481e-05    1.53827e-05    
3.86636        3.07654e-05    1.25599e-05    
3.87611        2.05103e-05    1.02551e-05    
3.88586        3.58929e-05    1.35663e-05    
3.89561        6.15308e-05    1.77624e-05    
3.90536        4.10205e-05    1.45029e-05    
3.91511        3.07654e-05    1.25599e-05    
3.92487        3.58929e-05    1.35663e-05    
3.93462        4.61481e-05    1.53827e-05    
3.94437        4.10205e-05    1.45029e-05    
3.95412        2.05103e-05    1.02551e-05    
3.96387        4.10205e-05    1.45029e-05    
3.97362        2.56378e-05    1.14656e-05    
3.98337        5.12756e-05    1.62148e-05    
3.99312        3.58929e-05    1.35663e-05    
4.00288        3.07654e-05    1.25599e-05    
4.01263        4.10205e-05    1.45029e-05    
4.02238        4.10205e-05    1.45029e-05    
4.03213        1.53827e-05    8.8812e-06     
4.04188        2.56378e-05    1.14656e-05    
4.05163        1.02551e-05    7.25147e-06    
4.06138        3.58929e-05    1.35663e-05    
4.07113        2.56378e-05    1.14656e-05    
4.08089        3.07654e-05    1.25599e-05    
4.09064        3.58929e-05    1.35663e-05    
4.10039        2.56378e-05    1.14656e-05    
4.11014        3.07654e-05    1.25599e-05    
4.11989        1.53827e-05    8.8812e-06     
4.12964        2.05103e-05    1.02551e-05    
4.13939        3.07654e-05    1.25599e-05    
4.14914        3.58929e-05    1.35663e-05    
4.1589         3.58929e-05    1.35663e-05    
4.16865        1.53827e-05    8.8812e-06     
4.1784         1.02551e-05    7.25147e-06    
4.18815        2.05103e-05    1.02551e-05    
4.1979         1.53827e-05    8.8812e-06     
4.20765        1.02551e-05    7.25147e-06    
4.2174         5.12756e-06    5.12756e-06    
4.22715        5.12756e-06    5.12756e-06    
4.23691        5.12756e-06    5.12756e-06    
4.24666        2.05103e-05    1.02551e-05    
4.25641        2.05103e-05    1.02551e-05    
4.26616        2.05103e-05    1.02551e-05    
4.27591        1.02551e-05    7.25147e-06    
4.28566        1.53827e-05    8.8812e-06     
4.29541        2.56378e-05    1.14656e-05    
4.30516        1.53827e-05    8.8812e-06     
4.31491        1.02551e-05    7.25147e-06    
4.32467        3.07654e-05    1.25599e-05    
4.33442        5.12756e-06    5.12756e-06    
4.34417        5.12756e-06    5.12756e-06    
4.35392        1.53827e-05    8.8812e-06     
4.36367        1.02551e-05    7.25147e-06    
4.37342        0              0              
4.38317        1.02551e-05    7.25147e-06    
4.39292        5.12756e-06    5.12756e-06    
4.40268        0              0              
4.41243        5.12756e-06    5.12756e-06    
4.42218        1.53827e-05    8.8812e-06     
4.43193        2.05103e-05    1.02551e-05    
4.44168        1.02551e-05    7.25147e-06    
4.45143        5.12756e-06    5.12756e-06    
4.46118        1.02551e-05    7.25147e-06    
4.47093        5.12756e-06    5.12756e-06    
4.48069        5.12756e-06    5.12756e-06    
4.49044        0              0              
4.50019        5.12756e-06    5.12756e-06    
4.50994        5.12756e-06    5.12756e-06    
4.51969        5.12756e-06    5.12756e-06    
4.52944        5.12756e-06    5.12756e-06    
4.53919        0              0              
4.54894        1.53827e-05    8.8812e-06     
4.5587         0              0              
4.56845        1.53827e-05    8.8812e-06     
4.5782         0              0              
4.58795        0              0              
4.5977         5.12756e-06    5.12756e-06    
4.60745        5.12756e-06    5.12756e-06    
4.6172         0              0              
4.62695        1.53827e-05    8.8812e-06     
4.63671        0              0              
4.64646        5.12756e-06    5.12756e-06    
4.65621        5.12756e-06    5.12756e-06    
4.66596        1.02551e-05    7.25147e-06    
4.67571        0              0              
4.68546        0              0              
4.69521        0              0              
4.70496        5.12756e-06    5.12756e-06    
4.71471        0              0              
4.72447        5.12756e-06    5.12756e-06    
4.73422        0              0              
4.74397        0              0              
4.75372        1.02551e-05    7.25147e-06    
4.76347        0              0              
4.77322        0              0              
4.78297        0              0              
4.79272        5.12756e-06    5.12756e-06    
4.80248        1.02551e-05    7.25147e-06    
4.81223        0              0              
4.82198        5.12756e-06    5.12756e-06    
4.83173        0              0              
4.84148        0              0              
4.85123        0              0              
4.86098        0              0              
4.87073        0              0              
