y              dN/dy          error          
-2.994         0              0              
-2.982         0              0              
-2.97          0              0              
-2.958         0              0              
-2.946         0              0              
-2.934         0              0              
-2.922         0              0              
-2.91          0              0              
-2.898         0              0              
-2.886         0              0              
-2.874         0              0              
-2.862         0              0              
-2.85          0              0              
-2.838         0              0              
-2.826         0              0              
-2.814         0              0              
-2.802         0              0              
-2.79          0              0              
-2.778         0              0              
-2.766         0              0              
-2.754         0              0              
-2.742         0              0              
-2.73          0              0              
-2.718         0              0              
-2.706         0              0              
-2.694         0              0              
-2.682         0              0              
-2.67          0              0              
-2.658         0              0              
-2.646         0              0              
-2.634         0              0              
-2.622         0              0              
-2.61          0              0              
-2.598         0              0              
-2.586         0              0              
-2.574         0              0              
-2.562         0              0              
-2.55          0              0              
-2.538         0              0              
-2.526         0              0              
-2.514         0              0              
-2.502         0              0              
-2.49          0              0              
-2.478         0              0              
-2.466         0              0              
-2.454         0              0              
-2.442         0              0              
-2.43          0              0              
-2.418         0              0              
-2.406         0              0              
-2.394         0              0              
-2.382         0              0              
-2.37          0              0              
-2.358         0              0              
-2.346         0              0              
-2.334         0              0              
-2.322         0              0              
-2.31          0              0              
-2.298         0              0              
-2.286         0              0              
-2.274         0              0              
-2.262         0              0              
-2.25          0              0              
-2.238         0              0              
-2.226         0              0              
-2.214         0              0              
-2.202         0              0              
-2.19          0              0              
-2.178         0              0              
-2.166         0              0              
-2.154         0              0              
-2.142         0              0              
-2.13          0              0              
-2.118         0              0              
-2.106         0              0              
-2.094         0              0              
-2.082         0              0              
-2.07          0              0              
-2.058         0              0              
-2.046         0              0              
-2.034         0              0              
-2.022         0              0              
-2.01          0              0              
-1.998         0              0              
-1.986         0              0              
-1.974         0              0              
-1.962         0              0              
-1.95          0              0              
-1.938         0              0              
-1.926         0              0              
-1.914         0              0              
-1.902         0              0              
-1.89          0              0              
-1.878         0              0              
-1.866         0              0              
-1.854         0              0              
-1.842         0              0              
-1.83          0              0              
-1.818         0              0              
-1.806         0              0              
-1.794         0              0              
-1.782         0              0              
-1.77          0              0              
-1.758         0              0              
-1.746         0              0              
-1.734         0              0              
-1.722         0              0              
-1.71          0              0              
-1.698         0              0              
-1.686         0              0              
-1.674         0              0              
-1.662         0              0              
-1.65          0              0              
-1.638         0              0              
-1.626         0              0              
-1.614         0              0              
-1.602         0              0              
-1.59          0              0              
-1.578         0              0              
-1.566         0              0              
-1.554         0              0              
-1.542         0              0              
-1.53          0              0              
-1.518         0              0              
-1.506         0              0              
-1.494         0              0              
-1.482         4.16667e-06    4.16667e-06    
-1.47          0              0              
-1.458         0              0              
-1.446         4.16667e-06    4.16667e-06    
-1.434         8.33333e-06    5.89256e-06    
-1.422         0              0              
-1.41          0              0              
-1.398         4.16667e-06    4.16667e-06    
-1.386         1.25e-05       7.21688e-06    
-1.374         8.33333e-06    5.89256e-06    
-1.362         4.16667e-06    4.16667e-06    
-1.35          4.16667e-06    4.16667e-06    
-1.338         2.08333e-05    9.31695e-06    
-1.326         1.25e-05       7.21688e-06    
-1.314         1.25e-05       7.21688e-06    
-1.302         1.66667e-05    8.33333e-06    
-1.29          1.66667e-05    8.33333e-06    
-1.278         2.08333e-05    9.31695e-06    
-1.266         3.75e-05       1.25e-05       
-1.254         3.75e-05       1.25e-05       
-1.242         3.33333e-05    1.17851e-05    
-1.23          3.33333e-05    1.17851e-05    
-1.218         5.83333e-05    1.55902e-05    
-1.206         7.08333e-05    1.71796e-05    
-1.194         4.16667e-05    1.31762e-05    
-1.182         5.83333e-05    1.55902e-05    
-1.17          0.0001         2.04124e-05    
-1.158         8.33333e-05    1.86339e-05    
-1.146         0.0001125      2.16506e-05    
-1.134         0.0001         2.04124e-05    
-1.122         0.000133333    2.35702e-05    
-1.11          0.000125       2.28218e-05    
-1.098         0.000125       2.28218e-05    
-1.086         0.000216667    3.00462e-05    
-1.074         0.000141667    2.42956e-05    
-1.062         0.000245833    3.20047e-05    
-1.05          0.000258333    3.28083e-05    
-1.038         0.000220833    3.03338e-05    
-1.026         0.0002125      2.97559e-05    
-1.014         0.000354167    3.84147e-05    
-1.002         0.000358333    3.864e-05      
-0.99          0.00045        4.33012e-05    
-0.978         0.000479167    4.46824e-05    
-0.966         0.000416667    4.16666e-05    
-0.954         0.000558333    4.82325e-05    
-0.942         0.000520833    4.65846e-05    
-0.93          0.000641667    5.17068e-05    
-0.918         0.000625       5.10308e-05    
-0.906         0.000870833    6.02365e-05    
-0.894         0.000816667    5.8333e-05     
-0.882         0.000883333    6.06673e-05    
-0.87          0.000879167    6.0524e-05     
-0.858         0.00107917     6.70557e-05    
-0.846         0.00107083     6.67963e-05    
-0.834         0.0012625      7.25282e-05    
-0.822         0.00125        7.21682e-05    
-0.81          0.00127083     7.27672e-05    
-0.798         0.0014         7.63756e-05    
-0.786         0.00172917     8.48806e-05    
-0.774         0.00177083     8.58971e-05    
-0.762         0.0018375      8.7499e-05     
-0.75          0.0018375      8.7499e-05     
-0.738         0.00193333     8.97517e-05    
-0.726         0.0022         9.57414e-05    
-0.714         0.00234583     9.88637e-05    
-0.702         0.0022625      9.70919e-05    
-0.69          0.0024875      0.000101805    
-0.678         0.00261667     0.000104415    
-0.666         0.00276667     0.000107366    
-0.654         0.0029375      0.000110631    
-0.642         0.00309583     0.000113573    
-0.63          0.00326667     0.000116664    
-0.618         0.0035125      0.000120974    
-0.606         0.00380417     0.000125897    
-0.594         0.00395417     0.000128355    
-0.582         0.00404583     0.000129834    
-0.57          0.0041375      0.000131296    
-0.558         0.00422917     0.000132743    
-0.546         0.00435        0.000134626    
-0.534         0.00465417     0.000139253    
-0.522         0.00470417     0.000139999    
-0.51          0.00484167     0.00014203     
-0.498         0.00526667     0.000148132    
-0.486         0.00504583     0.000144993    
-0.474         0.00545417     0.000150746    
-0.462         0.00568333     0.00015388     
-0.45          0.00581667     0.000155674    
-0.438         0.0059         0.000156785    
-0.426         0.00615417     0.000160126    
-0.414         0.00628333     0.000161798    
-0.402         0.00679583     0.000168267    
-0.39          0.006875       0.000169244    
-0.378         0.0070375      0.000171232    
-0.366         0.00725        0.000173798    
-0.354         0.00751667     0.000176965    
-0.342         0.00735        0.000174992    
-0.33          0.00766667     0.000178722    
-0.318         0.00772083     0.000179449    
-0.306         0.00777917     0.000180028    
-0.294         0.00813333     0.00018408     
-0.282         0.00833333     0.00018633     
-0.27          0.0084875      0.000188045    
-0.258         0.00835417     0.000186562    
-0.246         0.00845833     0.000187814    
-0.234         0.00853333     0.000188552    
-0.222         0.00889167     0.00019247     
-0.21          0.00879167     0.000191385    
-0.198         0.00874583     0.000190885    
-0.186         0.00920833     0.000195867    
-0.174         0.00952083     0.000199162    
-0.162         0.00955833     0.000199554    
-0.15          0.00924583     0.000196265    
-0.138         0.00937917     0.000197675    
-0.126         0.00947917     0.000198813    
-0.114         0.00954583     0.000199424    
-0.102         0.00946667     0.000198595    
-0.09          0.00977917     0.000201846    
-0.078         0.00991667     0.00020326     
-0.066         0.0096875      0.000200898    
-0.054         0.0100292      0.000204409    
-0.042         0.0101625      0.000205763    
-0.03          0.00979167     0.000201975    
-0.018         0.00972917     0.000201329    
-0.006         0.00994583     0.000203558    
0.006          0.0097125      0.000201157    
0.018          0.00977083     0.00020176     
0.03           0.0098125      0.00020219     
0.042          0.01           0.000204112    
0.054          0.00989583     0.000203046    
0.066          0.00969583     0.000200984    
0.078          0.009925       0.000203345    
0.09           0.0096625      0.000200638    
0.102          0.00992083     0.000203388    
0.114          0.009875       0.000202832    
0.126          0.00982083     0.000202275    
0.138          0.00931667     0.000197015    
0.15           0.00934167     0.000197368    
0.162          0.00959583     0.000199945    
0.174          0.00943333     0.000198245    
0.186          0.00924167     0.000196309    
0.198          0.00950833     0.000199031    
0.21           0.00865417     0.000189882    
0.222          0.00900833     0.000193728    
0.234          0.00888333     0.00019247     
0.246          0.008475       0.000187907    
0.258          0.00865        0.000189837    
0.27           0.00836667     0.000186795    
0.282          0.00839167     0.000186981    
0.294          0.0082625      0.00018563     
0.306          0.008125       0.000183986    
0.318          0.0078125      0.000180414    
0.33           0.00767083     0.00017877     
0.342          0.0072625      0.000173948    
0.354          0.00732083     0.000174645    
0.366          0.0071875      0.000173047    
0.378          0.00665417     0.000166504    
0.39           0.0071375      0.000172444    
0.402          0.00665417     0.000166504    
0.414          0.00632083     0.00016228     
0.426          0.00619167     0.000160613    
0.438          0.00620417     0.000160776    
0.45           0.00582917     0.000155841    
0.462          0.00565833     0.000153541    
0.474          0.00550417     0.000151435    
0.486          0.0051875      0.000147014    
0.498          0.00502917     0.000144754    
0.51           0.00500833     0.000144453    
0.522          0.00464167     0.000139065    
0.534          0.00462083     0.000138753    
0.546          0.00452083     0.000137244    
0.558          0.00450417     0.00013699     
0.57           0.0042625      0.000133265    
0.582          0.00385417     0.000126721    
0.594          0.003975       0.000128692    
0.606          0.00353333     0.000121333    
0.618          0.00352083     0.000121118    
0.63           0.00319167     0.000115317    
0.642          0.0030375      0.000112498    
0.654          0.0029875      0.000111568    
0.666          0.00293333     0.000110552    
0.678          0.0027         0.000106064    
0.69           0.00240417     0.000100085    
0.702          0.00232917     9.85119e-05    
0.714          0.00234583     9.88637e-05    
0.726          0.0020125      9.15708e-05    
0.738          0.00187083     8.82891e-05    
0.75           0.00177083     8.58971e-05    
0.762          0.00189167     8.87793e-05    
0.774          0.00154583     8.02549e-05    
0.786          0.0016625      8.32283e-05    
0.798          0.001575       8.10085e-05    
0.81           0.00128333     7.31241e-05    
0.822          0.0012125      7.10775e-05    
0.834          0.0012125      7.10775e-05    
0.846          0.00109167     6.7443e-05     
0.858          0.001          6.45493e-05    
0.87           0.00101667     6.5085e-05     
0.882          0.000883333    6.06673e-05    
0.894          0.0009         6.12369e-05    
0.906          0.000825       5.86299e-05    
0.918          0.000616667    5.06895e-05    
0.93           0.000654167    5.2208e-05     
0.942          0.000629167    5.12007e-05    
0.954          0.00055        4.78712e-05    
0.966          0.000425       4.20812e-05    
0.978          0.000370833    3.93082e-05    
0.99           0.000391667    4.03972e-05    
1.002          0.0003125      3.60843e-05    
1.014          0.000316667    3.63241e-05    
1.026          0.000304167    3.56e-05       
1.038          0.000220833    3.03338e-05    
1.05           0.000204167    2.91666e-05    
1.062          0.000295833    3.51089e-05    
1.074          0.0002         2.88675e-05    
1.086          0.0001625      2.60208e-05    
1.098          0.0001625      2.60208e-05    
1.11           0.000166667    2.63523e-05    
1.122          0.00015        2.5e-05        
1.134          0.000166667    2.63523e-05    
1.146          0.000108333    2.12459e-05    
1.158          0.000104167    2.08333e-05    
1.17           9.16667e-05    1.95434e-05    
1.182          7.08333e-05    1.71796e-05    
1.194          6.25e-05       1.61374e-05    
1.206          5.41667e-05    1.50231e-05    
1.218          4.58333e-05    1.38193e-05    
1.23           2.91667e-05    1.1024e-05     
1.242          5.41667e-05    1.50231e-05    
1.254          3.75e-05       1.25e-05       
1.266          4.16667e-06    4.16667e-06    
1.278          2.08333e-05    9.31695e-06    
1.29           2.5e-05        1.02062e-05    
1.302          2.08333e-05    9.31695e-06    
1.314          1.66667e-05    8.33333e-06    
1.326          4.16667e-06    4.16667e-06    
1.338          8.33333e-06    5.89256e-06    
1.35           8.33333e-06    5.89256e-06    
1.362          4.16667e-06    4.16667e-06    
1.374          1.25e-05       7.21688e-06    
1.386          4.16667e-06    4.16667e-06    
1.398          0              0              
1.41           4.16667e-06    4.16667e-06    
1.422          4.16667e-06    4.16667e-06    
1.434          8.33333e-06    5.89256e-06    
1.446          0              0              
1.458          4.16667e-06    4.16667e-06    
1.47           0              0              
1.482          0              0              
1.494          4.16667e-06    4.16667e-06    
1.506          0              0              
1.518          0              0              
1.53           0              0              
1.542          0              0              
1.554          0              0              
1.566          0              0              
1.578          0              0              
1.59           0              0              
1.602          0              0              
1.614          0              0              
1.626          0              0              
1.638          0              0              
1.65           0              0              
1.662          0              0              
1.674          0              0              
1.686          0              0              
1.698          0              0              
1.71           0              0              
1.722          0              0              
1.734          0              0              
1.746          0              0              
1.758          0              0              
1.77           0              0              
1.782          0              0              
1.794          0              0              
1.806          0              0              
1.818          0              0              
1.83           0              0              
1.842          0              0              
1.854          0              0              
1.866          0              0              
1.878          0              0              
1.89           0              0              
1.902          0              0              
1.914          0              0              
1.926          0              0              
1.938          0              0              
1.95           0              0              
1.962          0              0              
1.974          0              0              
1.986          0              0              
1.998          0              0              
2.01           0              0              
2.022          0              0              
2.034          0              0              
2.046          0              0              
2.058          0              0              
2.07           0              0              
2.082          0              0              
2.094          0              0              
2.106          0              0              
2.118          0              0              
2.13           0              0              
2.142          0              0              
2.154          0              0              
2.166          0              0              
2.178          0              0              
2.19           0              0              
2.202          0              0              
2.214          0              0              
2.226          0              0              
2.238          0              0              
2.25           0              0              
2.262          0              0              
2.274          0              0              
2.286          0              0              
2.298          0              0              
2.31           0              0              
2.322          0              0              
2.334          0              0              
2.346          0              0              
2.358          0              0              
2.37           0              0              
2.382          0              0              
2.394          0              0              
2.406          0              0              
2.418          0              0              
2.43           0              0              
2.442          0              0              
2.454          0              0              
2.466          0              0              
2.478          0              0              
2.49           0              0              
2.502          0              0              
2.514          0              0              
2.526          0              0              
2.538          0              0              
2.55           0              0              
2.562          0              0              
2.574          0              0              
2.586          0              0              
2.598          0              0              
2.61           0              0              
2.622          0              0              
2.634          0              0              
2.646          0              0              
2.658          0              0              
2.67           0              0              
2.682          0              0              
2.694          0              0              
2.706          0              0              
2.718          0              0              
2.73           0              0              
2.742          0              0              
2.754          0              0              
2.766          0              0              
2.778          0              0              
2.79           0              0              
2.802          0              0              
2.814          0              0              
2.826          0              0              
2.838          0              0              
2.85           0              0              
2.862          0              0              
2.874          0              0              
2.886          0              0              
2.898          0              0              
2.91           0              0              
2.922          0              0              
2.934          0              0              
2.946          0              0              
2.958          0              0              
2.97           0              0              
2.982          0              0              
2.994          0              0              
