pT (GeV)       dN/dpt         error          
0.00580839     0              0              
0.0174252      0              0              
0.029042       0              0              
0.0406587      0              0              
0.0522755      4.30412e-06    4.30412e-06    
0.0638923      0              0              
0.0755091      0              0              
0.0871259      0              0              
0.0987426      4.30412e-06    4.30412e-06    
0.110359       0              0              
0.121976       0              0              
0.133593       4.30412e-06    4.30412e-06    
0.14521        0              0              
0.156827       0              0              
0.168443       0              0              
0.18006        4.30412e-06    4.30412e-06    
0.191677       0              0              
0.203294       0              0              
0.21491        0              0              
0.226527       0              0              
0.238144       0              0              
0.249761       0              0              
0.261378       4.30412e-06    4.30412e-06    
0.272994       8.60824e-06    6.08694e-06    
0.284611       0              0              
0.296228       8.60824e-06    6.08694e-06    
0.307845       4.30412e-06    4.30412e-06    
0.319461       0              0              
0.331078       4.30412e-06    4.30412e-06    
0.342695       4.30412e-06    4.30412e-06    
0.354312       4.30412e-06    4.30412e-06    
0.365929       4.30412e-06    4.30412e-06    
0.377545       4.30412e-06    4.30412e-06    
0.389162       8.60824e-06    6.08694e-06    
0.400779       0              0              
0.412396       1.29124e-05    7.45495e-06    
0.424012       0              0              
0.435629       4.30412e-06    4.30412e-06    
0.447246       4.30412e-06    4.30412e-06    
0.458863       4.30412e-06    4.30412e-06    
0.47048        4.30412e-06    4.30412e-06    
0.482096       4.30412e-06    4.30412e-06    
0.493713       1.72165e-05    8.60824e-06    
0.50533        0              0              
0.516947       4.30412e-06    4.30412e-06    
0.528563       2.58247e-05    1.05429e-05    
0.54018        8.60824e-06    6.08694e-06    
0.551797       0              0              
0.563414       1.72165e-05    8.60824e-06    
0.575031       0              0              
0.586647       4.30412e-06    4.30412e-06    
0.598264       8.60824e-06    6.08694e-06    
0.609881       8.60824e-06    6.08694e-06    
0.621498       0              0              
0.633115       4.30412e-06    4.30412e-06    
0.644731       4.30412e-06    4.30412e-06    
0.656348       4.30412e-06    4.30412e-06    
0.667965       4.30412e-06    4.30412e-06    
0.679582       4.30412e-06    4.30412e-06    
0.691198       1.29124e-05    7.45495e-06    
0.702815       4.30412e-06    4.30412e-06    
0.714432       1.29124e-05    7.45495e-06    
0.726049       1.29124e-05    7.45495e-06    
0.737666       4.30412e-06    4.30412e-06    
0.749282       0              0              
0.760899       1.29124e-05    7.45495e-06    
0.772516       8.60824e-06    6.08694e-06    
0.784133       8.60824e-06    6.08694e-06    
0.795749       0              0              
0.807366       2.15206e-05    9.6243e-06     
0.818983       4.30412e-06    4.30412e-06    
0.8306         4.30412e-06    4.30412e-06    
0.842217       0              0              
0.853833       4.30412e-06    4.30412e-06    
0.86545        8.60824e-06    6.08694e-06    
0.877067       1.72165e-05    8.60824e-06    
0.888684       1.72165e-05    8.60824e-06    
0.9003         1.72165e-05    8.60824e-06    
0.911917       1.72165e-05    8.60824e-06    
0.923534       4.30412e-06    4.30412e-06    
0.935151       1.29124e-05    7.45495e-06    
0.946768       1.29124e-05    7.45495e-06    
0.958384       1.72165e-05    8.60824e-06    
0.970001       8.60824e-06    6.08694e-06    
0.981618       1.29124e-05    7.45495e-06    
0.993235       1.72165e-05    8.60824e-06    
1.00485        8.60824e-06    6.08694e-06    
1.01647        8.60824e-06    6.08694e-06    
1.02809        0              0              
1.0397         1.72165e-05    8.60824e-06    
1.05132        1.29124e-05    7.45495e-06    
1.06294        8.60824e-06    6.08694e-06    
1.07455        1.29124e-05    7.45495e-06    
1.08617        2.58247e-05    1.05429e-05    
1.09779        8.60824e-06    6.08694e-06    
1.1094         1.29124e-05    7.45495e-06    
1.12102        1.29124e-05    7.45495e-06    
1.13264        8.60824e-06    6.08694e-06    
1.14425        2.15206e-05    9.6243e-06     
1.15587        1.29124e-05    7.45495e-06    
1.16749        4.30412e-06    4.30412e-06    
1.1791         1.72165e-05    8.60824e-06    
1.19072        1.29124e-05    7.45495e-06    
1.20234        4.30412e-06    4.30412e-06    
1.21395        1.29124e-05    7.45495e-06    
1.22557        2.58247e-05    1.05429e-05    
1.23719        8.60824e-06    6.08694e-06    
1.2488         4.30412e-06    4.30412e-06    
1.26042        4.30412e-06    4.30412e-06    
1.27204        1.29124e-05    7.45495e-06    
1.28365        2.58247e-05    1.05429e-05    
1.29527        8.60824e-06    6.08694e-06    
1.30689        1.29124e-05    7.45495e-06    
1.3185         8.60824e-06    6.08694e-06    
1.33012        1.29124e-05    7.45495e-06    
1.34174        1.29124e-05    7.45495e-06    
1.35335        1.72165e-05    8.60824e-06    
1.36497        4.30412e-06    4.30412e-06    
1.37659        1.29124e-05    7.45495e-06    
1.38821        1.29124e-05    7.45495e-06    
1.39982        3.01288e-05    1.13876e-05    
1.41144        4.30412e-06    4.30412e-06    
1.42306        1.29124e-05    7.45495e-06    
1.43467        8.60824e-06    6.08694e-06    
1.44629        1.29124e-05    7.45495e-06    
1.45791        2.15206e-05    9.6243e-06     
1.46952        2.15206e-05    9.6243e-06     
1.48114        8.60824e-06    6.08694e-06    
1.49276        8.60824e-06    6.08694e-06    
1.50437        4.30412e-06    4.30412e-06    
1.51599        3.01288e-05    1.13876e-05    
1.52761        8.60824e-06    6.08694e-06    
1.53922        1.29124e-05    7.45495e-06    
1.55084        4.30412e-06    4.30412e-06    
1.56246        4.30412e-06    4.30412e-06    
1.57407        1.29124e-05    7.45495e-06    
1.58569        8.60824e-06    6.08694e-06    
1.59731        4.30412e-06    4.30412e-06    
1.60892        1.72165e-05    8.60824e-06    
1.62054        8.60824e-06    6.08694e-06    
1.63216        8.60824e-06    6.08694e-06    
1.64377        1.29124e-05    7.45495e-06    
1.65539        1.29124e-05    7.45495e-06    
1.66701        1.29124e-05    7.45495e-06    
1.67862        1.29124e-05    7.45495e-06    
1.69024        2.15206e-05    9.6243e-06     
1.70186        1.29124e-05    7.45495e-06    
1.71348        4.30412e-06    4.30412e-06    
1.72509        1.72165e-05    8.60824e-06    
1.73671        4.30412e-06    4.30412e-06    
1.74833        8.60824e-06    6.08694e-06    
1.75994        4.30412e-06    4.30412e-06    
1.77156        3.01288e-05    1.13876e-05    
1.78318        2.58247e-05    1.05429e-05    
1.79479        8.60824e-06    6.08694e-06    
1.80641        8.60824e-06    6.08694e-06    
1.81803        4.30412e-06    4.30412e-06    
1.82964        1.29124e-05    7.45495e-06    
1.84126        1.29124e-05    7.45495e-06    
1.85288        8.60824e-06    6.08694e-06    
1.86449        2.15206e-05    9.6243e-06     
1.87611        1.29124e-05    7.45495e-06    
1.88773        8.60824e-06    6.08694e-06    
1.89934        8.60824e-06    6.08694e-06    
1.91096        2.15206e-05    9.6243e-06     
1.92258        1.29124e-05    7.45495e-06    
1.93419        1.72165e-05    8.60824e-06    
1.94581        4.30412e-06    4.30412e-06    
1.95743        1.72165e-05    8.60824e-06    
1.96904        1.29124e-05    7.45495e-06    
1.98066        1.72165e-05    8.60824e-06    
1.99228        1.72165e-05    8.60824e-06    
2.00389        2.15206e-05    9.6243e-06     
2.01551        4.30412e-06    4.30412e-06    
2.02713        1.29124e-05    7.45495e-06    
2.03874        2.15206e-05    9.6243e-06     
2.05036        0              0              
2.06198        1.72165e-05    8.60824e-06    
2.0736         8.60824e-06    6.08694e-06    
2.08521        8.60824e-06    6.08694e-06    
2.09683        1.29124e-05    7.45495e-06    
2.10845        4.30412e-06    4.30412e-06    
2.12006        8.60824e-06    6.08694e-06    
2.13168        1.29124e-05    7.45495e-06    
2.1433         1.72165e-05    8.60824e-06    
2.15491        1.72165e-05    8.60824e-06    
2.16653        4.30412e-06    4.30412e-06    
2.17815        8.60824e-06    6.08694e-06    
2.18976        8.60824e-06    6.08694e-06    
2.20138        4.30412e-06    4.30412e-06    
2.213          1.29124e-05    7.45495e-06    
2.22461        4.30412e-06    4.30412e-06    
2.23623        8.60824e-06    6.08694e-06    
2.24785        8.60824e-06    6.08694e-06    
2.25946        0              0              
2.27108        1.29124e-05    7.45495e-06    
2.2827         4.30412e-06    4.30412e-06    
2.29431        1.29124e-05    7.45495e-06    
2.30593        4.30412e-06    4.30412e-06    
2.31755        0              0              
2.32916        8.60824e-06    6.08694e-06    
2.34078        8.60824e-06    6.08694e-06    
2.3524         3.01288e-05    1.13876e-05    
2.36401        8.60824e-06    6.08694e-06    
2.37563        0              0              
2.38725        0              0              
2.39887        1.29124e-05    7.45495e-06    
2.41048        8.60824e-06    6.08694e-06    
2.4221         1.29124e-05    7.45495e-06    
2.43372        4.30412e-06    4.30412e-06    
2.44533        0              0              
2.45695        4.30412e-06    4.30412e-06    
2.46857        4.30412e-06    4.30412e-06    
2.48018        4.30412e-06    4.30412e-06    
2.4918         4.30412e-06    4.30412e-06    
2.50342        0              0              
2.51503        4.30412e-06    4.30412e-06    
2.52665        8.60824e-06    6.08694e-06    
2.53827        8.60824e-06    6.08694e-06    
2.54988        4.30412e-06    4.30412e-06    
2.5615         4.30412e-06    4.30412e-06    
2.57312        4.30412e-06    4.30412e-06    
2.58473        0              0              
2.59635        8.60824e-06    6.08694e-06    
2.60797        4.30412e-06    4.30412e-06    
2.61958        4.30412e-06    4.30412e-06    
2.6312         0              0              
2.64282        8.60824e-06    6.08694e-06    
2.65443        4.30412e-06    4.30412e-06    
2.66605        4.30412e-06    4.30412e-06    
2.67767        1.29124e-05    7.45495e-06    
2.68928        4.30412e-06    4.30412e-06    
2.7009         1.72165e-05    8.60824e-06    
2.71252        0              0              
2.72413        1.72165e-05    8.60824e-06    
2.73575        4.30412e-06    4.30412e-06    
2.74737        0              0              
2.75899        0              0              
2.7706         0              0              
2.78222        4.30412e-06    4.30412e-06    
2.79384        4.30412e-06    4.30412e-06    
2.80545        1.29124e-05    7.45495e-06    
2.81707        4.30412e-06    4.30412e-06    
2.82869        0              0              
2.8403         8.60824e-06    6.08694e-06    
2.85192        0              0              
2.86354        4.30412e-06    4.30412e-06    
2.87515        0              0              
2.88677        0              0              
2.89839        4.30412e-06    4.30412e-06    
2.91           1.29124e-05    7.45495e-06    
2.92162        0              0              
2.93324        0              0              
2.94485        4.30412e-06    4.30412e-06    
2.95647        0              0              
2.96809        0              0              
2.9797         1.72165e-05    8.60824e-06    
2.99132        0              0              
3.00294        0              0              
3.01455        0              0              
3.02617        4.30412e-06    4.30412e-06    
3.03779        4.30412e-06    4.30412e-06    
3.0494         0              0              
3.06102        4.30412e-06    4.30412e-06    
3.07264        4.30412e-06    4.30412e-06    
3.08426        4.30412e-06    4.30412e-06    
3.09587        4.30412e-06    4.30412e-06    
3.10749        0              0              
3.11911        0              0              
3.13072        4.30412e-06    4.30412e-06    
3.14234        0              0              
3.15396        8.60824e-06    6.08694e-06    
3.16557        4.30412e-06    4.30412e-06    
3.17719        0              0              
3.18881        0              0              
3.20042        0              0              
3.21204        4.30412e-06    4.30412e-06    
3.22366        4.30412e-06    4.30412e-06    
3.23527        0              0              
3.24689        0              0              
3.25851        0              0              
3.27012        0              0              
3.28174        4.30412e-06    4.30412e-06    
3.29336        4.30412e-06    4.30412e-06    
3.30497        4.30412e-06    4.30412e-06    
3.31659        1.72165e-05    8.60824e-06    
3.32821        0              0              
3.33982        4.30412e-06    4.30412e-06    
3.35144        0              0              
3.36306        4.30412e-06    4.30412e-06    
3.37467        0              0              
3.38629        0              0              
3.39791        0              0              
3.40952        0              0              
3.42114        0              0              
3.43276        0              0              
3.44438        0              0              
3.45599        0              0              
3.46761        4.30412e-06    4.30412e-06    
3.47923        0              0              
3.49084        0              0              
3.50246        0              0              
3.51408        4.30412e-06    4.30412e-06    
3.52569        0              0              
3.53731        4.30412e-06    4.30412e-06    
3.54893        0              0              
3.56054        0              0              
3.57216        0              0              
3.58378        0              0              
3.59539        0              0              
3.60701        0              0              
3.61863        0              0              
3.63024        0              0              
3.64186        0              0              
3.65348        0              0              
3.66509        0              0              
3.67671        4.30412e-06    4.30412e-06    
3.68833        0              0              
3.69994        0              0              
3.71156        0              0              
3.72318        0              0              
3.73479        0              0              
3.74641        0              0              
3.75803        0              0              
3.76965        0              0              
3.78126        0              0              
3.79288        0              0              
3.8045         0              0              
3.81611        0              0              
3.82773        8.60824e-06    6.08694e-06    
3.83935        0              0              
3.85096        4.30412e-06    4.30412e-06    
3.86258        0              0              
3.8742         0              0              
3.88581        0              0              
3.89743        0              0              
3.90905        0              0              
3.92066        0              0              
3.93228        0              0              
3.9439         4.30412e-06    4.30412e-06    
3.95551        0              0              
3.96713        0              0              
3.97875        0              0              
3.99036        0              0              
4.00198        0              0              
4.0136         0              0              
4.02521        0              0              
4.03683        0              0              
4.04845        0              0              
4.06006        0              0              
4.07168        0              0              
4.0833         0              0              
4.09491        0              0              
4.10653        0              0              
4.11815        0              0              
4.12977        0              0              
4.14138        0              0              
4.153          0              0              
4.16462        0              0              
4.17623        4.30412e-06    4.30412e-06    
4.18785        0              0              
4.19947        0              0              
4.21108        0              0              
4.2227         0              0              
4.23432        0              0              
4.24593        0              0              
4.25755        0              0              
4.26917        0              0              
4.28078        0              0              
4.2924         0              0              
4.30402        0              0              
4.31563        0              0              
4.32725        0              0              
4.33887        0              0              
4.35048        0              0              
4.3621         0              0              
4.37372        0              0              
4.38533        0              0              
4.39695        0              0              
4.40857        0              0              
4.42018        4.30412e-06    4.30412e-06    
4.4318         0              0              
4.44342        0              0              
4.45504        0              0              
4.46665        0              0              
4.47827        0              0              
4.48989        0              0              
4.5015         0              0              
4.51312        0              0              
4.52474        0              0              
4.53635        0              0              
4.54797        0              0              
4.55959        0              0              
4.5712         0              0              
4.58282        0              0              
4.59444        0              0              
4.60605        0              0              
4.61767        0              0              
4.62929        0              0              
4.6409         0              0              
4.65252        0              0              
4.66414        0              0              
4.67575        0              0              
4.68737        0              0              
4.69899        0              0              
4.7106         0              0              
4.72222        0              0              
4.73384        0              0              
4.74545        0              0              
4.75707        0              0              
4.76869        0              0              
4.7803         0              0              
4.79192        0              0              
4.80354        0              0              
4.81516        0              0              
4.82677        0              0              
4.83839        0              0              
4.85001        0              0              
4.86162        0              0              
4.87324        0              0              
4.88486        0              0              
4.89647        0              0              
4.90809        0              0              
4.91971        0              0              
4.93132        0              0              
4.94294        0              0              
4.95456        0              0              
4.96617        0              0              
4.97779        0              0              
4.98941        0              0              
5.00102        0              0              
5.01264        0              0              
5.02426        4.30412e-06    4.30412e-06    
5.03587        0              0              
5.04749        0              0              
5.05911        0              0              
5.07072        0              0              
5.08234        0              0              
5.09396        0              0              
5.10557        0              0              
5.11719        0              0              
5.12881        0              0              
5.14043        0              0              
5.15204        0              0              
5.16366        0              0              
5.17528        0              0              
5.18689        0              0              
5.19851        0              0              
5.21013        0              0              
5.22174        0              0              
5.23336        0              0              
5.24498        0              0              
5.25659        0              0              
5.26821        0              0              
5.27983        0              0              
5.29144        0              0              
5.30306        0              0              
5.31468        0              0              
5.32629        0              0              
5.33791        0              0              
5.34953        0              0              
5.36114        0              0              
5.37276        0              0              
5.38438        0              0              
5.39599        0              0              
5.40761        0              0              
5.41923        0              0              
5.43084        0              0              
5.44246        0              0              
5.45408        0              0              
5.46569        0              0              
5.47731        0              0              
5.48893        0              0              
5.50055        0              0              
5.51216        0              0              
5.52378        0              0              
5.5354         0              0              
5.54701        0              0              
5.55863        0              0              
5.57025        0              0              
5.58186        0              0              
5.59348        0              0              
5.6051         0              0              
5.61671        0              0              
5.62833        0              0              
5.63995        0              0              
5.65156        0              0              
5.66318        0              0              
5.6748         0              0              
5.68641        0              0              
5.69803        0              0              
5.70965        0              0              
5.72126        0              0              
5.73288        0              0              
5.7445         0              0              
5.75611        0              0              
5.76773        0              0              
5.77935        0              0              
5.79096        0              0              
5.80258        0              0              
