pT (GeV)       dN/dpt         error          
0.00599114     0              0              
0.0179734      0              0              
0.0299557      0              0              
0.041938       0              0              
0.0539203      0              0              
0.0659025      0              0              
0.0778848      0              0              
0.0898671      0              0              
0.101849       0              0              
0.113832       0              0              
0.125814       4.17283e-06    4.17283e-06    
0.137796       0              0              
0.149779       0              0              
0.161761       0              0              
0.173743       0              0              
0.185725       0              0              
0.197708       0              0              
0.20969        4.17283e-06    4.17283e-06    
0.221672       0              0              
0.233654       4.17283e-06    4.17283e-06    
0.245637       0              0              
0.257619       0              0              
0.269601       4.17283e-06    4.17283e-06    
0.281584       0              0              
0.293566       0              0              
0.305548       0              0              
0.31753        4.17283e-06    4.17283e-06    
0.329513       0              0              
0.341495       0              0              
0.353477       0              0              
0.36546        0              0              
0.377442       4.17283e-06    4.17283e-06    
0.389424       0              0              
0.401406       0              0              
0.413389       0              0              
0.425371       0              0              
0.437353       4.17283e-06    4.17283e-06    
0.449335       4.17283e-06    4.17283e-06    
0.461318       0              0              
0.4733         0              0              
0.485282       4.17283e-06    4.17283e-06    
0.497265       0              0              
0.509247       0              0              
0.521229       0              0              
0.533211       4.17283e-06    4.17283e-06    
0.545194       0              0              
0.557176       0              0              
0.569158       4.17283e-06    4.17283e-06    
0.581141       4.17283e-06    4.17283e-06    
0.593123       0              0              
0.605105       0              0              
0.617087       0              0              
0.62907        4.17283e-06    4.17283e-06    
0.641052       0              0              
0.653034       4.17283e-06    4.17283e-06    
0.665017       8.34566e-06    5.90127e-06    
0.676999       0              0              
0.688981       4.17283e-06    4.17283e-06    
0.700963       0              0              
0.712946       0              0              
0.724928       4.17283e-06    4.17283e-06    
0.73691        0              0              
0.748892       4.17283e-06    4.17283e-06    
0.760875       0              0              
0.772857       0              0              
0.784839       4.17283e-06    4.17283e-06    
0.796822       0              0              
0.808804       4.17283e-06    4.17283e-06    
0.820786       0              0              
0.832768       0              0              
0.844751       8.34566e-06    5.90127e-06    
0.856733       8.34566e-06    5.90127e-06    
0.868715       0              0              
0.880698       8.34566e-06    5.90127e-06    
0.89268        8.34566e-06    5.90127e-06    
0.904662       0              0              
0.916644       4.17283e-06    4.17283e-06    
0.928627       4.17283e-06    4.17283e-06    
0.940609       1.25185e-05    7.22755e-06    
0.952591       4.17283e-06    4.17283e-06    
0.964574       1.66913e-05    8.34566e-06    
0.976556       4.17283e-06    4.17283e-06    
0.988538       4.17283e-06    4.17283e-06    
1.00052        8.34566e-06    5.90127e-06    
1.0125         4.17283e-06    4.17283e-06    
1.02448        0              0              
1.03647        4.17283e-06    4.17283e-06    
1.04845        4.17283e-06    4.17283e-06    
1.06043        4.17283e-06    4.17283e-06    
1.07241        1.66913e-05    8.34566e-06    
1.0844         0              0              
1.09638        4.17283e-06    4.17283e-06    
1.10836        4.17283e-06    4.17283e-06    
1.12034        4.17283e-06    4.17283e-06    
1.13233        4.17283e-06    4.17283e-06    
1.14431        0              0              
1.15629        4.17283e-06    4.17283e-06    
1.16827        4.17283e-06    4.17283e-06    
1.18025        4.17283e-06    4.17283e-06    
1.19224        4.17283e-06    4.17283e-06    
1.20422        4.17283e-06    4.17283e-06    
1.2162         8.34566e-06    5.90127e-06    
1.22818        0              0              
1.24017        8.34566e-06    5.90127e-06    
1.25215        8.34566e-06    5.90127e-06    
1.26413        0              0              
1.27611        4.17283e-06    4.17283e-06    
1.2881         4.17283e-06    4.17283e-06    
1.30008        8.34566e-06    5.90127e-06    
1.31206        8.34566e-06    5.90127e-06    
1.32404        0              0              
1.33602        0              0              
1.34801        8.34566e-06    5.90127e-06    
1.35999        0              0              
1.37197        4.17283e-06    4.17283e-06    
1.38395        4.17283e-06    4.17283e-06    
1.39594        0              0              
1.40792        0              0              
1.4199         4.17283e-06    4.17283e-06    
1.43188        4.17283e-06    4.17283e-06    
1.44386        0              0              
1.45585        8.34566e-06    5.90127e-06    
1.46783        4.17283e-06    4.17283e-06    
1.47981        4.17283e-06    4.17283e-06    
1.49179        8.34566e-06    5.90127e-06    
1.50378        0              0              
1.51576        4.17283e-06    4.17283e-06    
1.52774        8.34566e-06    5.90127e-06    
1.53972        0              0              
1.55171        4.17283e-06    4.17283e-06    
1.56369        1.25185e-05    7.22755e-06    
1.57567        0              0              
1.58765        4.17283e-06    4.17283e-06    
1.59963        8.34566e-06    5.90127e-06    
1.61162        0              0              
1.6236         4.17283e-06    4.17283e-06    
1.63558        8.34566e-06    5.90127e-06    
1.64756        4.17283e-06    4.17283e-06    
1.65955        0              0              
1.67153        4.17283e-06    4.17283e-06    
1.68351        4.17283e-06    4.17283e-06    
1.69549        0              0              
1.70747        0              0              
1.71946        4.17283e-06    4.17283e-06    
1.73144        0              0              
1.74342        0              0              
1.7554         4.17283e-06    4.17283e-06    
1.76739        0              0              
1.77937        8.34566e-06    5.90127e-06    
1.79135        0              0              
1.80333        0              0              
1.81532        0              0              
1.8273         0              0              
1.83928        4.17283e-06    4.17283e-06    
1.85126        0              0              
1.86324        8.34566e-06    5.90127e-06    
1.87523        1.25185e-05    7.22755e-06    
1.88721        0              0              
1.89919        4.17283e-06    4.17283e-06    
1.91117        4.17283e-06    4.17283e-06    
1.92316        4.17283e-06    4.17283e-06    
1.93514        4.17283e-06    4.17283e-06    
1.94712        8.34566e-06    5.90127e-06    
1.9591         8.34566e-06    5.90127e-06    
1.97109        4.17283e-06    4.17283e-06    
1.98307        4.17283e-06    4.17283e-06    
1.99505        4.17283e-06    4.17283e-06    
2.00703        0              0              
2.01901        0              0              
2.031          0              0              
2.04298        4.17283e-06    4.17283e-06    
2.05496        0              0              
2.06694        4.17283e-06    4.17283e-06    
2.07893        0              0              
2.09091        4.17283e-06    4.17283e-06    
2.10289        0              0              
2.11487        4.17283e-06    4.17283e-06    
2.12685        4.17283e-06    4.17283e-06    
2.13884        0              0              
2.15082        4.17283e-06    4.17283e-06    
2.1628         4.17283e-06    4.17283e-06    
2.17478        0              0              
2.18677        0              0              
2.19875        4.17283e-06    4.17283e-06    
2.21073        0              0              
2.22271        4.17283e-06    4.17283e-06    
2.2347         4.17283e-06    4.17283e-06    
2.24668        8.34566e-06    5.90127e-06    
2.25866        4.17283e-06    4.17283e-06    
2.27064        0              0              
2.28262        4.17283e-06    4.17283e-06    
2.29461        0              0              
2.30659        0              0              
2.31857        0              0              
2.33055        8.34566e-06    5.90127e-06    
2.34254        1.66913e-05    8.34566e-06    
2.35452        0              0              
2.3665         4.17283e-06    4.17283e-06    
2.37848        8.34566e-06    5.90127e-06    
2.39046        0              0              
2.40245        0              0              
2.41443        0              0              
2.42641        0              0              
2.43839        0              0              
2.45038        0              0              
2.46236        0              0              
2.47434        8.34566e-06    5.90127e-06    
2.48632        1.25185e-05    7.22755e-06    
2.49831        0              0              
2.51029        4.17283e-06    4.17283e-06    
2.52227        0              0              
2.53425        4.17283e-06    4.17283e-06    
2.54623        4.17283e-06    4.17283e-06    
2.55822        0              0              
2.5702         4.17283e-06    4.17283e-06    
2.58218        0              0              
2.59416        0              0              
2.60615        4.17283e-06    4.17283e-06    
2.61813        0              0              
2.63011        1.25185e-05    7.22755e-06    
2.64209        0              0              
2.65408        0              0              
2.66606        4.17283e-06    4.17283e-06    
2.67804        0              0              
2.69002        4.17283e-06    4.17283e-06    
2.702          4.17283e-06    4.17283e-06    
2.71399        0              0              
2.72597        0              0              
2.73795        0              0              
2.74993        0              0              
2.76192        0              0              
2.7739         0              0              
2.78588        8.34566e-06    5.90127e-06    
2.79786        4.17283e-06    4.17283e-06    
2.80984        8.34566e-06    5.90127e-06    
2.82183        0              0              
2.83381        0              0              
2.84579        0              0              
2.85777        0              0              
2.86976        0              0              
2.88174        4.17283e-06    4.17283e-06    
2.89372        0              0              
2.9057         0              0              
2.91769        0              0              
2.92967        0              0              
2.94165        0              0              
2.95363        4.17283e-06    4.17283e-06    
2.96561        4.17283e-06    4.17283e-06    
2.9776         4.17283e-06    4.17283e-06    
2.98958        0              0              
3.00156        0              0              
3.01354        0              0              
3.02553        4.17283e-06    4.17283e-06    
3.03751        0              0              
3.04949        0              0              
3.06147        0              0              
3.07345        4.17283e-06    4.17283e-06    
3.08544        0              0              
3.09742        0              0              
3.1094         0              0              
3.12138        0              0              
3.13337        0              0              
3.14535        0              0              
3.15733        0              0              
3.16931        0              0              
3.1813         0              0              
3.19328        0              0              
3.20526        4.17283e-06    4.17283e-06    
3.21724        0              0              
3.22922        0              0              
3.24121        0              0              
3.25319        0              0              
3.26517        0              0              
3.27715        0              0              
3.28914        4.17283e-06    4.17283e-06    
3.30112        0              0              
3.3131         0              0              
3.32508        0              0              
3.33706        0              0              
3.34905        0              0              
3.36103        0              0              
3.37301        4.17283e-06    4.17283e-06    
3.38499        0              0              
3.39698        0              0              
3.40896        0              0              
3.42094        0              0              
3.43292        0              0              
3.44491        0              0              
3.45689        0              0              
3.46887        0              0              
3.48085        0              0              
3.49283        0              0              
3.50482        0              0              
3.5168         0              0              
3.52878        0              0              
3.54076        0              0              
3.55275        0              0              
3.56473        0              0              
3.57671        0              0              
3.58869        0              0              
3.60068        0              0              
3.61266        0              0              
3.62464        0              0              
3.63662        0              0              
3.6486         4.17283e-06    4.17283e-06    
3.66059        0              0              
3.67257        0              0              
3.68455        0              0              
3.69653        0              0              
3.70852        0              0              
3.7205         0              0              
3.73248        0              0              
3.74446        0              0              
3.75644        0              0              
3.76843        0              0              
3.78041        0              0              
3.79239        0              0              
3.80437        0              0              
3.81636        0              0              
3.82834        0              0              
3.84032        0              0              
3.8523         0              0              
3.86429        0              0              
3.87627        0              0              
3.88825        0              0              
3.90023        4.17283e-06    4.17283e-06    
3.91221        0              0              
3.9242         0              0              
3.93618        0              0              
3.94816        0              0              
3.96014        0              0              
3.97213        0              0              
3.98411        0              0              
3.99609        0              0              
4.00807        0              0              
4.02005        0              0              
4.03204        0              0              
4.04402        0              0              
4.056          0              0              
4.06798        0              0              
4.07997        0              0              
4.09195        0              0              
4.10393        0              0              
4.11591        0              0              
4.1279         0              0              
4.13988        0              0              
4.15186        0              0              
4.16384        0              0              
4.17582        0              0              
4.18781        0              0              
4.19979        0              0              
4.21177        0              0              
4.22375        0              0              
4.23574        0              0              
4.24772        0              0              
4.2597         0              0              
4.27168        0              0              
4.28367        0              0              
4.29565        0              0              
4.30763        0              0              
4.31961        0              0              
4.33159        0              0              
4.34358        0              0              
4.35556        0              0              
4.36754        0              0              
4.37952        0              0              
4.39151        0              0              
4.40349        0              0              
4.41547        0              0              
4.42745        0              0              
4.43943        0              0              
4.45142        0              0              
4.4634         0              0              
4.47538        0              0              
4.48736        0              0              
4.49935        0              0              
4.51133        0              0              
4.52331        0              0              
4.53529        0              0              
4.54728        4.17283e-06    4.17283e-06    
4.55926        0              0              
4.57124        0              0              
4.58322        0              0              
4.5952         0              0              
4.60719        0              0              
4.61917        0              0              
4.63115        0              0              
4.64313        0              0              
4.65512        0              0              
4.6671         0              0              
4.67908        0              0              
4.69106        0              0              
4.70304        0              0              
4.71503        0              0              
4.72701        0              0              
4.73899        0              0              
4.75097        0              0              
4.76296        0              0              
4.77494        0              0              
4.78692        0              0              
4.7989         0              0              
4.81089        0              0              
4.82287        0              0              
4.83485        0              0              
4.84683        0              0              
4.85881        0              0              
4.8708         0              0              
4.88278        0              0              
4.89476        0              0              
4.90674        0              0              
4.91873        0              0              
4.93071        0              0              
4.94269        0              0              
4.95467        0              0              
4.96666        0              0              
4.97864        0              0              
4.99062        0              0              
5.0026         0              0              
5.01458        0              0              
5.02657        0              0              
5.03855        0              0              
5.05053        0              0              
5.06251        0              0              
5.0745         0              0              
5.08648        0              0              
5.09846        0              0              
5.11044        0              0              
5.12242        0              0              
5.13441        0              0              
5.14639        0              0              
5.15837        0              0              
5.17035        0              0              
5.18234        0              0              
5.19432        0              0              
5.2063         0              0              
5.21828        0              0              
5.23027        0              0              
5.24225        0              0              
5.25423        0              0              
5.26621        0              0              
5.27819        0              0              
5.29018        0              0              
5.30216        0              0              
5.31414        0              0              
5.32612        0              0              
5.33811        0              0              
5.35009        0              0              
5.36207        0              0              
5.37405        0              0              
5.38603        0              0              
5.39802        0              0              
5.41           0              0              
5.42198        0              0              
5.43396        0              0              
5.44595        0              0              
5.45793        0              0              
5.46991        0              0              
5.48189        0              0              
5.49388        0              0              
5.50586        0              0              
5.51784        0              0              
5.52982        0              0              
5.5418         0              0              
5.55379        0              0              
5.56577        0              0              
5.57775        0              0              
5.58973        0              0              
5.60172        0              0              
5.6137         0              0              
5.62568        0              0              
5.63766        0              0              
5.64965        0              0              
5.66163        0              0              
5.67361        0              0              
5.68559        0              0              
5.69757        0              0              
5.70956        0              0              
5.72154        0              0              
5.73352        0              0              
5.7455         0              0              
5.75749        0              0              
5.76947        0              0              
5.78145        0              0              
5.79343        0              0              
5.80541        0              0              
5.8174         0              0              
5.82938        0              0              
5.84136        0              0              
5.85334        0              0              
5.86533        0              0              
5.87731        0              0              
5.88929        0              0              
5.90127        0              0              
5.91326        0              0              
5.92524        0              0              
5.93722        0              0              
5.9492         0              0              
5.96118        0              0              
5.97317        0              0              
5.98515        0              0              
