p (GeV)        dN/dp          error          
0.00293956     7.65419e-05    2.5514e-05     
0.00881869     0.000518784    6.64234e-05    
0.0146978      0.00113112     9.80802e-05    
0.020577       0.0025514      0.000147304    
0.0264561      0.00404822     0.000185548    
0.0323352      0.00581719     0.000222422    
0.0382143      0.0078413      0.000258233    
0.0440935      0.0113112      0.000310148    
0.0499726      0.0138966      0.000343768    
0.0558517      0.0165841      0.000375537    
0.0617309      0.0216018      0.000428594    
0.06761        0.0251398      0.000462357    
0.0734891      0.0296217      0.000501875    
0.0793683      0.0344779      0.000541579    
0.0852474      0.0412136      0.000592087    
0.0911265      0.0458656      0.000624473    
0.0970056      0.0521591      0.000666145    
0.102885       0.0588267      0.0007073      
0.108764       0.0653753      0.000745701    
0.114643       0.0719324      0.000782356    
0.120522       0.0794845      0.000822081    
0.126401       0.08861        0.000868041    
0.13228        0.094861       0.000898109    
0.13816        0.104514       0.000942961    
0.144039       0.111215       0.000972602    
0.149918       0.121574       0.00101697     
0.155797       0.13064        0.00105434     
0.161676       0.140454       0.00109262     
0.167555       0.149019       0.00112611     
0.173434       0.159037       0.00116314     
0.179313       0.17074        0.0012049      
0.185193       0.178674       0.00123288     
0.191072       0.1903         0.00127243     
0.196951       0.199681       0.00130322     
0.20283        0.21345        0.00134757     
0.208709       0.223536       0.00137879     
0.214588       0.233785       0.00140991     
0.220467       0.246252       0.00144692     
0.226347       0.258873       0.00148373     
0.232226       0.274292       0.00152724     
0.238105       0.283588       0.00155264     
0.243984       0.295231       0.00158442     
0.249863       0.310641       0.00162564     
0.255742       0.319239       0.00164772     
0.261621       0.333935       0.00168538     
0.2675         0.343274       0.00170805     
0.27338        0.35632        0.00174064     
0.279259       0.369323       0.00177215     
0.285138       0.381621       0.00180141     
0.291017       0.396776       0.00183707     
0.296896       0.410945       0.00186869     
0.302775       0.421857       0.00189434     
0.308654       0.435702       0.00192536     
0.314533       0.4447         0.00194469     
0.320413       0.462084       0.00198221     
0.326292       0.478523       0.00201727     
0.332171       0.486228       0.00203314     
0.33805        0.501248       0.00206462     
0.343929       0.517517       0.00209822     
0.349808       0.530886       0.00212467     
0.355687       0.539476       0.00214202     
0.361566       0.555286       0.00217245     
0.367446       0.564684       0.00219141     
0.373325       0.581447       0.00222403     
0.379204       0.593115       0.00224582     
0.385083       0.606144       0.00227019     
0.390962       0.619029       0.00229459     
0.396841       0.634669       0.00232331     
0.40272        0.645614       0.00234378     
0.4086         0.657954       0.00236623     
0.414479       0.668016       0.00238313     
0.420358       0.680798       0.00240608     
0.426237       0.692458       0.0024264      
0.432116       0.706218       0.00245147     
0.437995       0.720897       0.00247621     
0.443874       0.727463       0.0024876      
0.449753       0.743282       0.00251438     
0.455633       0.750638       0.00252676     
0.461512       0.761788       0.00254555     
0.467391       0.770896       0.00256072     
0.47327        0.784708       0.00258299     
0.479149       0.795892       0.00260111     
0.485028       0.804379       0.00261506     
0.490907       0.818233       0.00263772     
0.496786       0.827444       0.0026526      
0.502666       0.83253        0.00266042     
0.508545       0.84936        0.00268714     
0.514424       0.853978       0.0026942      
0.520303       0.860153       0.00270504     
0.526182       0.872451       0.00272416     
0.532061       0.87746        0.00273194     
0.53794        0.891203       0.00275321     
0.54382        0.899597       0.00276598     
0.549699       0.906316       0.00277689     
0.555578       0.914285       0.00278808     
0.561457       0.925026       0.00280411     
0.567336       0.927152       0.00280827     
0.573215       0.938353       0.00282569     
0.579094       0.944374       0.00283441     
0.584973       0.952905       0.00284637     
0.590853       0.95481        0.00284903     
0.596732       0.964964       0.00286464     
0.602611       0.96726        0.00286778     
0.60849        0.976837       0.00288185     
0.614369       0.980621       0.00288867     
0.620248       0.986685       0.00289623     
0.626127       0.992451       0.00290576     
0.632006       0.99991        0.00291566     
0.637886       0.999          0.00291497     
0.643765       1.00504        0.00292356     
0.649644       1.01274        0.00293449     
0.655523       1.01876        0.00294398     
0.661402       1.02113        0.00294711     
0.667281       1.02268        0.00294907     
0.67316        1.02559        0.00295325     
0.67904        1.03208        0.00296285     
0.684919       1.02809        0.00295729     
0.690798       1.03672        0.00296857     
0.696677       1.03557        0.00296879     
0.702556       1.03844        0.0029719      
0.708435       1.0455         0.00298102     
0.714314       1.04229        0.00297636     
0.720193       1.04931        0.00298682     
0.726073       1.04629        0.00298305     
0.731952       1.0502         0.00298782     
0.737831       1.05347        0.00299268     
0.74371        1.0528         0.00299261     
0.749589       1.04925        0.00298655     
0.755468       1.05712        0.0029991      
0.761347       1.05209        0.00299117     
0.767226       1.04872        0.00298663     
0.773106       1.05256        0.00299172     
0.778985       1.04788        0.00298535     
0.784864       1.04382        0.00297923     
0.790743       1.04862        0.00298695     
0.796622       1.0422         0.00297643     
0.802501       1.04555        0.00298109     
0.80838        1.03945        0.00297306     
0.81426        1.04483        0.00298097     
0.820139       1.04273        0.00297801     
0.826018       1.04222        0.00297756     
0.831897       1.03439        0.0029659      
0.837776       1.03388        0.00296498     
0.843655       1.03315        0.00296403     
0.849534       1.03195        0.00296249     
0.855413       1.02986        0.00295983     
0.861293       1.02488        0.0029523      
0.867172       1.02393        0.00295114     
0.873051       1.02168        0.002948       
0.87893        1.01837        0.00294283     
0.884809       1.01135        0.00293318     
0.890688       1.00695        0.00292604     
0.896567       1.006          0.00292403     
0.902446       1.00147        0.00291847     
0.908326       1.0014         0.00291907     
0.914205       0.996448       0.00291066     
0.920084       0.990402       0.00290242     
0.925963       0.990342       0.00290188     
0.931842       0.990444       0.00290246     
0.937721       0.977134       0.00288254     
0.9436         0.973835       0.00287752     
0.949479       0.969803       0.00287155     
0.955359       0.96038        0.00285762     
0.961238       0.959394       0.00285637     
0.967117       0.957863       0.00285409     
0.972996       0.954869       0.00284945     
0.978875       0.947878       0.00283899     
0.984754       0.942325       0.0028309      
0.990633       0.929151       0.00281152     
0.996513       0.929202       0.00281096     
1.00239        0.930291       0.00281372     
1.00827        0.921437       0.00279962     
1.01415        0.909446       0.00278152     
1.02003        0.906214       0.00277642     
1.02591        0.90106        0.00276883     
1.03179        0.898458       0.00276391     
1.03767        0.88855        0.00274894     
1.04355        0.882435       0.00273851     
1.04942        0.890259       0.00275203     
1.0553         0.871217       0.00272244     
1.06118        0.866761       0.00271506     
1.06706        0.865893       0.00271366     
1.07294        0.860416       0.00270497     
1.07882        0.85209        0.0026926      
1.0847         0.844241       0.00267927     
1.09058        0.838619       0.00267045     
1.09646        0.830174       0.00265805     
1.10234        0.82445        0.00264708     
1.10822        0.821669       0.00264353     
1.1141         0.808606       0.00262242     
1.11997        0.806744       0.00262006     
1.12585        0.801428       0.00261097     
1.13173        0.791818       0.00259467     
1.13761        0.790355       0.00259302     
1.14349        0.779333       0.00257471     
1.14937        0.77412        0.00256608     
1.15525        0.770046       0.00255952     
1.16113        0.758352       0.00253971     
1.16701        0.752671       0.00253061     
1.17289        0.745723       0.00251844     
1.17877        0.741309       0.00251052     
1.18464        0.736248       0.00250233     
1.19052        0.732736       0.00249594     
1.1964         0.729326       0.00249058     
1.20228        0.717292       0.00246954     
1.20816        0.71042        0.00245792     
1.21404        0.703046       0.002445       
1.21992        0.699806       0.00243911     
1.2258         0.694644       0.00243112     
1.23168        0.681487       0.00240728     
1.23756        0.677736       0.00240103     
1.24344        0.671681       0.00239022     
1.24932        0.66276        0.0023736      
1.25519        0.662266       0.00237364     
1.26107        0.653855       0.00235811     
1.26695        0.646652       0.00234451     
1.27283        0.63836        0.00232966     
1.27871        0.632015       0.00231817     
1.28459        0.627491       0.00230967     
1.29047        0.618935       0.00229448     
1.29635        0.614666       0.00228617     
1.30223        0.604741       0.00226815     
1.30811        0.598473       0.00225626     
1.31399        0.598873       0.00225646     
1.31986        0.592026       0.00224403     
1.32574        0.584704       0.00222992     
1.33162        0.575204       0.00221159     
1.3375         0.566972       0.00219654     
1.34338        0.561724       0.00218556     
1.34926        0.562005       0.00218525     
1.35514        0.554138       0.00217092     
1.36102        0.548508       0.00215956     
1.3669         0.54173        0.00214646     
1.37278        0.537622       0.00213833     
1.37866        0.527995       0.00211905     
1.38454        0.52364        0.00211028     
1.39041        0.514923       0.00209244     
1.39629        0.513137       0.00208934     
1.40217        0.504275       0.0020706      
1.40805        0.499742       0.00206179     
1.41393        0.494214       0.00205053     
1.41981        0.487394       0.00203535     
1.42569        0.481917       0.00202383     
1.43157        0.479569       0.00201924     
1.43745        0.475376       0.00201052     
1.44333        0.466642       0.00199199     
1.44921        0.458648       0.00197469     
1.45508        0.454506       0.00196613     
1.46096        0.450169       0.00195651     
1.46684        0.443705       0.00194212     
1.47272        0.440422       0.00193507     
1.4786         0.438024       0.00193041     
1.48448        0.428048       0.00190839     
1.49036        0.423387       0.00189803     
1.49624        0.41871        0.00188711     
1.50212        0.41359        0.00187544     
1.508          0.405978       0.00185799     
1.51388        0.406778       0.00186051     
1.51976        0.399983       0.00184432     
1.52563        0.394786       0.0018322      
1.53151        0.387107       0.00181429     
1.53739        0.388527       0.00181784     
1.54327        0.381732       0.00180147     
1.54915        0.37406        0.00178347     
1.55503        0.371424       0.00177712     
1.56091        0.366296       0.00176498     
1.56679        0.360342       0.00175052     
1.57267        0.355053       0.00173772     
1.57855        0.350435       0.00172655     
1.58443        0.348895       0.00172277     
1.5903         0.34403        0.00171056     
1.59618        0.339106       0.00169769     
1.60206        0.335841       0.00169012     
1.60794        0.330491       0.00167618     
1.61382        0.323977       0.00166016     
1.6197         0.322293       0.00165551     
1.62558        0.316926       0.00164181     
1.63146        0.312929       0.00163159     
1.63734        0.305479       0.00161137     
1.64322        0.305054       0.00161052     
1.6491         0.300189       0.00159744     
1.65498        0.294431       0.00158269     
1.66085        0.292849       0.00157831     
1.66673        0.288614       0.00156639     
1.67261        0.285212       0.00155753     
1.67849        0.280518       0.00154489     
1.68437        0.275551       0.00153035     
1.69025        0.275236       0.00152953     
1.69613        0.27118        0.00151868     
1.70201        0.264622       0.00149997     
1.70789        0.264946       0.00150122     
1.71377        0.258533       0.00148256     
1.71965        0.255616       0.00147454     
1.72552        0.250139       0.00145836     
1.7314         0.24735        0.00145033     
1.73728        0.246848       0.00144896     
1.74316        0.241558       0.0014337      
1.74904        0.240308       0.00142934     
1.75492        0.235605       0.00141583     
1.7608         0.230833       0.00140131     
1.76668        0.226998       0.0013895      
1.77256        0.225271       0.00138438     
1.77844        0.222431       0.00137528     
1.78432        0.217498       0.00136014     
1.7902         0.216384       0.0013564      
1.79607        0.2151         0.00135248     
1.80195        0.209461       0.00133484     
1.80783        0.209521       0.00133476     
1.81371        0.204512       0.00131864     
1.81959        0.203831       0.00131688     
1.82547        0.196653       0.00129344     
1.83135        0.196951       0.0012942      
1.83723        0.192367       0.00127891     
1.84311        0.187264       0.00126198     
1.84899        0.186626       0.00126007     
1.85487        0.184381       0.00125242     
1.86074        0.180877       0.00124003     
1.86662        0.180452       0.00123892     
1.8725         0.174363       0.00121783     
1.87838        0.175187       0.00122035     
1.88426        0.16983        0.00120187     
1.89014        0.167389       0.0011931      
1.89602        0.166547       0.00119004     
1.9019         0.163247       0.00117803     
1.90778        0.162379       0.00117527     
1.91366        0.157056       0.00115576     
1.91954        0.158025       0.00115937     
1.92542        0.155584       0.00115015     
1.93129        0.15231        0.00113838     
1.93717        0.152795       0.00114013     
1.94305        0.145787       0.00111328     
1.94893        0.145183       0.0011111      
1.95481        0.14406        0.0011072      
1.96069        0.141739       0.00109806     
1.96657        0.139009       0.00108706     
1.97245        0.137384       0.00108089     
1.97833        0.135777       0.00107429     
1.98421        0.132996       0.00106365     
1.99009        0.13007        0.00105163     
1.99596        0.127247       0.00104038     
2.00184        0.126252       0.00103617     
2.00772        0.123428       0.00102482     
2.0136         0.123573       0.00102542     
2.01948        0.12114        0.00101501     
2.02536        0.119848       0.00100952     
2.03124        0.119227       0.00100726     
2.03712        0.116114       0.000993833    
2.043          0.114405       0.000986135    
2.04888        0.110722       0.000970446    
2.05476        0.11022        0.000968098    
2.06064        0.109506       0.000965184    
2.06651        0.107278       0.000955178    
2.07239        0.103995       0.000940468    
2.07827        0.106087       0.000949869    
2.08415        0.102532       0.000933838    
2.09003        0.101367       0.000928446    
2.09591        0.0972593      0.000909301    
2.10179        0.0999638      0.000922083    
2.10767        0.0965024      0.000905759    
2.11355        0.0949205      0.000898712    
2.11943        0.0938574      0.000893593    
2.12531        0.0899283      0.000874799    
2.13118        0.09026        0.000875995    
2.13706        0.0889502      0.000869538    
2.14294        0.086705       0.000858583    
2.14882        0.0843832      0.000846933    
2.1547         0.085863       0.000854577    
2.16058        0.0843917      0.000847317    
2.16646        0.0819509      0.000834903    
2.17234        0.0816107      0.000833083    
2.17822        0.0783024      0.000815949    
2.1841         0.0780388      0.000814931    
2.18998        0.0768906      0.000808655    
2.19586        0.0752747      0.00080021     
2.20173        0.0746879      0.000796907    
2.20761        0.0722981      0.000784063    
2.21349        0.0715157      0.000779904    
2.21937        0.0707673      0.000775816    
2.22525        0.0696021      0.000769315    
2.23113        0.0694746      0.000768704    
2.23701        0.0677906      0.000759149    
2.24289        0.0669657      0.000754517    
2.24877        0.0660472      0.000749327    
2.25465        0.0650266      0.000743615    
2.26053        0.0640656      0.000738103    
2.2664         0.0630876      0.000732451    
2.27228        0.0620075      0.000726257    
2.27816        0.0603831      0.000716791    
2.28404        0.0598133      0.000713101    
2.28992        0.0575765      0.000699645    
2.2958         0.0563859      0.00069248     
2.30168        0.057466       0.000698973    
2.30756        0.0567771      0.000695189    
2.31344        0.0541662      0.000678828    
2.31932        0.0534603      0.000674287    
2.3252         0.0542512      0.000679147    
2.33108        0.0515127      0.00066179     
2.33695        0.0507728      0.000657131    
2.34283        0.049361       0.000647937    
2.34871        0.0488338      0.000644469    
2.35459        0.0483745      0.000641659    
2.36047        0.0480088      0.000639005    
2.36635        0.0475496      0.00063583     
2.37223        0.0462483      0.000627072    
2.37811        0.0455595      0.000622502    
2.38399        0.0440201      0.000611784    
2.38987        0.0438415      0.000610542    
2.39575        0.0432547      0.000606443    
2.40162        0.0413922      0.000593246    
2.4075         0.041928       0.000597072    
2.41338        0.0424893      0.000601055    
2.41926        0.0408224      0.000589149    
2.42514        0.0406523      0.000588044    
2.43102        0.0395212      0.000579811    
2.4369         0.0378032      0.00056695     
2.44278        0.0377607      0.000566758    
2.44866        0.0369357      0.000560408    
2.45454        0.0372844      0.000563175    
2.46042        0.0373099      0.00056324     
2.4663         0.0357791      0.000551566    
2.47217        0.0343758      0.000540644    
2.47805        0.0343503      0.000540443    
2.48393        0.0342823      0.000540042    
2.48981        0.0324963      0.000525659    
2.49569        0.0322071      0.000523454    
2.50157        0.0316373      0.000518666    
2.50745        0.0317224      0.000519363    
2.51333        0.0311781      0.000515029    
2.51921        0.0306508      0.000510659    
2.52509        0.0298854      0.000504103    
2.53097        0.0299024      0.00050439     
2.53684        0.0293666      0.000499854    
2.54272        0.0275636      0.000484129    
2.5486         0.0280484      0.000488367    
2.55448        0.0278017      0.000486216    
2.56036        0.0266706      0.000476224    
2.56624        0.0266281      0.000475844    
2.57212        0.0269002      0.000478269    
2.578          0.0253694      0.000464463    
2.58388        0.0248591      0.000459769    
2.58976        0.0244339      0.000455979    
2.59564        0.0240172      0.000451917    
2.60152        0.0250037      0.000461104    
2.60739        0.0230987      0.000443192    
2.61327        0.0231752      0.000443926    
2.61915        0.0229456      0.000441722    
2.62503        0.0216359      0.000428931    
2.63091        0.0216869      0.000429437    
2.63679        0.0214573      0.000427158    
2.64267        0.0215593      0.000428341    
2.64855        0.0211936      0.000424526    
2.65443        0.0207769      0.000420332    
2.66031        0.0208534      0.000421105    
2.66619        0.0199349      0.000411728    
2.67206        0.0198159      0.000410497    
2.67794        0.0189569      0.000401502    
2.68382        0.0180554      0.00039184     
2.6897         0.0185912      0.000397611    
2.69558        0.0186847      0.00039861     
2.70146        0.0180639      0.000391932    
2.70734        0.0168477      0.00037851     
2.71322        0.0168817      0.000378892    
2.7191         0.0172645      0.000383162    
2.72498        0.0167457      0.000377554    
2.73086        0.0162014      0.000371179    
2.73674        0.0164055      0.00037351     
2.74261        0.0151978      0.000359501    
2.74849        0.0162184      0.000371374    
2.75437        0.0152914      0.000360605    
2.76025        0.0154445      0.000362406    
2.76613        0.0143899      0.000349815    
2.77201        0.0143304      0.000349091    
2.77789        0.0141688      0.000347117    
2.78377        0.0141688      0.000347117    
2.78965        0.0135734      0.000339747    
2.79553        0.0132077      0.00033514     
2.80141        0.0132588      0.000335786    
2.80728        0.0138966      0.000343768    
2.81316        0.0124678      0.000325618    
2.81904        0.0133693      0.000337183    
2.82492        0.0124593      0.000325507    
2.8308         0.0122297      0.000322493    
2.83668        0.0120171      0.000319678    
2.84256        0.0119831      0.000319225    
2.84844        0.0116344      0.000315006    
2.85432        0.0109285      0.000304856    
2.8602         0.010988       0.000305685    
2.86608        0.0107499      0.000302355    
2.87196        0.0107329      0.000302115    
2.87783        0.0102906      0.000295826    
2.88371        0.0101801      0.000294233    
2.88959        0.0101716      0.00029411     
2.89547        0.00983139     0.00028915     
2.90135        0.00991643     0.000290398    
2.90723        0.00937213     0.000282316    
2.91311        0.00905746     0.000277537    
2.91899        0.00954223     0.000284866    
2.92487        0.00853017     0.000269337    
2.93075        0.00864924     0.00027121     
2.93663        0.00887886     0.000274787    
