y              dN/dy          error          
-2.994         0              0              
-2.982         0              0              
-2.97          0              0              
-2.958         0              0              
-2.946         0              0              
-2.934         0              0              
-2.922         0              0              
-2.91          0              0              
-2.898         0              0              
-2.886         0              0              
-2.874         0              0              
-2.862         0              0              
-2.85          0              0              
-2.838         0              0              
-2.826         0              0              
-2.814         0              0              
-2.802         0              0              
-2.79          0              0              
-2.778         0              0              
-2.766         0              0              
-2.754         0              0              
-2.742         0              0              
-2.73          0              0              
-2.718         0              0              
-2.706         0              0              
-2.694         0              0              
-2.682         0              0              
-2.67          0              0              
-2.658         0              0              
-2.646         0              0              
-2.634         0              0              
-2.622         0              0              
-2.61          0              0              
-2.598         0              0              
-2.586         0              0              
-2.574         0              0              
-2.562         0              0              
-2.55          0              0              
-2.538         0              0              
-2.526         0              0              
-2.514         0              0              
-2.502         0              0              
-2.49          0              0              
-2.478         0              0              
-2.466         0              0              
-2.454         0              0              
-2.442         0              0              
-2.43          0              0              
-2.418         0              0              
-2.406         0              0              
-2.394         0              0              
-2.382         0              0              
-2.37          0              0              
-2.358         0              0              
-2.346         0              0              
-2.334         0              0              
-2.322         0              0              
-2.31          0              0              
-2.298         4.16667e-06    4.16667e-06    
-2.286         0              0              
-2.274         0              0              
-2.262         0              0              
-2.25          0              0              
-2.238         0              0              
-2.226         0              0              
-2.214         0              0              
-2.202         4.16667e-06    4.16667e-06    
-2.19          4.16667e-06    4.16667e-06    
-2.178         4.16667e-06    4.16667e-06    
-2.166         0              0              
-2.154         0              0              
-2.142         0              0              
-2.13          0              0              
-2.118         4.16667e-06    4.16667e-06    
-2.106         4.16667e-06    4.16667e-06    
-2.094         8.33333e-06    5.89256e-06    
-2.082         8.33333e-06    5.89256e-06    
-2.07          1.25e-05       7.21688e-06    
-2.058         4.16667e-06    4.16667e-06    
-2.046         4.16667e-06    4.16667e-06    
-2.034         8.33333e-06    5.89256e-06    
-2.022         2.08333e-05    9.31695e-06    
-2.01          1.66667e-05    8.33333e-06    
-1.998         2.91667e-05    1.1024e-05     
-1.986         2.91667e-05    1.1024e-05     
-1.974         2.91667e-05    1.1024e-05     
-1.962         4.16667e-05    1.31762e-05    
-1.95          6.66667e-05    1.66667e-05    
-1.938         5e-05          1.44338e-05    
-1.926         5.83333e-05    1.55902e-05    
-1.914         5.41667e-05    1.50231e-05    
-1.902         5.41667e-05    1.50231e-05    
-1.89          0.0001125      2.16506e-05    
-1.878         0.000104167    2.08333e-05    
-1.866         0.000145833    2.46503e-05    
-1.854         0.000154167    2.53448e-05    
-1.842         0.000154167    2.53448e-05    
-1.83          0.000175       2.70031e-05    
-1.818         0.000241667    3.17323e-05    
-1.806         0.00025        3.22748e-05    
-1.794         0.000229167    3.09008e-05    
-1.782         0.000275       3.38501e-05    
-1.77          0.0004375      4.26955e-05    
-1.758         0.000366667    3.90867e-05    
-1.746         0.00045        4.33012e-05    
-1.734         0.000454167    4.35012e-05    
-1.722         0.0005375      4.73241e-05    
-1.71          0.0007125      5.4486e-05     
-1.698         0.000758333    5.62112e-05    
-1.686         0.000845833    5.93656e-05    
-1.674         0.000958333    6.31903e-05    
-1.662         0.00105417     6.62745e-05    
-1.65          0.00142917     7.71671e-05    
-1.638         0.0014375      7.73917e-05    
-1.626         0.00128333     7.31241e-05    
-1.614         0.00164167     8.27052e-05    
-1.602         0.0018125      8.69018e-05    
-1.59          0.0021         9.35403e-05    
-1.578         0.00219167     9.556e-05      
-1.566         0.0025         0.000102061    
-1.554         0.0029875      0.000111568    
-1.542         0.00322083     0.000115843    
-1.53          0.00334583     0.00011807     
-1.518         0.00385833     0.00012679     
-1.506         0.00442083     0.000135717    
-1.494         0.00449167     0.0001368      
-1.482         0.0050875      0.000145591    
-1.47          0.005725       0.000154443    
-1.458         0.00615417     0.000160126    
-1.446         0.00669583     0.000167024    
-1.434         0.00755        0.000177357    
-1.422         0.00841667     0.000187259    
-1.41          0.00905833     0.000194355    
-1.398         0.009425       0.000198333    
-1.386         0.010875       0.000212853    
-1.374         0.01195        0.000223202    
-1.362         0.012875       0.000231598    
-1.35          0.0139042      0.000240819    
-1.338         0.0152833      0.000252396    
-1.326         0.0161958      0.000259883    
-1.314         0.0173292      0.000268682    
-1.302         0.0191333      0.00028238     
-1.29          0.0206333      0.000293233    
-1.278         0.0223833      0.00030535     
-1.266         0.0240375      0.000316429    
-1.254         0.0264875      0.000332211    
-1.242         0.0282125      0.000342801    
-1.23          0.0307667      0.000358073    
-1.218         0.0322958      0.000366809    
-1.206         0.0350292      0.000382006    
-1.194         0.0379792      0.000397842    
-1.182         0.0403875      0.000410249    
-1.17          0.0432792      0.000424624    
-1.158         0.0448583      0.000432335    
-1.146         0.0495292      0.000454376    
-1.134         0.05195        0.000465143    
-1.122         0.0557375      0.000481895    
-1.11          0.0592458      0.000496741    
-1.098         0.0638375      0.000515746    
-1.086         0.0691333      0.000536744    
-1.074         0.0726167      0.000550013    
-1.062         0.0764625      0.000564459    
-1.05          0.0811542      0.000581545    
-1.038         0.0871667      0.000602715    
-1.026         0.091925       0.000618826    
-1.014         0.0969875      0.000635603    
-1.002         0.102571       0.000653632    
-0.99          0.109796       0.000676468    
-0.978         0.115233       0.000692993    
-0.966         0.119554       0.000705827    
-0.954         0.125896       0.000724393    
-0.942         0.134192       0.00074759     
-0.93          0.141313       0.000767385    
-0.918         0.150487       0.00079184     
-0.906         0.157483       0.000810099    
-0.894         0.16655        0.000833168    
-0.882         0.173796       0.000851041    
-0.87          0.184833       0.000877473    
-0.858         0.190658       0.000891232    
-0.846         0.20195        0.000917467    
-0.834         0.211283       0.00093817     
-0.822         0.218104       0.000953411    
-0.81          0.229842       0.000978465    
-0.798         0.239054       0.000997901    
-0.786         0.250033       0.00102079     
-0.774         0.263375       0.00104742     
-0.762         0.2704         0.00106144     
-0.75          0.284742       0.00108912     
-0.738         0.293658       0.00110639     
-0.726         0.307067       0.00113107     
-0.714         0.321083       0.00115678     
-0.702         0.330454       0.00117354     
-0.69          0.344592       0.00119855     
-0.678         0.357942       0.0012213      
-0.666         0.36945        0.00124078     
-0.654         0.384567       0.00126593     
-0.642         0.395933       0.00128424     
-0.63          0.410688       0.00130825     
-0.618         0.422842       0.00132747     
-0.606         0.440008       0.00135406     
-0.594         0.456254       0.00137821     
-0.582         0.469246       0.00139829     
-0.57          0.48525        0.00142164     
-0.558         0.495637       0.0014369      
-0.546         0.5132         0.00146237     
-0.534         0.523967       0.00147757     
-0.522         0.539112       0.00149844     
-0.51          0.5577         0.00152481     
-0.498         0.572983       0.00154503     
-0.486         0.586042       0.00156314     
-0.474         0.598371       0.0015788      
-0.462         0.616737       0.00160304     
-0.45          0.633167       0.00162447     
-0.438         0.646758       0.00164157     
-0.426         0.664492       0.0016639      
-0.414         0.675829       0.00167767     
-0.402         0.690037       0.00169538     
-0.39          0.709767       0.00171974     
-0.378         0.721263       0.00173385     
-0.366         0.736017       0.00175137     
-0.354         0.74875        0.00176634     
-0.342         0.764654       0.00178506     
-0.33          0.781692       0.00180439     
-0.318         0.791596       0.00181598     
-0.306         0.803937       0.00183006     
-0.294         0.8162         0.00184451     
-0.282         0.829213       0.00185942     
-0.27          0.840475       0.00187119     
-0.258         0.852292       0.00188454     
-0.246         0.864246       0.00189726     
-0.234         0.876846       0.0019112      
-0.222         0.886737       0.00192146     
-0.21          0.892779       0.00192843     
-0.198         0.908721       0.00194625     
-0.186         0.915012       0.00195235     
-0.174         0.926604       0.00196493     
-0.162         0.935179       0.00197457     
-0.15          0.939062       0.00197772     
-0.138         0.948554       0.00198824     
-0.126         0.953867       0.00199401     
-0.114         0.960517       0.00200062     
-0.102         0.960642       0.0020007      
-0.09          0.969933       0.00201041     
-0.078         0.974179       0.00201462     
-0.066         0.979913       0.00202074     
-0.054         0.979067       0.00201977     
-0.042         0.98235        0.00202296     
-0.03          0.980379       0.00202102     
-0.018         0.98765        0.00202875     
-0.006         0.986529       0.00202738     
0.006          0.984521       0.002025       
0.018          0.985821       0.00202718     
0.03           0.983412       0.00202391     
0.042          0.984408       0.00202574     
0.054          0.978571       0.0020196      
0.066          0.979017       0.00202        
0.078          0.974892       0.0020154      
0.09           0.968713       0.00200912     
0.102          0.964708       0.0020046      
0.114          0.965183       0.00200565     
0.126          0.954967       0.00199437     
0.138          0.945417       0.00198472     
0.15           0.938738       0.00197737     
0.162          0.934379       0.0019732      
0.174          0.921433       0.00195918     
0.186          0.9177         0.00195488     
0.198          0.904842       0.00194122     
0.21           0.900121       0.00193686     
0.222          0.888437       0.00192395     
0.234          0.8754         0.00190962     
0.246          0.866225       0.00190071     
0.258          0.856171       0.00188932     
0.27           0.840367       0.00187192     
0.282          0.828646       0.00185861     
0.294          0.816225       0.00184433     
0.306          0.802475       0.00182807     
0.318          0.792937       0.00181743     
0.33           0.777908       0.00180036     
0.342          0.766071       0.00178664     
0.354          0.749858       0.00176749     
0.366          0.736225       0.00175102     
0.378          0.721221       0.00173326     
0.39           0.704583       0.00171337     
0.402          0.694675       0.00170161     
0.414          0.677325       0.00168003     
0.426          0.662996       0.00166252     
0.438          0.645988       0.00164033     
0.45           0.633675       0.00162493     
0.462          0.615854       0.00160179     
0.474          0.598962       0.00157998     
0.486          0.586725       0.0015634      
0.498          0.570263       0.00154191     
0.51           0.559796       0.00152687     
0.522          0.543488       0.00150464     
0.534          0.527817       0.00148285     
0.546          0.513263       0.00146229     
0.558          0.499167       0.00144208     
0.57           0.4796         0.00141362     
0.582          0.466804       0.00139408     
0.594          0.454492       0.00137616     
0.606          0.439221       0.00135267     
0.618          0.425004       0.00133108     
0.63           0.409871       0.00130681     
0.642          0.397717       0.00128717     
0.654          0.3828         0.00126302     
0.666          0.369538       0.00124101     
0.678          0.357421       0.00122035     
0.69           0.343987       0.00119705     
0.702          0.331          0.00117443     
0.714          0.319383       0.00115362     
0.726          0.308296       0.00113321     
0.738          0.293308       0.00110534     
0.75           0.284958       0.00108941     
0.762          0.271767       0.00106425     
0.774          0.260475       0.00104205     
0.786          0.251042       0.00102249     
0.798          0.237642       0.000995034    
0.81           0.230096       0.000978985    
0.822          0.218142       0.000953129    
0.834          0.207937       0.000930842    
0.846          0.201483       0.000916393    
0.858          0.191354       0.000892927    
0.87           0.1816         0.000870155    
0.882          0.173404       0.0008498      
0.894          0.1645         0.000827795    
0.906          0.157821       0.000810685    
0.918          0.149          0.00078793     
0.93           0.14285        0.000771331    
0.942          0.135942       0.000752736    
0.954          0.127671       0.000729441    
0.966          0.120346       0.000707981    
0.978          0.114479       0.000690778    
0.99           0.109908       0.000676634    
1.002          0.103413       0.000656487    
1.014          0.09565        0.000631159    
1.026          0.0927333      0.000621731    
1.038          0.086475       0.000600412    
1.05           0.0818083      0.000583939    
1.062          0.0772333      0.000567169    
1.074          0.0713792      0.000545504    
1.086          0.0668042      0.000527641    
1.098          0.0634167      0.000514046    
1.11           0.05955        0.000498083    
1.122          0.05545        0.000480616    
1.134          0.0529667      0.000469743    
1.146          0.0495917      0.000454509    
1.158          0.04615        0.000438508    
1.17           0.0425417      0.000420994    
1.182          0.0399292      0.000407917    
1.194          0.0377667      0.000396685    
1.206          0.0352375      0.00038323     
1.218          0.0324833      0.000367824    
1.23           0.0296375      0.000351447    
1.242          0.0279083      0.000340999    
1.254          0.0259875      0.000329115    
1.266          0.0242625      0.000317906    
1.278          0.02265        0.00030722     
1.29           0.0199708      0.00028849     
1.302          0.01895        0.000281025    
1.314          0.017625       0.000271029    
1.326          0.0164042      0.000261414    
1.338          0.0150917      0.00025074     
1.35           0.0133292      0.000235647    
1.362          0.0124417      0.000227744    
1.374          0.0117875      0.000221602    
1.386          0.0105125      0.000209276    
1.398          0.0094875      0.000198813    
1.41           0.0087125      0.000190612    
1.422          0.00816667     0.000184457    
1.434          0.00764167     0.00017843     
1.446          0.0068375      0.000168782    
1.458          0.00645        0.00016393     
1.47           0.00558333     0.00015252     
1.482          0.004975       0.000143972    
1.494          0.00485        0.000142152    
1.506          0.00415        0.000131495    
1.518          0.0038375      0.000126447    
1.53           0.00322917     0.000115993    
1.542          0.00305        0.000112729    
1.554          0.00309583     0.000113573    
1.566          0.00252917     0.000102654    
1.578          0.00255        0.000103076    
1.59           0.00195833     9.03301e-05    
1.602          0.001875       8.83874e-05    
1.614          0.0015625      8.06864e-05    
1.626          0.00137917     7.58052e-05    
1.638          0.00135        7.49994e-05    
1.65           0.0011875      7.03409e-05    
1.662          0.00121667     7.11995e-05    
1.674          0.00095        6.29149e-05    
1.686          0.00085        5.95116e-05    
1.698          0.00075        5.59014e-05    
1.71           0.0006625      5.25395e-05    
1.722          0.0005875      4.94763e-05    
1.734          0.000579167    4.91241e-05    
1.746          0.000458333    4.37002e-05    
1.758          0.000370833    3.93082e-05    
1.77           0.000404167    4.10368e-05    
1.782          0.000333333    3.72677e-05    
1.794          0.000241667    3.17323e-05    
1.806          0.000220833    3.03338e-05    
1.818          0.000204167    2.91666e-05    
1.83           0.0001875      2.79508e-05    
1.842          0.000166667    2.63523e-05    
1.854          0.000125       2.28218e-05    
1.866          0.000120833    2.24382e-05    
1.878          0.0001125      2.16506e-05    
1.89           8.33333e-05    1.86339e-05    
1.902          9.16667e-05    1.95434e-05    
1.914          5.83333e-05    1.55902e-05    
1.926          8.33333e-05    1.86339e-05    
1.938          4.16667e-05    1.31762e-05    
1.95           3.75e-05       1.25e-05       
1.962          2.5e-05        1.02062e-05    
1.974          3.33333e-05    1.17851e-05    
1.986          1.66667e-05    8.33333e-06    
1.998          8.33333e-06    5.89256e-06    
2.01           1.25e-05       7.21688e-06    
2.022          1.25e-05       7.21688e-06    
2.034          4.16667e-06    4.16667e-06    
2.046          1.25e-05       7.21688e-06    
2.058          1.25e-05       7.21688e-06    
2.07           8.33333e-06    5.89256e-06    
2.082          8.33333e-06    5.89256e-06    
2.094          8.33333e-06    5.89256e-06    
2.106          8.33333e-06    5.89256e-06    
2.118          0              0              
2.13           0              0              
2.142          1.25e-05       7.21688e-06    
2.154          0              0              
2.166          4.16667e-06    4.16667e-06    
2.178          0              0              
2.19           4.16667e-06    4.16667e-06    
2.202          0              0              
2.214          0              0              
2.226          0              0              
2.238          0              0              
2.25           0              0              
2.262          0              0              
2.274          0              0              
2.286          0              0              
2.298          0              0              
2.31           0              0              
2.322          0              0              
2.334          0              0              
2.346          0              0              
2.358          0              0              
2.37           0              0              
2.382          0              0              
2.394          0              0              
2.406          0              0              
2.418          0              0              
2.43           0              0              
2.442          0              0              
2.454          0              0              
2.466          0              0              
2.478          0              0              
2.49           0              0              
2.502          0              0              
2.514          0              0              
2.526          0              0              
2.538          0              0              
2.55           0              0              
2.562          0              0              
2.574          0              0              
2.586          0              0              
2.598          0              0              
2.61           0              0              
2.622          0              0              
2.634          0              0              
2.646          0              0              
2.658          0              0              
2.67           0              0              
2.682          0              0              
2.694          0              0              
2.706          0              0              
2.718          0              0              
2.73           0              0              
2.742          0              0              
2.754          0              0              
2.766          0              0              
2.778          0              0              
2.79           0              0              
2.802          0              0              
2.814          0              0              
2.826          0              0              
2.838          0              0              
2.85           0              0              
2.862          0              0              
2.874          0              0              
2.886          0              0              
2.898          0              0              
2.91           0              0              
2.922          0              0              
2.934          0              0              
2.946          0              0              
2.958          0              0              
2.97           0              0              
2.982          0              0              
2.994          0              0              
