p (GeV)        dN/dp          error          
0.00387561     6.4506e-06     6.4506e-06     
0.0116268      0              0              
0.0193781      6.4506e-06     6.4506e-06     
0.0271293      6.4506e-06     6.4506e-06     
0.0348805      1.93518e-05    1.11728e-05    
0.0426317      1.29012e-05    9.12252e-06    
0.0503829      3.2253e-05     1.4424e-05     
0.0581341      4.51542e-05    1.70667e-05    
0.0658854      3.87036e-05    1.58007e-05    
0.0736366      3.87036e-05    1.58007e-05    
0.0813878      6.4506e-05     2.03986e-05    
0.089139       5.80554e-05    1.93518e-05    
0.0968902      9.6759e-05     2.4983e-05     
0.104641       0.000154814    3.16013e-05    
0.112393       0.000116111    2.73676e-05    
0.120144       0.000199969    3.59154e-05    
0.127895       0.000187067    3.47375e-05    
0.135646       0.00021287     3.70558e-05    
0.143398       0.000225771    3.81622e-05    
0.151149       0.000277376    4.22994e-05    
0.1589         0.000309629    4.4691e-05     
0.166651       0.000354783    4.78388e-05    
0.174402       0.000406388    5.12e-05       
0.182154       0.000354783    4.78388e-05    
0.189905       0.000361233    4.82718e-05    
0.197656       0.000393486    5.03807e-05    
0.205407       0.000509597    5.73341e-05    
0.213159       0.000561202    6.0167e-05     
0.22091        0.000587004    6.15346e-05    
0.228661       0.000612807    6.28725e-05    
0.236412       0.000625708    6.35309e-05    
0.244163       0.000767621    7.03675e-05    
0.251915       0.000825676    7.29799e-05    
0.259666       0.000799874    7.18306e-05    
0.267417       0.000735368    6.88733e-05    
0.275168       0.000819226    7.26943e-05    
0.28292        0.0010321      8.1594e-05     
0.290671       0.00113531     8.55765e-05    
0.298422       0.00119336     8.77372e-05    
0.306173       0.000961139    7.87393e-05    
0.313924       0.00107725     8.33597e-05    
0.321676       0.00123851     8.93817e-05    
0.329427       0.00122561     8.89149e-05    
0.337178       0.00129012     9.12248e-05    
0.344929       0.00134172     9.30314e-05    
0.352681       0.00129657     9.14525e-05    
0.360432       0.00149009     9.804e-05      
0.368183       0.00169651     0.00010461     
0.375934       0.00170941     0.000105007    
0.383685       0.00178036     0.000107165    
0.391437       0.00189648     0.000110604    
0.399188       0.00188357     0.000110227    
0.406939       0.00172231     0.000105403    
0.41469        0.00219965     0.000119117    
0.422441       0.00176746     0.000106776    
0.430193       0.00207709     0.000115751    
0.437944       0.00234157     0.000122899    
0.445695       0.00205129     0.00011503     
0.453446       0.00233512     0.000123068    
0.461198       0.00235447     0.000123237    
0.468949       0.00245768     0.000125909    
0.4767         0.00227061     0.000121023    
0.484451       0.0027415      0.000132981    
0.492202       0.00278666     0.000134072    
0.499954       0.0026899      0.000131724    
0.507705       0.00281246     0.000134691    
0.515456       0.00288987     0.000136532    
0.523207       0.00292212     0.000137292    
0.530959       0.00339946     0.000148081    
0.53871        0.00334786     0.000146953    
0.546461       0.00332851     0.000146528    
0.554212       0.00330271     0.000145958    
0.561963       0.00328335     0.00014553     
0.569715       0.00357363     0.000151827    
0.577466       0.00387036     0.000158004    
0.585217       0.0038252      0.00015708     
0.592968       0.00409613     0.000162547    
0.60072        0.0037865      0.000156283    
0.608471       0.00419289     0.000164456    
0.616222       0.00417354     0.000164076    
0.623973       0.00421869     0.000164961    
0.631724       0.00436705     0.000167837    
0.639476       0.00422514     0.000165087    
0.647227       0.00454767     0.000171272    
0.654978       0.00441866     0.000168825    
0.662729       0.00501211     0.000179805    
0.670481       0.00530884     0.000185051    
0.678232       0.0043219      0.000166967    
0.685983       0.00515403     0.000182333    
0.693734       0.00473474     0.000174759    
0.701485       0.0054056      0.000186729    
0.709237       0.00508952     0.000181188    
0.716988       0.00537335     0.000186172    
0.724739       0.0053927      0.000186507    
0.73249        0.00521853     0.00018347     
0.740242       0.00543785     0.000187286    
0.747993       0.00561847     0.00019037     
0.755744       0.00560557     0.000190152    
0.763495       0.00554106     0.000189055    
0.771246       0.00617967     0.000199651    
0.778998       0.00586359     0.000194479    
0.786749       0.00637319     0.000202753    
0.7945         0.00662476     0.000206716    
0.802251       0.00637319     0.000202753    
0.810002       0.00672152     0.00020822     
0.817754       0.00641834     0.00020347     
0.825505       0.0065022      0.000204795    
0.833256       0.00657961     0.00020601     
0.841007       0.00665057     0.000207118    
0.848759       0.00680538     0.000209515    
0.85651        0.00672797     0.00020832     
0.864261       0.00692149     0.000211294    
0.872012       0.00734078     0.0002176      
0.879763       0.00685699     0.000210308    
0.887515       0.00720532     0.000215583    
0.895266       0.00717306     0.0002151      
0.903017       0.00694084     0.00021159     
0.910768       0.00719887     0.000215486    
0.91852        0.00751495     0.000220166    
0.926271       0.00755365     0.000220732    
0.934022       0.00748269     0.000219693    
0.941773       0.00774072     0.000223449    
0.949524       0.0081471      0.000229239    
0.957276       0.00762461     0.000221766    
0.965027       0.00816646     0.000229511    
0.972778       0.00816001     0.00022942     
0.980529       0.00774717     0.000223542    
0.988281       0.0080697      0.000228147    
0.996032       0.00839868     0.000232751    
1.00378        0.00894053     0.000240141    
1.01153        0.00828902     0.000231226    
1.01929        0.00816646     0.000229511    
1.02704        0.00851479     0.000234354    
1.03479        0.00836642     0.000232304    
1.04254        0.00825031     0.000230686    
1.05029        0.00844383     0.000233376    
1.05804        0.00895343     0.000240314    
1.06579        0.00872121     0.000237178    
1.07354        0.00881797     0.00023849     
1.0813         0.00859865     0.000235682    
1.08905        0.00895988     0.000240401    
1.0968         0.00889537     0.000239534    
1.10455        0.00887602     0.000239273    
1.1123         0.00877926     0.000237966    
1.12005        0.00934692     0.000245538    
1.1278         0.00952108     0.000247815    
1.13555        0.00943722     0.000246721    
1.1433         0.00938562     0.000246046    
1.15106        0.00877926     0.000237966    
1.15881        0.00915985     0.000243069    
1.16656        0.00943722     0.000246721    
1.17431        0.00946948     0.000247142    
1.18206        0.00883087     0.000238664    
1.18981        0.00965009     0.000249488    
1.19756        0.00941787     0.000246468    
1.20531        0.00919855     0.000243581    
1.21307        0.00954688     0.00024815     
1.22082        0.00940497     0.000246299    
1.22857        0.00895988     0.000240401    
1.23632        0.0101274      0.000255583    
1.24407        0.00960494     0.000248904    
1.25182        0.00950173     0.000247563    
1.25957        0.00957269     0.000248653    
1.26732        0.00988232     0.000252472    
1.27508        0.00958559     0.000248653    
1.28283        0.00932111     0.000245199    
1.29058        0.00944367     0.000246805    
1.29833        0.00944367     0.000246805    
1.30608        0.00977911     0.00025115     
1.31383        0.00961784     0.000249238    
1.32158        0.0100049      0.000254032    
1.32933        0.00979846     0.000251398    
1.33709        0.00985651     0.000252142    
1.34484        0.00928241     0.000244689    
1.35259        0.00977266     0.000251067    
1.36034        0.00974685     0.000250735    
1.36809        0.00942432     0.000246552    
1.37584        0.00954688     0.00024815     
1.38359        0.00940497     0.000246299    
1.39134        0.0097662      0.000250984    
1.3991         0.00963074     0.000249405    
1.40685        0.00969525     0.000250071    
1.4146         0.00941142     0.000246384    
1.42235        0.00956624     0.000248402    
1.4301         0.00943722     0.000246721    
1.43785        0.00966945     0.000249738    
1.4456         0.00965009     0.000249488    
1.45335        0.00906309     0.000241781    
1.4611         0.00972105     0.000250403    
1.46886        0.0092179      0.000243838    
1.47661        0.00983071     0.000251812    
1.48436        0.0091921      0.000243496    
1.49211        0.00922435     0.000243923    
1.49986        0.00899213     0.000240833    
1.50761        0.00955333     0.000248234    
1.51536        0.00932111     0.000245199    
1.52311        0.00908889     0.000242125    
1.53087        0.00957914     0.000248569    
1.53862        0.00872766     0.000237265    
1.54637        0.00906954     0.000241867    
1.55412        0.00907599     0.000241953    
1.56187        0.00901148     0.000241092    
1.56962        0.00854704     0.000234798    
1.57737        0.00852769     0.000234532    
1.58512        0.00887602     0.000239447    
1.59288        0.00859865     0.000235505    
1.60063        0.00869541     0.000236826    
1.60838        0.00902439     0.000241265    
1.61613        0.00908244     0.000242211    
1.62388        0.00872766     0.000237265    
1.63163        0.00847609     0.000233821    
1.63938        0.00863735     0.000236035    
1.64713        0.00845673     0.000233554    
1.65489        0.00806325     0.000228056    
1.66264        0.00837288     0.000232393    
1.67039        0.00812775     0.000228966    
1.67814        0.00816646     0.000229511    
1.68589        0.00832772     0.000231766    
1.69364        0.00848254     0.00023391     
1.70139        0.00831482     0.000231586    
1.70914        0.00783103     0.000224748    
1.7169         0.0075988      0.000221391    
1.72465        0.00760525     0.000221485    
1.7324         0.00803099     0.000227599    
1.74015        0.00794714     0.000226408    
1.7479         0.00772782     0.000223262    
1.75565        0.00764396     0.000222048    
1.7634         0.00751495     0.000220166    
1.77115        0.00792133     0.00022604     
1.7789         0.00717951     0.000215197    
1.78666        0.00723757     0.000216065    
1.79441        0.00748914     0.000219788    
1.80216        0.007573       0.000221015    
1.80991        0.00691504     0.000211196    
1.81766        0.00716661     0.000215003    
1.82541        0.00720532     0.000215583    
1.83316        0.00719242     0.00021539     
1.84091        0.00711501     0.000214228    
1.84867        0.00706985     0.000213547    
1.85642        0.0070376      0.000213059    
1.86417        0.00692794     0.000211393    
1.87192        0.00662476     0.000206716    
1.87967        0.00665702     0.000207219    
1.88742        0.0065022      0.000204795    
1.89517        0.00680538     0.000209515    
1.90292        0.00661186     0.000206515    
1.91068        0.00650865     0.000204897    
1.91843        0.00619902     0.000199964    
1.92618        0.00669572     0.00020782     
1.93393        0.00617967     0.000199651    
1.94168        0.00633449     0.000202137    
1.94943        0.00632804     0.000202034    
1.95718        0.00621838     0.000200276    
1.96493        0.00613452     0.000198921    
1.97269        0.00617967     0.000199651    
1.98044        0.00592165     0.000195439    
1.98819        0.00607001     0.000197872    
1.99594        0.00586359     0.000194479    
2.00369        0.00628933     0.000201415    
2.01144        0.00575393     0.000192652    
2.01919        0.00557977     0.000189714    
2.02694        0.00578619     0.000193191    
2.0347         0.00539915     0.000186618    
2.04245        0.0054443      0.000187397    
2.0502         0.00547656     0.000187951    
2.05795        0.00527014     0.000184375    
2.0657         0.00554751     0.000189165    
2.07345        0.00492826     0.000178295    
2.0812         0.00504437     0.000180383    
2.08895        0.00501856     0.000179921    
2.09671        0.00496696     0.000178993    
2.10446        0.00512822     0.000181876    
2.11221        0.00523789     0.00018381     
2.11996        0.0048702      0.000177241    
2.12771        0.00512177     0.000181761    
2.13546        0.0048057      0.000176064    
2.14321        0.00476054     0.000175235    
2.15096        0.00464443     0.000173085    
2.15871        0.00443801     0.000169195    
2.16647        0.00452187     0.000170786    
2.17422        0.00466378     0.000173445    
2.18197        0.00447671     0.000169931    
2.18972        0.0043477      0.000167464    
2.19747        0.00449607     0.000170298    
2.20522        0.00388971     0.000158399    
2.21297        0.00443801     0.000169195    
2.22072        0.00434125     0.00016734     
2.22848        0.00415418     0.000163695    
2.23623        0.00416064     0.000163822    
2.24398        0.00383811     0.000157345    
2.25173        0.00383165     0.000157212    
2.25948        0.0037607      0.00015575     
2.26723        0.0037736      0.000156017    
2.27498        0.00398647     0.000160357    
2.28273        0.00367684     0.000154004    
2.29049        0.00391551     0.000158923    
2.29824        0.00343817     0.000148922    
2.30599        0.00367684     0.000154004    
2.31374        0.00366394     0.000153733    
2.32149        0.00365749     0.000153598    
2.32924        0.00365749     0.000153598    
2.33699        0.00344462     0.000149061    
2.34474        0.0032382      0.000144526    
2.3525         0.00336721     0.000147377    
2.36025        0.00347042     0.000149618    
2.368          0.00296727     0.000138348    
2.37575        0.0031995      0.00014366     
2.3835         0.00320595     0.000143805    
2.39125        0.00307693     0.000140881    
2.399          0.00314144     0.000142351    
2.40675        0.00301243     0.000139397    
2.41451        0.00298018     0.000138649    
2.42226        0.00295437     0.000138047    
2.43001        0.00307048     0.000140734    
2.43776        0.00285761     0.000135768    
2.44551        0.00301243     0.000139397    
2.45326        0.00262539     0.000130135    
2.46101        0.00278666     0.000134072    
2.46876        0.00269635     0.000131881    
2.47651        0.00278021     0.000133916    
2.48427        0.00246413     0.000126075    
2.49202        0.00261249     0.000129814    
2.49977        0.00248348     0.000126569    
2.50752        0.00258669     0.000129172    
2.51527        0.00250928     0.000127224    
2.52302        0.00243833     0.000125413    
2.53077        0.00234157     0.000122899    
2.53852        0.00225771     0.000120679    
2.54628        0.00252218     0.000127551    
2.55403        0.00234802     0.000123068    
2.56178        0.00194808     0.000112099    
2.56953        0.00224481     0.000120333    
2.57728        0.00228996     0.000121537    
2.58503        0.00193518     0.000111727    
2.59278        0.00192873     0.00011154     
2.60053        0.00210289     0.000116468    
2.60829        0.0021287      0.00011718     
2.61604        0.00202549     0.000114304    
2.62379        0.0021545      0.000117888    
2.63154        0.00193518     0.000111727    
2.63929        0.00203194     0.000114486    
2.64704        0.00204484     0.000114849    
2.65479        0.00187712     0.000110038    
2.66254        0.00182552     0.000108515    
2.6703         0.00192873     0.00011154     
2.67805        0.00184487     0.000109089    
2.6858         0.00169006     0.000104411    
2.69355        0.00172231     0.000105403    
2.7013         0.00171586     0.000105205    
2.70905        0.00152879     9.93051e-05    
2.7168         0.00161265     0.000101992    
2.72455        0.00145138     9.67584e-05    
2.73231        0.00161265     0.000101992    
2.74006        0.00165135     0.000103209    
2.74781        0.00129012     9.12248e-05    
2.75556        0.00156104     0.000100347    
2.76331        0.00145784     9.69732e-05    
2.77106        0.00147074     9.74013e-05    
2.77881        0.00144493     9.65432e-05    
2.78656        0.00149009     9.804e-05      
2.79431        0.00138043     9.43636e-05    
2.80207        0.00143848     9.63274e-05    
2.80982        0.00123851     8.93817e-05    
2.81757        0.00124497     8.96141e-05    
2.82532        0.00132882     9.2583e-05     
2.83307        0.00134817     9.32547e-05    
2.84082        0.00121916     8.86806e-05    
2.84857        0.00119336     8.77372e-05    
2.85632        0.00136108     9.36998e-05    
2.86408        0.00130947     9.19064e-05    
2.87183        0.0011224      8.50889e-05    
2.87958        0.00112885     8.5333e-05     
2.88733        0.00130302     9.16798e-05    
2.89508        0.0010966      8.41051e-05    
2.90283        0.000948238    7.82091e-05    
2.91058        0.000999843    8.0309e-05     
2.91833        0.000954688    7.84746e-05    
2.92609        0.000993392    8.00495e-05    
2.93384        0.000993392    8.00495e-05    
2.94159        0.00106435     8.28591e-05    
2.94934        0.00100629     8.05676e-05    
2.95709        0.00101274     8.08254e-05    
2.96484        0.00096759     7.90031e-05    
2.97259        0.000986941    7.97892e-05    
2.98034        0.000903084    7.63242e-05    
2.9881         0.000832127    7.32645e-05    
2.99585        0.000909534    7.65963e-05    
3.0036         0.000909534    7.65963e-05    
3.01135        0.000877281    7.5226e-05     
3.0191         0.000838578    7.35479e-05    
3.02685        0.000845028    7.38302e-05    
3.0346         0.000703115    6.7346e-05     
3.04235        0.000774072    7.06625e-05    
3.05011        0.000728918    6.85706e-05    
3.05786        0.00086438     7.46708e-05    
3.06561        0.000767621    7.03675e-05    
3.07336        0.000638609    6.41825e-05    
3.08111        0.000664412    6.54662e-05    
3.08886        0.000683763    6.64128e-05    
3.09661        0.000735368    6.88733e-05    
3.10436        0.000670862    6.57833e-05    
3.11211        0.000677313    6.60988e-05    
3.11987        0.000690214    6.67253e-05    
3.12762        0.000664412    6.54662e-05    
3.13537        0.000735368    6.88733e-05    
3.14312        0.000612807    6.28725e-05    
3.15087        0.00065151     6.48275e-05    
3.15862        0.000612807    6.28725e-05    
3.16637        0.000625708    6.35309e-05    
3.17412        0.000606356    6.25407e-05    
3.18188        0.00054185     5.91206e-05    
3.18963        0.000599906    6.22072e-05    
3.19738        0.000509597    5.73341e-05    
3.20513        0.000574103    6.08547e-05    
3.21288        0.000593455    6.18718e-05    
3.22063        0.000477344    5.549e-05      
3.22838        0.000503147    5.697e-05      
3.23613        0.000561202    6.0167e-05     
3.24389        0.000490245    5.62349e-05    
3.25164        0.000406388    5.12e-05       
3.25939        0.000496696    5.66037e-05    
3.26714        0.000445091    5.35826e-05    
3.27489        0.000464443    5.4735e-05     
3.28264        0.000425739    5.24048e-05    
3.29039        0.000464443    5.4735e-05     
3.29814        0.000419289    5.20063e-05    
3.3059         0.000380585    4.95479e-05    
3.31365        0.000425739    5.24048e-05    
3.3214         0.000341882    4.6961e-05     
3.32915        0.000464443    5.4735e-05     
3.3369         0.000374135    4.91262e-05    
3.34465        0.000438641    5.31929e-05    
3.3524         0.000387036    4.9966e-05     
3.36015        0.000451542    5.39695e-05    
3.36791        0.000393486    5.03807e-05    
3.37566        0.000399937    5.0792e-05     
3.38341        0.000393486    5.03807e-05    
3.39116        0.00032253     4.56126e-05    
3.39891        0.000361233    4.82718e-05    
3.40666        0.000335431    4.65159e-05    
3.41441        0.000316079    4.51541e-05    
3.42216        0.000303178    4.4223e-05     
3.42991        0.000258024    4.07971e-05    
3.43767        0.00021287     3.70558e-05    
3.44542        0.000264474    4.13039e-05    
3.45317        0.000303178    4.4223e-05     
3.46092        0.000380585    4.95479e-05    
3.46867        0.000367684    4.87009e-05    
3.47642        0.000238672    3.92374e-05    
3.48417        0.000296727    4.375e-05      
3.49192        0.000309629    4.4691e-05     
3.49968        0.000225771    3.81622e-05    
3.50743        0.000264474    4.13039e-05    
3.51518        0.000277376    4.22994e-05    
3.52293        0.000290277    4.32719e-05    
3.53068        0.000316079    4.51541e-05    
3.53843        0.000258024    4.07971e-05    
3.54618        0.000199969    3.59154e-05    
3.55393        0.000251573    4.02839e-05    
3.56169        0.000225771    3.81622e-05    
3.56944        0.000135463    2.95603e-05    
3.57719        0.000154814    3.16013e-05    
3.58494        0.000154814    3.16013e-05    
3.59269        0.000258024    4.07971e-05    
3.60044        0.000187067    3.47375e-05    
3.60819        0.000187067    3.47375e-05    
3.61594        0.000187067    3.47375e-05    
3.6237         0.000174166    3.35183e-05    
3.63145        0.000180617    3.41333e-05    
3.6392         0.000141913    3.0256e-05     
3.64695        0.000199969    3.59154e-05    
3.6547         0.000148364    3.0936e-05     
3.66245        0.000154814    3.16013e-05    
3.6702         0.000116111    2.73676e-05    
3.67795        0.000193518    3.53314e-05    
3.68571        0.000187067    3.47375e-05    
3.69346        8.38578e-05    2.3258e-05     
3.70121        0.000148364    3.0936e-05     
3.70896        0.000141913    3.0256e-05     
3.71671        0.000154814    3.16013e-05    
3.72446        0.000141913    3.0256e-05     
3.73221        0.000167716    3.28917e-05    
3.73996        0.000129012    2.88479e-05    
3.74771        9.6759e-05     2.4983e-05     
3.75547        0.000141913    3.0256e-05     
3.76322        9.6759e-05     2.4983e-05     
3.77097        6.4506e-05     2.03986e-05    
3.77872        7.09566e-05    2.13942e-05    
3.78647        0.000161265    3.2253e-05     
3.79422        9.03084e-05    2.41359e-05    
3.80197        0.000129012    2.88479e-05    
3.80972        0.000122561    2.81175e-05    
3.81748        0.000129012    2.88479e-05    
3.82523        0.000116111    2.73676e-05    
3.83298        5.80554e-05    1.93518e-05    
3.84073        0.000129012    2.88479e-05    
3.84848        8.38578e-05    2.3258e-05     
3.85623        0.00010966     2.65965e-05    
3.86398        7.74072e-05    2.23455e-05    
3.87173        8.38578e-05    2.3258e-05     
