pT (GeV)       dN/dpt         error          
0.00580839     0              0              
0.0174252      0              0              
0.029042       0              0              
0.0406587      4.30412e-06    4.30412e-06    
0.0522755      0              0              
0.0638923      0              0              
0.0755091      0              0              
0.0871259      0              0              
0.0987426      4.30412e-06    4.30412e-06    
0.110359       0              0              
0.121976       0              0              
0.133593       4.30412e-06    4.30412e-06    
0.14521        0              0              
0.156827       4.30412e-06    4.30412e-06    
0.168443       0              0              
0.18006        4.30412e-06    4.30412e-06    
0.191677       0              0              
0.203294       8.60824e-06    6.08694e-06    
0.21491        4.30412e-06    4.30412e-06    
0.226527       1.72165e-05    8.60824e-06    
0.238144       4.30412e-06    4.30412e-06    
0.249761       0              0              
0.261378       4.30412e-06    4.30412e-06    
0.272994       8.60824e-06    6.08694e-06    
0.284611       4.30412e-06    4.30412e-06    
0.296228       0              0              
0.307845       4.30412e-06    4.30412e-06    
0.319461       1.29124e-05    7.45495e-06    
0.331078       8.60824e-06    6.08694e-06    
0.342695       8.60824e-06    6.08694e-06    
0.354312       1.29124e-05    7.45495e-06    
0.365929       4.30412e-06    4.30412e-06    
0.377545       4.30412e-06    4.30412e-06    
0.389162       3.87371e-05    1.29124e-05    
0.400779       8.60824e-06    6.08694e-06    
0.412396       1.29124e-05    7.45495e-06    
0.424012       8.60824e-06    6.08694e-06    
0.435629       8.60824e-06    6.08694e-06    
0.447246       2.58247e-05    1.05429e-05    
0.458863       4.30412e-06    4.30412e-06    
0.47048        1.29124e-05    7.45495e-06    
0.482096       0              0              
0.493713       2.15206e-05    9.6243e-06     
0.50533        4.30412e-06    4.30412e-06    
0.516947       8.60824e-06    6.08694e-06    
0.528563       2.15206e-05    9.6243e-06     
0.54018        4.30412e-06    4.30412e-06    
0.551797       1.72165e-05    8.60824e-06    
0.563414       8.60824e-06    6.08694e-06    
0.575031       2.15206e-05    9.6243e-06     
0.586647       8.60824e-06    6.08694e-06    
0.598264       4.30412e-06    4.30412e-06    
0.609881       1.72165e-05    8.60824e-06    
0.621498       4.30412e-06    4.30412e-06    
0.633115       1.29124e-05    7.45495e-06    
0.644731       4.30412e-06    4.30412e-06    
0.656348       1.72165e-05    8.60824e-06    
0.667965       1.29124e-05    7.45495e-06    
0.679582       1.29124e-05    7.45495e-06    
0.691198       3.01288e-05    1.13876e-05    
0.702815       1.72165e-05    8.60824e-06    
0.714432       8.60824e-06    6.08694e-06    
0.726049       2.58247e-05    1.05429e-05    
0.737666       1.72165e-05    8.60824e-06    
0.749282       1.29124e-05    7.45495e-06    
0.760899       8.60824e-06    6.08694e-06    
0.772516       8.60824e-06    6.08694e-06    
0.784133       8.60824e-06    6.08694e-06    
0.795749       1.29124e-05    7.45495e-06    
0.807366       2.58247e-05    1.05429e-05    
0.818983       4.30412e-06    4.30412e-06    
0.8306         2.58247e-05    1.05429e-05    
0.842217       4.30412e-06    4.30412e-06    
0.853833       1.29124e-05    7.45495e-06    
0.86545        2.58247e-05    1.05429e-05    
0.877067       8.60824e-06    6.08694e-06    
0.888684       3.44329e-05    1.21739e-05    
0.9003         1.72165e-05    8.60824e-06    
0.911917       1.72165e-05    8.60824e-06    
0.923534       2.15206e-05    9.6243e-06     
0.935151       1.29124e-05    7.45495e-06    
0.946768       1.72165e-05    8.60824e-06    
0.958384       1.72165e-05    8.60824e-06    
0.970001       3.01288e-05    1.13876e-05    
0.981618       1.72165e-05    8.60824e-06    
0.993235       1.72165e-05    8.60824e-06    
1.00485        1.72165e-05    8.60824e-06    
1.01647        2.15206e-05    9.6243e-06     
1.02809        1.29124e-05    7.45495e-06    
1.0397         2.15206e-05    9.6243e-06     
1.05132        2.15206e-05    9.6243e-06     
1.06294        2.15206e-05    9.6243e-06     
1.07455        3.87371e-05    1.29124e-05    
1.08617        2.15206e-05    9.6243e-06     
1.09779        2.15206e-05    9.6243e-06     
1.1094         8.60824e-06    6.08694e-06    
1.12102        3.01288e-05    1.13876e-05    
1.13264        2.58247e-05    1.05429e-05    
1.14425        4.30412e-06    4.30412e-06    
1.15587        2.58247e-05    1.05429e-05    
1.16749        8.60824e-06    6.08694e-06    
1.1791         2.15206e-05    9.6243e-06     
1.19072        3.01288e-05    1.13876e-05    
1.20234        2.15206e-05    9.6243e-06     
1.21395        2.15206e-05    9.6243e-06     
1.22557        3.87371e-05    1.29124e-05    
1.23719        3.44329e-05    1.21739e-05    
1.2488         1.29124e-05    7.45495e-06    
1.26042        2.15206e-05    9.6243e-06     
1.27204        1.29124e-05    7.45495e-06    
1.28365        8.60824e-06    6.08694e-06    
1.29527        3.01288e-05    1.13876e-05    
1.30689        3.01288e-05    1.13876e-05    
1.3185         3.44329e-05    1.21739e-05    
1.33012        2.58247e-05    1.05429e-05    
1.34174        2.58247e-05    1.05429e-05    
1.35335        2.58247e-05    1.05429e-05    
1.36497        1.72165e-05    8.60824e-06    
1.37659        1.72165e-05    8.60824e-06    
1.38821        2.58247e-05    1.05429e-05    
1.39982        1.29124e-05    7.45495e-06    
1.41144        8.60824e-06    6.08694e-06    
1.42306        2.15206e-05    9.6243e-06     
1.43467        8.60824e-06    6.08694e-06    
1.44629        2.15206e-05    9.6243e-06     
1.45791        1.72165e-05    8.60824e-06    
1.46952        2.15206e-05    9.6243e-06     
1.48114        3.44329e-05    1.21739e-05    
1.49276        1.29124e-05    7.45495e-06    
1.50437        2.15206e-05    9.6243e-06     
1.51599        2.58247e-05    1.05429e-05    
1.52761        1.72165e-05    8.60824e-06    
1.53922        1.29124e-05    7.45495e-06    
1.55084        2.15206e-05    9.6243e-06     
1.56246        1.72165e-05    8.60824e-06    
1.57407        8.60824e-06    6.08694e-06    
1.58569        1.72165e-05    8.60824e-06    
1.59731        1.72165e-05    8.60824e-06    
1.60892        1.29124e-05    7.45495e-06    
1.62054        4.30412e-06    4.30412e-06    
1.63216        1.29124e-05    7.45495e-06    
1.64377        2.58247e-05    1.05429e-05    
1.65539        1.29124e-05    7.45495e-06    
1.66701        2.58247e-05    1.05429e-05    
1.67862        2.58247e-05    1.05429e-05    
1.69024        3.44329e-05    1.21739e-05    
1.70186        1.29124e-05    7.45495e-06    
1.71348        2.58247e-05    1.05429e-05    
1.72509        2.15206e-05    9.6243e-06     
1.73671        4.30412e-06    4.30412e-06    
1.74833        8.60824e-06    6.08694e-06    
1.75994        4.30412e-06    4.30412e-06    
1.77156        1.72165e-05    8.60824e-06    
1.78318        1.72165e-05    8.60824e-06    
1.79479        2.15206e-05    9.6243e-06     
1.80641        3.44329e-05    1.21739e-05    
1.81803        2.15206e-05    9.6243e-06     
1.82964        1.29124e-05    7.45495e-06    
1.84126        2.58247e-05    1.05429e-05    
1.85288        1.29124e-05    7.45495e-06    
1.86449        1.72165e-05    8.60824e-06    
1.87611        1.72165e-05    8.60824e-06    
1.88773        2.15206e-05    9.6243e-06     
1.89934        8.60824e-06    6.08694e-06    
1.91096        3.01288e-05    1.13876e-05    
1.92258        3.01288e-05    1.13876e-05    
1.93419        2.15206e-05    9.6243e-06     
1.94581        4.30412e-06    4.30412e-06    
1.95743        8.60824e-06    6.08694e-06    
1.96904        1.72165e-05    8.60824e-06    
1.98066        2.58247e-05    1.05429e-05    
1.99228        3.01288e-05    1.13876e-05    
2.00389        1.29124e-05    7.45495e-06    
2.01551        1.29124e-05    7.45495e-06    
2.02713        1.29124e-05    7.45495e-06    
2.03874        8.60824e-06    6.08694e-06    
2.05036        0              0              
2.06198        8.60824e-06    6.08694e-06    
2.0736         1.29124e-05    7.45495e-06    
2.08521        1.29124e-05    7.45495e-06    
2.09683        4.30412e-06    4.30412e-06    
2.10845        1.72165e-05    8.60824e-06    
2.12006        8.60824e-06    6.08694e-06    
2.13168        4.30412e-06    4.30412e-06    
2.1433         2.15206e-05    9.6243e-06     
2.15491        2.15206e-05    9.6243e-06     
2.16653        1.72165e-05    8.60824e-06    
2.17815        1.29124e-05    7.45495e-06    
2.18976        2.15206e-05    9.6243e-06     
2.20138        8.60824e-06    6.08694e-06    
2.213          8.60824e-06    6.08694e-06    
2.22461        1.72165e-05    8.60824e-06    
2.23623        0              0              
2.24785        4.30412e-06    4.30412e-06    
2.25946        8.60824e-06    6.08694e-06    
2.27108        8.60824e-06    6.08694e-06    
2.2827         8.60824e-06    6.08694e-06    
2.29431        8.60824e-06    6.08694e-06    
2.30593        8.60824e-06    6.08694e-06    
2.31755        4.30412e-06    4.30412e-06    
2.32916        1.72165e-05    8.60824e-06    
2.34078        2.15206e-05    9.6243e-06     
2.3524         8.60824e-06    6.08694e-06    
2.36401        8.60824e-06    6.08694e-06    
2.37563        1.29124e-05    7.45495e-06    
2.38725        1.72165e-05    8.60824e-06    
2.39887        2.15206e-05    9.6243e-06     
2.41048        0              0              
2.4221         1.72165e-05    8.60824e-06    
2.43372        4.30412e-06    4.30412e-06    
2.44533        1.72165e-05    8.60824e-06    
2.45695        8.60824e-06    6.08694e-06    
2.46857        1.29124e-05    7.45495e-06    
2.48018        0              0              
2.4918         4.30412e-06    4.30412e-06    
2.50342        8.60824e-06    6.08694e-06    
2.51503        8.60824e-06    6.08694e-06    
2.52665        8.60824e-06    6.08694e-06    
2.53827        1.29124e-05    7.45495e-06    
2.54988        4.30412e-06    4.30412e-06    
2.5615         8.60824e-06    6.08694e-06    
2.57312        1.29124e-05    7.45495e-06    
2.58473        1.29124e-05    7.45495e-06    
2.59635        8.60824e-06    6.08694e-06    
2.60797        4.30412e-06    4.30412e-06    
2.61958        4.30412e-06    4.30412e-06    
2.6312         8.60824e-06    6.08694e-06    
2.64282        8.60824e-06    6.08694e-06    
2.65443        4.30412e-06    4.30412e-06    
2.66605        2.15206e-05    9.6243e-06     
2.67767        1.29124e-05    7.45495e-06    
2.68928        8.60824e-06    6.08694e-06    
2.7009         1.72165e-05    8.60824e-06    
2.71252        8.60824e-06    6.08694e-06    
2.72413        1.72165e-05    8.60824e-06    
2.73575        2.15206e-05    9.6243e-06     
2.74737        0              0              
2.75899        0              0              
2.7706         4.30412e-06    4.30412e-06    
2.78222        4.30412e-06    4.30412e-06    
2.79384        4.30412e-06    4.30412e-06    
2.80545        8.60824e-06    6.08694e-06    
2.81707        4.30412e-06    4.30412e-06    
2.82869        0              0              
2.8403         4.30412e-06    4.30412e-06    
2.85192        2.58247e-05    1.05429e-05    
2.86354        8.60824e-06    6.08694e-06    
2.87515        8.60824e-06    6.08694e-06    
2.88677        1.29124e-05    7.45495e-06    
2.89839        2.15206e-05    9.6243e-06     
2.91           1.29124e-05    7.45495e-06    
2.92162        0              0              
2.93324        4.30412e-06    4.30412e-06    
2.94485        4.30412e-06    4.30412e-06    
2.95647        0              0              
2.96809        4.30412e-06    4.30412e-06    
2.9797         2.15206e-05    9.6243e-06     
2.99132        1.29124e-05    7.45495e-06    
3.00294        1.29124e-05    7.45495e-06    
3.01455        0              0              
3.02617        4.30412e-06    4.30412e-06    
3.03779        4.30412e-06    4.30412e-06    
3.0494         0              0              
3.06102        0              0              
3.07264        1.29124e-05    7.45495e-06    
3.08426        8.60824e-06    6.08694e-06    
3.09587        0              0              
3.10749        0              0              
3.11911        0              0              
3.13072        1.29124e-05    7.45495e-06    
3.14234        4.30412e-06    4.30412e-06    
3.15396        0              0              
3.16557        4.30412e-06    4.30412e-06    
3.17719        0              0              
3.18881        4.30412e-06    4.30412e-06    
3.20042        8.60824e-06    6.08694e-06    
3.21204        0              0              
3.22366        0              0              
3.23527        0              0              
3.24689        4.30412e-06    4.30412e-06    
3.25851        4.30412e-06    4.30412e-06    
3.27012        0              0              
3.28174        8.60824e-06    6.08694e-06    
3.29336        0              0              
3.30497        0              0              
3.31659        4.30412e-06    4.30412e-06    
3.32821        4.30412e-06    4.30412e-06    
3.33982        4.30412e-06    4.30412e-06    
3.35144        0              0              
3.36306        8.60824e-06    6.08694e-06    
3.37467        4.30412e-06    4.30412e-06    
3.38629        4.30412e-06    4.30412e-06    
3.39791        0              0              
3.40952        0              0              
3.42114        0              0              
3.43276        0              0              
3.44438        0              0              
3.45599        8.60824e-06    6.08694e-06    
3.46761        8.60824e-06    6.08694e-06    
3.47923        0              0              
3.49084        0              0              
3.50246        0              0              
3.51408        0              0              
3.52569        4.30412e-06    4.30412e-06    
3.53731        0              0              
3.54893        0              0              
3.56054        4.30412e-06    4.30412e-06    
3.57216        0              0              
3.58378        0              0              
3.59539        0              0              
3.60701        0              0              
3.61863        0              0              
3.63024        4.30412e-06    4.30412e-06    
3.64186        8.60824e-06    6.08694e-06    
3.65348        0              0              
3.66509        0              0              
3.67671        0              0              
3.68833        0              0              
3.69994        0              0              
3.71156        0              0              
3.72318        0              0              
3.73479        0              0              
3.74641        0              0              
3.75803        0              0              
3.76965        0              0              
3.78126        0              0              
3.79288        0              0              
3.8045         4.30412e-06    4.30412e-06    
3.81611        0              0              
3.82773        4.30412e-06    4.30412e-06    
3.83935        0              0              
3.85096        0              0              
3.86258        8.60824e-06    6.08694e-06    
3.8742         0              0              
3.88581        0              0              
3.89743        0              0              
3.90905        4.30412e-06    4.30412e-06    
3.92066        0              0              
3.93228        4.30412e-06    4.30412e-06    
3.9439         0              0              
3.95551        0              0              
3.96713        0              0              
3.97875        0              0              
3.99036        0              0              
4.00198        0              0              
4.0136         0              0              
4.02521        0              0              
4.03683        0              0              
4.04845        0              0              
4.06006        0              0              
4.07168        4.30412e-06    4.30412e-06    
4.0833         0              0              
4.09491        0              0              
4.10653        0              0              
4.11815        0              0              
4.12977        0              0              
4.14138        0              0              
4.153          0              0              
4.16462        0              0              
4.17623        0              0              
4.18785        0              0              
4.19947        0              0              
4.21108        0              0              
4.2227         0              0              
4.23432        0              0              
4.24593        0              0              
4.25755        0              0              
4.26917        0              0              
4.28078        0              0              
4.2924         0              0              
4.30402        0              0              
4.31563        4.30412e-06    4.30412e-06    
4.32725        0              0              
4.33887        0              0              
4.35048        0              0              
4.3621         0              0              
4.37372        0              0              
4.38533        0              0              
4.39695        0              0              
4.40857        0              0              
4.42018        0              0              
4.4318         0              0              
4.44342        0              0              
4.45504        0              0              
4.46665        0              0              
4.47827        4.30412e-06    4.30412e-06    
4.48989        0              0              
4.5015         0              0              
4.51312        0              0              
4.52474        0              0              
4.53635        0              0              
4.54797        0              0              
4.55959        0              0              
4.5712         0              0              
4.58282        0              0              
4.59444        0              0              
4.60605        0              0              
4.61767        0              0              
4.62929        0              0              
4.6409         0              0              
4.65252        0              0              
4.66414        0              0              
4.67575        0              0              
4.68737        0              0              
4.69899        0              0              
4.7106         0              0              
4.72222        0              0              
4.73384        0              0              
4.74545        0              0              
4.75707        0              0              
4.76869        0              0              
4.7803         0              0              
4.79192        0              0              
4.80354        0              0              
4.81516        0              0              
4.82677        0              0              
4.83839        0              0              
4.85001        4.30412e-06    4.30412e-06    
4.86162        0              0              
4.87324        0              0              
4.88486        0              0              
4.89647        0              0              
4.90809        0              0              
4.91971        0              0              
4.93132        0              0              
4.94294        0              0              
4.95456        0              0              
4.96617        0              0              
4.97779        0              0              
4.98941        0              0              
5.00102        0              0              
5.01264        0              0              
5.02426        0              0              
5.03587        0              0              
5.04749        0              0              
5.05911        0              0              
5.07072        0              0              
5.08234        0              0              
5.09396        0              0              
5.10557        0              0              
5.11719        0              0              
5.12881        0              0              
5.14043        0              0              
5.15204        0              0              
5.16366        0              0              
5.17528        0              0              
5.18689        0              0              
5.19851        0              0              
5.21013        0              0              
5.22174        0              0              
5.23336        0              0              
5.24498        0              0              
5.25659        0              0              
5.26821        0              0              
5.27983        0              0              
5.29144        0              0              
5.30306        0              0              
5.31468        0              0              
5.32629        0              0              
5.33791        0              0              
5.34953        0              0              
5.36114        0              0              
5.37276        0              0              
5.38438        0              0              
5.39599        0              0              
5.40761        0              0              
5.41923        0              0              
5.43084        0              0              
5.44246        0              0              
5.45408        0              0              
5.46569        0              0              
5.47731        0              0              
5.48893        0              0              
5.50055        0              0              
5.51216        0              0              
5.52378        0              0              
5.5354         0              0              
5.54701        0              0              
5.55863        0              0              
5.57025        0              0              
5.58186        0              0              
5.59348        0              0              
5.6051         0              0              
5.61671        0              0              
5.62833        0              0              
5.63995        0              0              
5.65156        0              0              
5.66318        0              0              
5.6748         0              0              
5.68641        0              0              
5.69803        0              0              
5.70965        0              0              
5.72126        0              0              
5.73288        0              0              
5.7445         0              0              
5.75611        0              0              
5.76773        0              0              
5.77935        0              0              
5.79096        0              0              
5.80258        0              0              
