pT (GeV)       dN/dpt         error          
0.00393827     0.0197422      0.000353982    
0.0118148      0.0609595      0.000622178    
0.0196914      0.100495       0.000798746    
0.0275679      0.140042       0.000942895    
0.0354444      0.178416       0.00106435     
0.043321       0.220141       0.0011821      
0.0511975      0.254998       0.00127259     
0.0590741      0.298221       0.00137583     
0.0669506      0.337997       0.00146468     
0.0748272      0.372517       0.00153763     
0.0827037      0.413551       0.00162015     
0.0905803      0.447404       0.00168552     
0.0984568      0.487631       0.00175929     
0.106333       0.524405       0.0018246      
0.11421        0.565876       0.0018952      
0.122086       0.598994       0.00194996     
0.129963       0.637754       0.00201185     
0.13784        0.672859       0.0020669      
0.145716       0.70265        0.00211156     
0.153593       0.738604       0.00216522     
0.161469       0.77195        0.00221378     
0.169346       0.807302       0.00226463     
0.177222       0.842229       0.00231251     
0.185099       0.871645       0.00235202     
0.192975       0.906318       0.00239892     
0.200852       0.937181       0.00243943     
0.208728       0.968908       0.00247992     
0.216605       0.995132       0.00251315     
0.224482       1.029          0.00255501     
0.232358       1.05051        0.00258215     
0.240235       1.08514        0.00262413     
0.248111       1.11247        0.0026572      
0.255988       1.13496        0.00268432     
0.263864       1.1589         0.00271228     
0.271741       1.18348        0.00274035     
0.279617       1.20953        0.00277034     
0.287494       1.23468        0.00279945     
0.29537        1.25462        0.00282229     
0.303247       1.27671        0.00284612     
0.311123       1.29803        0.0028703      
0.319          1.31921        0.00289371     
0.326877       1.34083        0.00291768     
0.334753       1.35832        0.00293605     
0.34263        1.3724         0.00295162     
0.350506       1.39341        0.00297392     
0.358383       1.4136         0.00299624     
0.366259       1.43011        0.00301333     
0.374136       1.44167        0.00302517     
0.382012       1.45239        0.00303586     
0.389889       1.46616        0.00305105     
0.397765       1.47902        0.00306388     
0.405642       1.48575        0.00307086     
0.413519       1.50042        0.00308591     
0.421395       1.51301        0.00309874     
0.429272       1.51738        0.00310361     
0.437148       1.53232        0.00311898     
0.445025       1.54358        0.00313039     
0.452901       1.54476        0.00313114     
0.460778       1.55384        0.00313994     
0.468654       1.55618        0.00314245     
0.476531       1.5687         0.00315614     
0.484407       1.56631        0.00315382     
0.492284       1.57584        0.00316347     
0.500161       1.57678        0.00316408     
0.508037       1.58271        0.00317007     
0.515914       1.5813         0.00316793     
0.52379        1.578          0.0031654      
0.531667       1.58288        0.00316886     
0.539543       1.58014        0.00316768     
0.54742        1.58186        0.00316889     
0.555296       1.57654        0.00316322     
0.563173       1.58047        0.00316727     
0.571049       1.57518        0.00316196     
0.578926       1.57431        0.00316081     
0.586803       1.57223        0.00315862     
0.594679       1.57014        0.00315782     
0.602556       1.56213        0.00314923     
0.610432       1.55858        0.00314591     
0.618309       1.55271        0.00313945     
0.626185       1.54831        0.00313534     
0.634062       1.54141        0.00312734     
0.641938       1.52745        0.00311367     
0.649815       1.52486        0.00311159     
0.657691       1.51699        0.00310272     
0.665568       1.5148         0.00310059     
0.673445       1.50309        0.00308875     
0.681321       1.49474        0.00308056     
0.689198       1.48349        0.00306902     
0.697074       1.47446        0.00305903     
0.704951       1.46169        0.00304679     
0.712827       1.45608        0.00304052     
0.720704       1.45012        0.00303421     
0.72858        1.43573        0.00301902     
0.736457       1.42483        0.003008       
0.744333       1.41494        0.00299663     
0.75221        1.40979        0.00299283     
0.760086       1.39109        0.00297124     
0.767963       1.38238        0.00296265     
0.77584        1.36723        0.00294572     
0.783716       1.35511        0.0029327      
0.791593       1.34666        0.00292345     
0.799469       1.32872        0.00290377     
0.807346       1.32177        0.00289638     
0.815222       1.30936        0.002884       
0.823099       1.29495        0.00286648     
0.830975       1.2813         0.00285201     
0.838852       1.27046        0.00283955     
0.846728       1.25516        0.00282312     
0.854605       1.23991        0.00280517     
0.862482       1.23022        0.00279465     
0.870358       1.21615        0.00277899     
0.878235       1.20439        0.00276547     
0.886111       1.18983        0.00274802     
0.893988       1.17532        0.00273164     
0.901864       1.16143        0.00271419     
0.909741       1.14889        0.00269983     
0.917617       1.13578        0.00268505     
0.925494       1.12134        0.00266703     
0.93337        1.10729        0.00265106     
0.941247       1.09331        0.00263375     
0.949124       1.07965        0.00261752     
0.957          1.0681         0.002604       
0.964877       1.05066        0.00258261     
0.972753       1.03627        0.00256451     
0.98063        1.02426        0.00254991     
0.988506       1.01277        0.00253538     
0.996383       1.00147        0.00252111     
1.00426        0.984874       0.00250047     
1.01214        0.967531       0.00247854     
1.02001        0.960123       0.00246898     
1.02789        0.944799       0.0024485      
1.03577        0.931189       0.00243139     
1.04364        0.917496       0.00241382     
1.05152        0.90428        0.00239588     
1.0594         0.888492       0.00237468     
1.06727        0.878215       0.00236067     
1.07515        0.868636       0.00234839     
1.08302        0.849821       0.00232272     
1.0909         0.83649        0.0023045      
1.09878        0.825102       0.00228863     
1.10665        0.81909        0.00228055     
1.11453        0.803754       0.00225897     
1.12241        0.790518       0.00224046     
1.13028        0.776699       0.00222066     
1.13816        0.768046       0.00220824     
1.14604        0.752487       0.00218545     
1.15391        0.740464       0.00216836     
1.16179        0.727997       0.00214999     
1.16967        0.716913       0.00213316     
1.17754        0.706763       0.00211797     
1.18542        0.695673       0.00210187     
1.1933         0.680375       0.00207876     
1.20117        0.670922       0.00206384     
1.20905        0.656932       0.00204228     
1.21693        0.649949       0.00203161     
1.2248         0.636637       0.00201006     
1.23268        0.628645       0.00199749     
1.24056        0.616381       0.00197777     
1.24843        0.607367       0.00196302     
1.25631        0.592531       0.00193939     
1.26419        0.587491       0.00193093     
1.27206        0.576471       0.00191363     
1.27994        0.565153       0.00189374     
1.28781        0.553618       0.00187457     
1.29569        0.544547       0.00185941     
1.30357        0.537374       0.00184725     
1.31144        0.527033       0.00182913     
1.31932        0.518356       0.00181422     
1.3272         0.504955       0.00179091     
1.33507        0.498004       0.00177808     
1.34295        0.490247       0.00176445     
1.35083        0.481017       0.00174759     
1.3587         0.472783       0.00173218     
1.36658        0.464658       0.00171715     
1.37446        0.455396       0.00170035     
1.38233        0.446484       0.00168377     
1.39021        0.437254       0.00166585     
1.39809        0.429217       0.00165065     
1.40596        0.42353        0.0016393      
1.41384        0.414992       0.00162305     
1.42172        0.408523       0.00161073     
1.42959        0.399414       0.00159244     
1.43747        0.391263       0.00157583     
1.44535        0.38435        0.00156227     
1.45322        0.374822       0.00154254     
1.4611         0.366861       0.00152572     
1.46898        0.36059        0.0015128      
1.47685        0.355035       0.00150165     
1.48473        0.34797        0.00148656     
1.49261        0.342961       0.00147548     
1.50048        0.3341         0.00145647     
1.50836        0.328323       0.00144406     
1.51623        0.321461       0.00142853     
1.52411        0.316014       0.00141601     
1.53199        0.310282       0.00140322     
1.53986        0.302753       0.00138643     
1.54774        0.29473        0.00136818     
1.55562        0.289657       0.0013557      
1.56349        0.284249       0.00134334     
1.57137        0.281951       0.00133825     
1.57925        0.275521       0.00132258     
1.58712        0.26657        0.00130142     
1.595          0.263961       0.00129439     
1.60288        0.258121       0.00128017     
1.61075        0.254445       0.00127097     
1.61863        0.245888       0.00124931     
1.62651        0.244282       0.0012453      
1.63438        0.239337       0.00123252     
1.64226        0.232005       0.00121349     
1.65014        0.223855       0.00119206     
1.65801        0.218954       0.00117875     
1.66589        0.217075       0.0011739      
1.67377        0.212301       0.00116093     
1.68164        0.207788       0.0011486      
1.68952        0.20596        0.00114334     
1.6974         0.19904        0.00112393     
1.70527        0.194305       0.00111055     
1.71315        0.192407       0.00110484     
1.72102        0.188458       0.00109362     
1.7289         0.184205       0.00108139     
1.73678        0.178156       0.00106361     
1.74465        0.175769       0.00105633     
1.75253        0.172258       0.00104565     
1.76041        0.169034       0.00103592     
1.76828        0.163492       0.00101848     
1.77616        0.162641       0.00101607     
1.78404        0.157829       0.00100089     
1.79191        0.153767       0.000987871    
1.79979        0.150536       0.000977666    
1.80767        0.146536       0.000964459    
1.81554        0.145159       0.000959758    
1.82342        0.143083       0.000952926    
1.8313         0.138805       0.000938685    
1.83917        0.135275       0.000926483    
1.84705        0.132266       0.000916095    
1.85493        0.129727       0.000907584    
1.8628         0.125645       0.000892908    
1.87068        0.124839       0.000890089    
1.87856        0.120218       0.000873763    
1.88643        0.118555       0.000867527    
1.89431        0.116098       0.000858461    
1.90219        0.112086       0.000843334    
1.91006        0.110594       0.000837855    
1.91794        0.108956       0.000831638    
1.92582        0.105725       0.000819284    
1.93369        0.102875       0.000808085    
1.94157        0.101929       0.000804367    
1.94944        0.0993456      0.000793971    
1.95732        0.0971365      0.000785258    
1.9652         0.0956638      0.000779137    
1.97307        0.0923438      0.000765671    
1.98095        0.0917661      0.000763223    
1.98883        0.087386       0.000744703    
1.9967         0.0867766      0.000742159    
2.00458        0.084758       0.000733652    
2.01246        0.0829298      0.000725433    
2.02033        0.0807461      0.000716221    
2.02821        0.0783148      0.000705035    
2.03609        0.0774007      0.000701143    
2.04396        0.0754455      0.00069213     
2.05184        0.0741061      0.000686026    
2.05972        0.0710273      0.000671587    
2.06759        0.0704751      0.000669035    
2.07547        0.0688056      0.000660893    
2.08335        0.0679359      0.000656892    
2.09122        0.0666092      0.000650395    
2.0991         0.064235       0.000638527    
2.10698        0.0633146      0.000633939    
2.11485        0.0620386      0.000627397    
2.12273        0.0587631      0.000610815    
2.13061        0.0581664      0.000607577    
2.13848        0.0565857      0.000599337    
2.14636        0.0559763      0.000596037    
2.15423        0.0538815      0.000584854    
2.16211        0.0528722      0.000579355    
2.16999        0.0516788      0.000572785    
2.17786        0.0516661      0.000572715    
2.18574        0.0485556      0.000555295    
2.19362        0.0478319      0.000551073    
2.20149        0.0470067      0.000546303    
2.20937        0.0451531      0.000535434    
2.21725        0.044531       0.000531584    
2.22512        0.0431344      0.000523185    
2.233          0.0439469      0.000528088    
2.24088        0.0420616      0.00051664     
2.24875        0.0403349      0.000505928    
2.25663        0.0402778      0.00050565     
2.26451        0.0385893      0.000494862    
2.27238        0.0378783      0.000490366    
2.28026        0.036742       0.00048296     
2.28814        0.0360247      0.000478225    
2.29601        0.0360945      0.000478604    
2.30389        0.0349455      0.000470927    
2.31177        0.0329332      0.000457258    
2.31964        0.0335109      0.000461161    
2.32752        0.0326539      0.000455228    
2.3354         0.0310288      0.000443759    
2.34327        0.0299687      0.000436299    
2.35115        0.029226       0.000430677    
2.35902        0.0287944      0.00042758     
2.3669         0.0290165      0.000429131    
2.37478        0.0272581      0.000415929    
2.38265        0.0274422      0.000417427    
2.39053        0.0264329      0.000409782    
2.39841        0.0260203      0.000406476    
2.40628        0.0252585      0.000400687    
2.41416        0.0245793      0.000394966    
2.42204        0.0228971      0.000381319    
2.42991        0.0238937      0.00038942     
2.43779        0.0227384      0.00037989     
2.44567        0.0229923      0.000382005    
2.45354        0.0219449      0.000373204    
2.46142        0.0213165      0.000367822    
2.4693         0.020269       0.000358786    
2.47717        0.02025        0.000358505    
2.48505        0.0204722      0.000360466    
2.49293        0.0194565      0.000351412    
2.5008         0.0188979      0.000346564    
2.50868        0.0186821      0.000344348    
2.51656        0.0178568      0.000336658    
2.52443        0.0178759      0.000336957    
2.53231        0.0170824      0.000329277    
2.54019        0.0166761      0.000325339    
2.54806        0.0164158      0.00032279     
2.55594        0.015927       0.000317949    
2.56382        0.0152415      0.000311031    
2.57169        0.0159143      0.000317822    
2.57957        0.0151145      0.000309733    
2.58744        0.0146257      0.000304685    
2.59532        0.0148669      0.000307187    
2.6032         0.013591       0.000293985    
2.61107        0.0134831      0.000292542    
2.61895        0.012588       0.000282809    
2.62683        0.0128102      0.00028515     
2.6347         0.012861       0.000285714    
2.64258        0.0118643      0.000274422    
2.65046        0.0115279      0.000270503    
2.65833        0.0113121      0.000267959    
2.66621        0.0114835      0.000269981    
2.67409        0.0109566      0.000263868    
2.68196        0.0104614      0.000257688    
2.68984        0.0105376      0.000258625    
2.69772        0.00999169     0.000251837    
2.70559        0.0096616      0.000247642    
2.71347        0.00968064     0.000247886    
2.72135        0.00962351     0.000247154    
2.72922        0.0093569      0.000243706    
2.7371         0.00899506     0.000238948    
2.74498        0.00871575     0.000235209    
2.75285        0.00830313     0.000229575    
2.76073        0.00807461     0.000226394    
2.76861        0.00805556     0.000226126    
2.77648        0.00804287     0.000225948    
2.78436        0.00755407     0.000218975    
2.79223        0.00773817     0.000221627    
2.80011        0.00717954     0.000213478    
2.80799        0.00720494     0.000213855    
2.81586        0.00705893     0.000211677    
2.82374        0.00688119     0.000208996    
2.83162        0.00638605     0.000201336    
2.83949        0.00662727     0.000205104    
2.84737        0.00634161     0.000200635    
2.85525        0.00602422     0.00019555     
2.86312        0.00620831     0.000198515    
2.871          0.00568777     0.000190011    
2.87888        0.00594804     0.000194309    
2.88675        0.00556716     0.000187986    
2.89463        0.00542116     0.000185504    
2.90251        0.00511646     0.000180216    
2.91038        0.00521802     0.000181996    
2.91826        0.00522437     0.000182106    
2.92614        0.00506567     0.000179319    
2.93401        0.00486889     0.000175802    
2.94189        0.00476732     0.000173959    
2.94977        0.00431661     0.000165532    
2.95764        0.00425948     0.000164433    
2.96552        0.00439279     0.000166986    
2.9734         0.00414522     0.000162212    
2.98127        0.00438009     0.000166744    
2.98915        0.00414522     0.000162212    
2.99702        0.00377704     0.000154841    
3.0049         0.00385321     0.000156395    
3.01278        0.00359929     0.000151154    
3.02065        0.00371991     0.000153666    
3.02853        0.00336442     0.000146139    
3.03641        0.00330094     0.000144754    
3.04428        0.00337712     0.000146415    
3.05216        0.00307241     0.000139653    
3.06004        0.00321207     0.000142792    
3.06791        0.00305337     0.00013922     
3.07579        0.00286928     0.000134958    
3.08367        0.00310415     0.000140373    
3.09154        0.00291371     0.000135999    
3.09942        0.00265345     0.000129783    
3.1073         0.00287563     0.000135107    
3.11517        0.00274867     0.000132091    
3.12305        0.00254553     0.000127117    
3.13093        0.00256458     0.000127591    
3.1388         0.00246301     0.000125039    
3.14668        0.00223448     0.000119097    
3.15456        0.00239318     0.000123254    
3.16243        0.00221544     0.000118589    
3.17031        0.00225353     0.000119604    
3.17819        0.0020377      0.000113732    
3.18606        0.00189169     0.000109582    
3.19394        0.00203135     0.000113555    
3.20182        0.00199326     0.000112485    
3.20969        0.00182821     0.000107728    
3.21757        0.00179013     0.0001066      
3.22544        0.00190439     0.000109949    
3.23332        0.0017203      0.0001045      
3.2412         0.00168221     0.000103337    
3.24907        0.00173934     0.000105077    
3.25695        0.00166317     0.00010275     
3.26483        0.00157429     9.99672e-05    
3.2727         0.0015616      9.95633e-05    
3.28058        0.00156795     9.97654e-05    
3.28846        0.00144734     9.58516e-05    
3.29633        0.00148542     9.71046e-05    
3.30421        0.00134577     9.24272e-05    
3.31209        0.0013902      9.39407e-05    
3.31996        0.00130133     9.08885e-05    
3.32784        0.00125055     8.90975e-05    
3.33572        0.00121246     8.77302e-05    
3.34359        0.00120611     8.75002e-05    
3.35147        0.00113629     8.49296e-05    
3.35935        0.00107915     8.27669e-05    
3.36722        0.00114263     8.51665e-05    
3.3751         0.00106646     8.22786e-05    
3.38298        0.00119342     8.70385e-05    
3.39085        0.00093315     7.69647e-05    
3.39873        0.00110455     8.3735e-05     
3.40661        0.00106646     8.22786e-05    
3.41448        0.00117437     8.63412e-05    
3.42236        0.000977586    7.87758e-05    
3.43023        0.000850627    7.34827e-05    
3.43811        0.000939498    7.7226e-05     
3.44599        0.000926802    7.67024e-05    
3.45386        0.000876019    7.45714e-05    
3.46174        0.000793495    7.09721e-05    
3.46962        0.000939498    7.7226e-05     
3.47749        0.000812539    7.18188e-05    
3.48537        0.000780799    7.04021e-05    
3.49325        0.000768103    6.98274e-05    
3.50112        0.000742712    6.86635e-05    
3.509          0.000615752    6.252e-05      
3.51688        0.000761755    6.95382e-05    
3.52475        0.000761755    6.95382e-05    
3.53263        0.000761755    6.95382e-05    
3.54051        0.000660188    6.47366e-05    
3.54838        0.000691928    6.62745e-05    
3.55626        0.000507837    5.67778e-05    
3.56414        0.000558621    5.9549e-05     
3.57201        0.000615752    6.252e-05      
3.57989        0.000628448    6.31613e-05    
3.58777        0.000520533    5.74831e-05    
3.59564        0.000545925    5.88685e-05    
3.60352        0.000495141    5.60636e-05    
3.6114         0.000526881    5.78326e-05    
3.61927        0.000469749    5.46071e-05    
3.62715        0.000507837    5.67778e-05    
3.63503        0.000444357    5.31108e-05    
3.6429         0.000431661    5.23465e-05    
3.65078        0.000444357    5.31108e-05    
3.65865        0.000457053    5.38641e-05    
3.66653        0.00040627     5.07836e-05    
3.67441        0.00037453     4.87595e-05    
3.68228        0.00034279     4.66477e-05    
3.69016        0.000336442    4.62138e-05    
3.69804        0.000418965    5.1571e-05     
3.70591        0.000387226    4.95791e-05    
3.71379        0.00034279     4.66477e-05    
3.72167        0.000355486    4.75037e-05    
3.72954        0.00027931     4.21076e-05    
3.73742        0.000266614    4.11395e-05    
3.7453         0.000260266    4.06467e-05    
3.75317        0.00034279     4.66477e-05    
3.76105        0.000292006    4.30539e-05    
3.76893        0.00031105     4.44357e-05    
3.7768         0.000215831    3.70146e-05    
3.78468        0.000253918    4.0148e-05     
3.79256        0.000292006    4.30539e-05    
3.80043        0.000272962    4.16263e-05    
3.80831        0.000234875    3.86131e-05    
3.81619        0.000241223    3.91314e-05    
3.82406        0.000241223    3.91314e-05    
3.83194        0.000203135    3.59095e-05    
3.83982        0.000215831    3.70146e-05    
3.84769        0.000228527    3.80877e-05    
3.85557        0.000247571    3.9643e-05     
3.86344        0.000184091    3.41848e-05    
3.87132        0.000146003    3.04437e-05    
3.8792         0.000165047    3.23684e-05    
3.88707        0.000177743    3.35902e-05    
3.89495        0.000190439    3.47692e-05    
3.90283        0.000152351    3.10985e-05    
3.9107         0.000177743    3.35902e-05    
3.91858        0.000152351    3.10985e-05    
3.92646        0.000152351    3.10985e-05    
3.93433        0.000196787    3.53439e-05    
