p (GeV)        dN/dp          error          
0.005225       0              0              
0.015675       0              0              
0.026125       0              0              
0.036575       0              0              
0.047025       0              0              
0.057475       0              0              
0.067925       0              0              
0.078375       0              0              
0.088825       0              0              
0.099275       0              0              
0.109725       0              0              
0.120175       0              0              
0.130625       0              0              
0.141075       0              0              
0.151525       0              0              
0.161975       0              0              
0.172425       4.78469e-06    4.78469e-06    
0.182875       0              0              
0.193325       0              0              
0.203775       0              0              
0.214225       0              0              
0.224675       0              0              
0.235125       4.78469e-06    4.78469e-06    
0.245575       0              0              
0.256025       0              0              
0.266475       0              0              
0.276925       0              0              
0.287375       0              0              
0.297825       0              0              
0.308275       4.78469e-06    4.78469e-06    
0.318725       0              0              
0.329175       0              0              
0.339625       4.78469e-06    4.78469e-06    
0.350075       0              0              
0.360525       0              0              
0.370975       4.78469e-06    4.78469e-06    
0.381425       1.91388e-05    9.56938e-06    
0.391875       4.78469e-06    4.78469e-06    
0.402325       0              0              
0.412775       4.78469e-06    4.78469e-06    
0.423225       4.78469e-06    4.78469e-06    
0.433675       0              0              
0.444125       1.43541e-05    8.28732e-06    
0.454575       4.78469e-06    4.78469e-06    
0.465025       0              0              
0.475475       4.78469e-06    4.78469e-06    
0.485925       4.78469e-06    4.78469e-06    
0.496375       1.43541e-05    8.28732e-06    
0.506825       0              0              
0.517275       4.78469e-06    4.78469e-06    
0.527725       0              0              
0.538175       9.56938e-06    6.76657e-06    
0.548625       4.78469e-06    4.78469e-06    
0.559075       9.56938e-06    6.76657e-06    
0.569525       4.78469e-06    4.78469e-06    
0.579975       9.56938e-06    6.76657e-06    
0.590425       4.78469e-06    4.78469e-06    
0.600875       9.56938e-06    6.76657e-06    
0.611325       1.91388e-05    9.56938e-06    
0.621775       9.56938e-06    6.76657e-06    
0.632225       9.56938e-06    6.76657e-06    
0.642675       9.56938e-06    6.76657e-06    
0.653125       9.56938e-06    6.76657e-06    
0.663575       1.91388e-05    9.56938e-06    
0.674025       1.91388e-05    9.56938e-06    
0.684475       9.56938e-06    6.76657e-06    
0.694925       4.78469e-06    4.78469e-06    
0.705375       1.91388e-05    9.56938e-06    
0.715825       2.39234e-05    1.06989e-05    
0.726275       1.43541e-05    8.28732e-06    
0.736725       1.91388e-05    9.56938e-06    
0.747175       9.56938e-06    6.76657e-06    
0.757625       1.43541e-05    8.28732e-06    
0.768075       1.91388e-05    9.56938e-06    
0.778525       1.43541e-05    8.28732e-06    
0.788975       3.34928e-05    1.26591e-05    
0.799425       2.87081e-05    1.172e-05      
0.809875       1.91388e-05    9.56938e-06    
0.820325       2.39234e-05    1.06989e-05    
0.830775       0              0              
0.841225       9.56938e-06    6.76657e-06    
0.851675       4.78469e-06    4.78469e-06    
0.862125       1.43541e-05    8.28732e-06    
0.872575       3.82775e-05    1.35331e-05    
0.883025       4.30622e-05    1.43541e-05    
0.893475       3.34928e-05    1.26591e-05    
0.903925       1.43541e-05    8.28732e-06    
0.914375       3.82775e-05    1.35331e-05    
0.924825       3.34928e-05    1.26591e-05    
0.935275       2.87081e-05    1.172e-05      
0.945725       2.87081e-05    1.172e-05      
0.956175       4.30622e-05    1.43541e-05    
0.966625       1.43541e-05    8.28732e-06    
0.977075       4.78469e-05    1.51305e-05    
0.987525       5.26316e-05    1.5869e-05     
0.997975       2.39234e-05    1.06989e-05    
1.00842        6.2201e-05     1.72514e-05    
1.01887        4.30622e-05    1.43541e-05    
1.02933        1.91388e-05    9.56938e-06    
1.03977        4.78469e-05    1.51305e-05    
1.05022        3.34928e-05    1.26591e-05    
1.06068        6.69856e-05    1.79027e-05    
1.07112        1.91388e-05    9.56938e-06    
1.08157        3.82775e-05    1.35331e-05    
1.09203        4.78469e-05    1.51305e-05    
1.10247        4.78469e-05    1.51305e-05    
1.11292        3.82775e-05    1.35331e-05    
1.12338        5.74163e-05    1.65746e-05    
1.13382        5.74163e-05    1.65746e-05    
1.14427        4.30622e-05    1.43541e-05    
1.15473        6.69856e-05    1.79027e-05    
1.16517        4.78469e-05    1.51305e-05    
1.17562        3.82775e-05    1.35331e-05    
1.18607        5.74163e-05    1.65746e-05    
1.19652        5.74163e-05    1.65746e-05    
1.20697        4.78469e-05    1.51305e-05    
1.21742        5.26316e-05    1.5869e-05     
1.22788        7.6555e-05     1.91387e-05    
1.23832        4.30622e-05    1.43541e-05    
1.24877        3.82775e-05    1.35331e-05    
1.25923        4.78469e-05    1.51305e-05    
1.26967        7.17703e-05    1.8531e-05     
1.28012        4.78469e-05    1.51305e-05    
1.29058        8.13397e-05    1.97278e-05    
1.30102        9.09091e-05    2.0856e-05     
1.31147        5.74163e-05    1.65746e-05    
1.32193        9.09091e-05    2.0856e-05     
1.33237        5.26316e-05    1.5869e-05     
1.34282        3.82775e-05    1.35331e-05    
1.35328        4.30622e-05    1.43541e-05    
1.36372        0.000105263    2.24422e-05    
1.37417        8.13397e-05    1.97278e-05    
1.38462        8.61244e-05    2.02997e-05    
1.39507        7.17703e-05    1.8531e-05     
1.40552        8.13397e-05    1.97278e-05    
1.41597        6.69856e-05    1.79027e-05    
1.42642        6.2201e-05     1.72514e-05    
1.43687        6.2201e-05     1.72514e-05    
1.44732        6.2201e-05     1.72514e-05    
1.45777        6.69856e-05    1.79027e-05    
1.46822        6.2201e-05     1.72514e-05    
1.47867        9.09091e-05    2.0856e-05     
1.48913        0.000119617    2.39234e-05    
1.49957        9.56938e-05    2.13978e-05    
1.51002        8.61244e-05    2.02997e-05    
1.52048        8.13397e-05    1.97278e-05    
1.53092        9.09091e-05    2.0856e-05     
1.54137        0.000110048    2.29465e-05    
1.55183        8.61244e-05    2.02997e-05    
1.56227        0.000100478    2.19262e-05    
1.57272        8.61244e-05    2.02997e-05    
1.58317        7.17703e-05    1.8531e-05     
1.59362        0.000124402    2.43972e-05    
1.60407        0.000105263    2.24422e-05    
1.61452        7.6555e-05     1.91387e-05    
1.62497        9.56938e-05    2.13978e-05    
1.63542        0.000100478    2.19262e-05    
1.64587        8.13397e-05    1.97278e-05    
1.65632        9.56938e-05    2.13978e-05    
1.66677        9.09091e-05    2.0856e-05     
1.67722        8.61244e-05    2.02997e-05    
1.68767        9.09091e-05    2.0856e-05     
1.69812        0.000124402    2.43972e-05    
1.70857        8.61244e-05    2.02997e-05    
1.71902        0.000124402    2.43972e-05    
1.72947        0.000138756    2.57663e-05    
1.73992        9.09091e-05    2.0856e-05     
1.75038        0.00015311     2.70663e-05    
1.76082        0.000110048    2.29465e-05    
1.77127        9.09091e-05    2.0856e-05     
1.78173        9.56938e-05    2.13978e-05    
1.79217        7.6555e-05     1.91387e-05    
1.80262        8.61244e-05    2.02997e-05    
1.81307        9.09091e-05    2.0856e-05     
1.82352        9.09091e-05    2.0856e-05     
1.83397        8.61244e-05    2.02997e-05    
1.84442        9.09091e-05    2.0856e-05     
1.85487        0.000110048    2.29465e-05    
1.86532        7.17703e-05    1.8531e-05     
1.87577        0.000162679    2.78993e-05    
1.88622        0.000110048    2.29465e-05    
1.89667        0.000124402    2.43972e-05    
1.90712        9.56938e-05    2.13978e-05    
1.91757        9.09091e-05    2.0856e-05     
1.92802        6.69856e-05    1.79027e-05    
1.93847        0.000100478    2.19262e-05    
1.94892        7.6555e-05     1.91387e-05    
1.95937        0.000105263    2.24422e-05    
1.96982        0.000129187    2.4862e-05     
1.98027        0.000124402    2.43972e-05    
1.99072        9.09091e-05    2.0856e-05     
2.00117        0.000119617    2.39234e-05    
2.01162        8.61244e-05    2.02997e-05    
2.02207        0.000100478    2.19262e-05    
2.03252        9.09091e-05    2.0856e-05     
2.04297        0.000110048    2.29465e-05    
2.05342        0.000105263    2.24422e-05    
2.06387        0.000114833    2.34401e-05    
2.07432        0.000133971    2.53182e-05    
2.08477        0.000100478    2.19262e-05    
2.09522        0.000105263    2.24422e-05    
2.10567        0.000143541    2.62068e-05    
2.11612        0.000114833    2.34401e-05    
2.12657        0.000143541    2.62068e-05    
2.13702        0.000114833    2.34401e-05    
2.14747        0.000110048    2.29465e-05    
2.15792        0.000124402    2.43972e-05    
2.16837        0.00015311     2.70663e-05    
2.17882        0.000124402    2.43972e-05    
2.18927        0.000110048    2.29465e-05    
2.19972        7.17703e-05    1.8531e-05     
2.21017        0.000124402    2.43972e-05    
2.22062        0.000124402    2.43972e-05    
2.23107        0.000119617    2.39234e-05    
2.24152        0.000143541    2.62068e-05    
2.25197        0.000129187    2.4862e-05     
2.26242        9.09091e-05    2.0856e-05     
2.27287        0.000129187    2.4862e-05     
2.28332        0.000138756    2.57663e-05    
2.29377        0.000119617    2.39234e-05    
2.30422        0.000110048    2.29465e-05    
2.31467        0.000119617    2.39234e-05    
2.32512        8.13397e-05    1.97278e-05    
2.33557        0.000110048    2.29465e-05    
2.34602        0.000110048    2.29465e-05    
2.35647        0.000129187    2.4862e-05     
2.36692        9.09091e-05    2.0856e-05     
2.37737        8.61244e-05    2.02997e-05    
2.38782        0.000110048    2.29465e-05    
2.39827        6.69856e-05    1.79027e-05    
2.40872        9.56938e-05    2.13978e-05    
2.41917        0.000100478    2.19262e-05    
2.42962        9.56938e-05    2.13978e-05    
2.44007        0.000162679    2.78993e-05    
2.45052        0.000110048    2.29465e-05    
2.46097        9.09091e-05    2.0856e-05     
2.47142        0.000100478    2.19262e-05    
2.48187        7.6555e-05     1.91387e-05    
2.49232        0.000105263    2.24422e-05    
2.50277        6.69856e-05    1.79027e-05    
2.51322        9.56938e-05    2.13978e-05    
2.52367        7.17703e-05    1.8531e-05     
2.53412        8.13397e-05    1.97278e-05    
2.54457        9.56938e-05    2.13978e-05    
2.55502        7.6555e-05     1.91387e-05    
2.56547        8.61244e-05    2.02997e-05    
2.57592        8.13397e-05    1.97278e-05    
2.58637        7.17703e-05    1.8531e-05     
2.59682        0.000133971    2.53182e-05    
2.60727        0.000114833    2.34401e-05    
2.61772        7.17703e-05    1.8531e-05     
2.62817        8.61244e-05    2.02997e-05    
2.63862        0.000105263    2.24422e-05    
2.64907        0.000114833    2.34401e-05    
2.65952        4.78469e-05    1.51305e-05    
2.66997        9.56938e-05    2.13978e-05    
2.68042        6.2201e-05     1.72514e-05    
2.69087        0.000100478    2.19262e-05    
2.70132        8.61244e-05    2.02997e-05    
2.71177        9.09091e-05    2.0856e-05     
2.72222        5.74163e-05    1.65746e-05    
2.73267        7.6555e-05     1.91387e-05    
2.74312        0.000119617    2.39234e-05    
2.75357        7.17703e-05    1.8531e-05     
2.76402        4.78469e-05    1.51305e-05    
2.77447        7.17703e-05    1.8531e-05     
2.78492        0.000114833    2.34401e-05    
2.79537        4.30622e-05    1.43541e-05    
2.80582        7.17703e-05    1.8531e-05     
2.81627        8.13397e-05    1.97278e-05    
2.82672        7.6555e-05     1.91387e-05    
2.83717        6.2201e-05     1.72514e-05    
2.84762        7.6555e-05     1.91387e-05    
2.85807        5.26316e-05    1.5869e-05     
2.86852        0.000114833    2.34401e-05    
2.87897        7.17703e-05    1.8531e-05     
2.88942        6.69856e-05    1.79027e-05    
2.89987        5.74163e-05    1.65746e-05    
2.91032        7.17703e-05    1.8531e-05     
2.92077        6.69856e-05    1.79027e-05    
2.93122        7.17703e-05    1.8531e-05     
2.94167        8.13397e-05    1.97278e-05    
2.95212        4.30622e-05    1.43541e-05    
2.96257        4.78469e-05    1.51305e-05    
2.97302        5.74163e-05    1.65746e-05    
2.98347        6.2201e-05     1.72514e-05    
2.99392        8.13397e-05    1.97278e-05    
3.00437        8.61244e-05    2.02997e-05    
3.01482        4.30622e-05    1.43541e-05    
3.02527        7.17703e-05    1.8531e-05     
3.03572        5.74163e-05    1.65746e-05    
3.04617        3.82775e-05    1.35331e-05    
3.05662        4.78469e-05    1.51305e-05    
3.06707        4.78469e-05    1.51305e-05    
3.07752        4.78469e-05    1.51305e-05    
3.08797        7.17703e-05    1.8531e-05     
3.09842        9.09091e-05    2.0856e-05     
3.10887        7.6555e-05     1.91387e-05    
3.11932        4.30622e-05    1.43541e-05    
3.12977        4.30622e-05    1.43541e-05    
3.14022        6.69856e-05    1.79027e-05    
3.15067        6.69856e-05    1.79027e-05    
3.16112        4.78469e-05    1.51305e-05    
3.17157        6.69856e-05    1.79027e-05    
3.18202        0.000105263    2.24422e-05    
3.19247        4.30622e-05    1.43541e-05    
3.20292        4.78469e-05    1.51305e-05    
3.21337        5.74163e-05    1.65746e-05    
3.22382        5.26316e-05    1.5869e-05     
3.23427        3.82775e-05    1.35331e-05    
3.24472        6.2201e-05     1.72514e-05    
3.25517        5.74163e-05    1.65746e-05    
3.26562        4.30622e-05    1.43541e-05    
3.27607        3.82775e-05    1.35331e-05    
3.28652        7.17703e-05    1.8531e-05     
3.29697        4.78469e-05    1.51305e-05    
3.30742        4.30622e-05    1.43541e-05    
3.31787        1.91388e-05    9.56938e-06    
3.32832        3.82775e-05    1.35331e-05    
3.33877        6.69856e-05    1.79027e-05    
3.34922        4.78469e-05    1.51305e-05    
3.35967        2.87081e-05    1.172e-05      
3.37012        4.30622e-05    1.43541e-05    
3.38057        4.30622e-05    1.43541e-05    
3.39102        4.78469e-05    1.51305e-05    
3.40147        5.26316e-05    1.5869e-05     
3.41192        5.26316e-05    1.5869e-05     
3.42237        1.43541e-05    8.28732e-06    
3.43282        2.87081e-05    1.172e-05      
3.44327        4.30622e-05    1.43541e-05    
3.45372        2.87081e-05    1.172e-05      
3.46417        6.2201e-05     1.72514e-05    
3.47462        3.34928e-05    1.26591e-05    
3.48507        5.26316e-05    1.5869e-05     
3.49552        4.30622e-05    1.43541e-05    
3.50597        6.2201e-05     1.72514e-05    
3.51642        2.87081e-05    1.172e-05      
3.52687        3.82775e-05    1.35331e-05    
3.53732        2.87081e-05    1.172e-05      
3.54777        4.30622e-05    1.43541e-05    
3.55822        3.34928e-05    1.26591e-05    
3.56867        1.43541e-05    8.28732e-06    
3.57912        4.78469e-05    1.51305e-05    
3.58957        2.87081e-05    1.172e-05      
3.60002        1.43541e-05    8.28732e-06    
3.61047        3.82775e-05    1.35331e-05    
3.62092        3.34928e-05    1.26591e-05    
3.63137        1.43541e-05    8.28732e-06    
3.64182        2.87081e-05    1.172e-05      
3.65227        2.39234e-05    1.06989e-05    
3.66272        1.91388e-05    9.56938e-06    
3.67317        4.30622e-05    1.43541e-05    
3.68362        3.82775e-05    1.35331e-05    
3.69407        2.39234e-05    1.06989e-05    
3.70452        2.39234e-05    1.06989e-05    
3.71497        2.39234e-05    1.06989e-05    
3.72542        2.87081e-05    1.172e-05      
3.73587        9.56938e-06    6.76657e-06    
3.74632        3.82775e-05    1.35331e-05    
3.75677        2.87081e-05    1.172e-05      
3.76722        4.78469e-06    4.78469e-06    
3.77767        9.56938e-06    6.76657e-06    
3.78812        9.56938e-06    6.76657e-06    
3.79857        1.43541e-05    8.28732e-06    
3.80902        9.56938e-06    6.76657e-06    
3.81947        4.78469e-06    4.78469e-06    
3.82992        4.78469e-06    4.78469e-06    
3.84037        4.78469e-06    4.78469e-06    
3.85082        2.39234e-05    1.06989e-05    
3.86127        9.56938e-06    6.76657e-06    
3.87172        2.87081e-05    1.172e-05      
3.88217        4.78469e-06    4.78469e-06    
3.89262        2.39234e-05    1.06989e-05    
3.90307        0              0              
3.91352        3.82775e-05    1.35331e-05    
3.92397        2.39234e-05    1.06989e-05    
3.93442        9.56938e-06    6.76657e-06    
3.94487        1.43541e-05    8.28732e-06    
3.95532        1.43541e-05    8.28732e-06    
3.96577        9.56938e-06    6.76657e-06    
3.97622        1.43541e-05    8.28732e-06    
3.98667        1.43541e-05    8.28732e-06    
3.99712        1.43541e-05    8.28732e-06    
4.00758        9.56938e-06    6.76657e-06    
4.01802        9.56938e-06    6.76657e-06    
4.02848        2.39234e-05    1.06989e-05    
4.03892        4.78469e-06    4.78469e-06    
4.04938        4.78469e-06    4.78469e-06    
4.05983        4.78469e-06    4.78469e-06    
4.07027        1.43541e-05    8.28732e-06    
4.08073        1.43541e-05    8.28732e-06    
4.09117        2.39234e-05    1.06989e-05    
4.10163        0              0              
4.11207        4.78469e-06    4.78469e-06    
4.12252        2.87081e-05    1.172e-05      
4.13298        0              0              
4.14342        9.56938e-06    6.76657e-06    
4.15388        0              0              
4.16432        2.39234e-05    1.06989e-05    
4.17478        9.56938e-06    6.76657e-06    
4.18522        4.78469e-06    4.78469e-06    
4.19567        1.43541e-05    8.28732e-06    
4.20613        9.56938e-06    6.76657e-06    
4.21657        4.78469e-06    4.78469e-06    
4.22703        4.78469e-06    4.78469e-06    
4.23747        0              0              
4.24792        4.78469e-06    4.78469e-06    
4.25838        9.56938e-06    6.76657e-06    
4.26882        9.56938e-06    6.76657e-06    
4.27928        9.56938e-06    6.76657e-06    
4.28972        4.78469e-06    4.78469e-06    
4.30018        1.91388e-05    9.56938e-06    
4.31062        4.78469e-06    4.78469e-06    
4.32107        4.78469e-06    4.78469e-06    
4.33153        4.78469e-06    4.78469e-06    
4.34197        4.78469e-06    4.78469e-06    
4.35243        9.56938e-06    6.76657e-06    
4.36287        4.78469e-06    4.78469e-06    
4.37333        9.56938e-06    6.76657e-06    
4.38377        4.78469e-06    4.78469e-06    
4.39422        4.78469e-06    4.78469e-06    
4.40468        0              0              
4.41512        9.56938e-06    6.76657e-06    
4.42558        9.56938e-06    6.76657e-06    
4.43602        9.56938e-06    6.76657e-06    
4.44647        9.56938e-06    6.76657e-06    
4.45693        1.91388e-05    9.56938e-06    
4.46737        4.78469e-06    4.78469e-06    
4.47783        0              0              
4.48827        4.78469e-06    4.78469e-06    
4.49873        0              0              
4.50917        4.78469e-06    4.78469e-06    
4.51962        4.78469e-06    4.78469e-06    
4.53008        9.56938e-06    6.76657e-06    
4.54052        4.78469e-06    4.78469e-06    
4.55098        4.78469e-06    4.78469e-06    
4.56142        9.56938e-06    6.76657e-06    
4.57188        4.78469e-06    4.78469e-06    
4.58232        0              0              
4.59277        4.78469e-06    4.78469e-06    
4.60323        4.78469e-06    4.78469e-06    
4.61367        0              0              
4.62413        4.78469e-06    4.78469e-06    
4.63457        9.56938e-06    6.76657e-06    
4.64502        4.78469e-06    4.78469e-06    
4.65548        9.56938e-06    6.76657e-06    
4.66592        4.78469e-06    4.78469e-06    
4.67638        0              0              
4.68682        4.78469e-06    4.78469e-06    
4.69728        4.78469e-06    4.78469e-06    
4.70772        0              0              
4.71817        0              0              
4.72863        0              0              
4.73907        4.78469e-06    4.78469e-06    
4.74953        0              0              
4.75997        0              0              
4.77042        9.56938e-06    6.76657e-06    
4.78087        0              0              
4.79132        0              0              
4.80178        4.78469e-06    4.78469e-06    
4.81222        0              0              
4.82268        0              0              
4.83312        0              0              
4.84357        0              0              
4.85403        0              0              
4.86447        4.78469e-06    4.78469e-06    
4.87493        0              0              
4.88537        0              0              
4.89583        0              0              
4.90627        0              0              
4.91672        4.78469e-06    4.78469e-06    
4.92718        9.56938e-06    6.76657e-06    
4.93762        0              0              
4.94808        0              0              
4.95852        0              0              
4.96897        4.78469e-06    4.78469e-06    
4.97942        0              0              
4.98987        0              0              
5.00033        0              0              
5.01077        0              0              
5.02123        0              0              
5.03167        4.78469e-06    4.78469e-06    
5.04212        0              0              
5.05258        0              0              
5.06302        0              0              
5.07348        4.78469e-06    4.78469e-06    
5.08392        0              0              
5.09438        0              0              
5.10482        0              0              
5.11527        0              0              
5.12573        4.78469e-06    4.78469e-06    
5.13617        4.78469e-06    4.78469e-06    
5.14663        0              0              
5.15707        4.78469e-06    4.78469e-06    
5.16752        4.78469e-06    4.78469e-06    
5.17797        4.78469e-06    4.78469e-06    
5.18842        0              0              
5.19888        0              0              
5.20932        0              0              
5.21978        4.78469e-06    4.78469e-06    
