p (GeV)        dN/dp          error          
0.00293827     8.5084e-05     2.69059e-05    
0.00881482     0.000484979    6.42369e-05    
0.0146914      0.00140389     0.000109292    
0.0205679      0.00271418     0.000151964    
0.0264444      0.00456901     0.000197165    
0.032321       0.00644937     0.000234247    
0.0381975      0.00948687     0.000284101    
0.0440741      0.0124478      0.000325428    
0.0499506      0.0161745      0.000370953    
0.0558272      0.0201224      0.000413925    
0.0617037      0.0252359      0.000463342    
0.0675803      0.0291668      0.000498117    
0.0734568      0.0352248      0.000547398    
0.0793333      0.0406531      0.000588057    
0.0852099      0.0463283      0.000627752    
0.0910864      0.0530329      0.000671628    
0.096963       0.0605968      0.000718014    
0.10284        0.067327       0.000757098    
0.108716       0.07541        0.000800833    
0.114593       0.0837482      0.000844013    
0.120469       0.091159       0.000880867    
0.126346       0.100399       0.000923976    
0.132222       0.110567       0.000969904    
0.138099       0.119152       0.00100688     
0.143975       0.128171       0.00104417     
0.149852       0.139053       0.00108773     
0.155728       0.150199       0.00113022     
0.161605       0.161524       0.001172       
0.167482       0.171887       0.00120926     
0.173358       0.182922       0.00124728     
0.179235       0.194306       0.00128589     
0.185111       0.208779       0.00133291     
0.190988       0.220776       0.00137063     
0.196864       0.234355       0.00141168     
0.202741       0.246769       0.0014485      
0.208617       0.257081       0.00147942     
0.214494       0.271171       0.00151903     
0.22037        0.285168       0.00155748     
0.226247       0.302006       0.00160279     
0.232123       0.314003       0.00163456     
0.238          0.327114       0.00166774     
0.243877       0.340123       0.00170153     
0.249753       0.352767       0.00173248     
0.25563        0.37072        0.0017762      
0.261506       0.381534       0.00180176     
0.267383       0.398015       0.00184025     
0.273259       0.412436       0.00187333     
0.279136       0.428083       0.00190847     
0.285012       0.442539       0.00194049     
0.290889       0.457752       0.00197361     
0.296765       0.468098       0.00199603     
0.302642       0.48771        0.00203681     
0.308519       0.504846       0.00207265     
0.314395       0.51977        0.00210277     
0.320272       0.533962       0.00213149     
0.326148       0.547422       0.00215765     
0.332025       0.564226       0.00219141     
0.337901       0.579601       0.00222128     
0.343778       0.595129       0.00225068     
0.349654       0.609465       0.00227695     
0.355531       0.624772       0.00230614     
0.361407       0.636301       0.00232697     
0.367284       0.656423       0.0023635      
0.373161       0.671202       0.00238954     
0.379037       0.690389       0.00242343     
0.384914       0.692856       0.00242751     
0.39079        0.713829       0.00246425     
0.396667       0.731833       0.00249534     
0.402543       0.742111       0.00251231     
0.40842        0.754346       0.00253288     
0.414296       0.770589       0.00256113     
0.420173       0.78376        0.00258257     
0.426049       0.800147       0.00260921     
0.431926       0.815769       0.00263434     
0.437803       0.825655       0.00265065     
0.443679       0.838784       0.00267138     
0.449556       0.853597       0.00269512     
0.455432       0.863399       0.00271029     
0.461309       0.883402       0.00274166     
0.467185       0.892191       0.00275528     
0.473062       0.907166       0.00277832     
0.478938       0.91912        0.00279715     
0.484815       0.929092       0.00281198     
0.490691       0.938009       0.00282455     
0.496568       0.946458       0.00283723     
0.502445       0.963168       0.00286413     
0.508321       0.971881       0.00287651     
0.514198       0.978977       0.00288554     
0.520074       0.986473       0.00289682     
0.525951       0.998665       0.00291595     
0.531827       1.01791        0.00294261     
0.537704       1.02391        0.00295114     
0.54358        1.03452        0.00296733     
0.549457       1.03794        0.00297122     
0.555333       1.04833        0.00298629     
0.56121        1.06352        0.00300796     
0.567086       1.06849        0.00301533     
0.572963       1.07677        0.00302673     
0.57884        1.08429        0.0030377      
0.584716       1.09415        0.00305113     
0.590593       1.09745        0.00305617     
0.596469       1.10674        0.00306822     
0.602346       1.1148         0.00308014     
0.608222       1.12108        0.00308803     
0.614099       1.12812        0.003099       
0.619975       1.13357        0.00310602     
0.625852       1.13671        0.00311026     
0.631728       1.14629        0.00312324     
0.637605       1.15103        0.00312973     
0.643482       1.16061        0.00314233     
0.649358       1.16143        0.00314372     
0.655235       1.16258        0.00314619     
0.661111       1.16817        0.00315206     
0.666988       1.1751         0.00316244     
0.672864       1.17772        0.00316533     
0.678741       1.18306        0.00317231     
0.684617       1.18502        0.00317494     
0.690494       1.18609        0.0031773      
0.69637        1.18927        0.00318125     
0.702247       1.19415        0.00318735     
0.708124       1.19602        0.00318856     
0.714          1.19934        0.00319436     
0.719877       1.20231        0.00319743     
0.725753       1.20094        0.00319683     
0.73163        1.19726        0.0031926      
0.737506       1.19268        0.00318592     
0.743383       1.19895        0.00319501     
0.749259       1.20581        0.00320264     
0.755136       1.20446        0.00320152     
0.761012       1.20422        0.00320144     
0.766889       1.20449        0.00320145     
0.772766       1.19995        0.00319445     
0.778642       1.20339        0.00319984     
0.784519       1.20556        0.00320219     
0.790395       1.20057        0.0031967      
0.796272       1.20221        0.00319829     
0.802148       1.18992        0.00318319     
0.808025       1.19279        0.00318527     
0.813901       1.19318        0.00318681     
0.819778       1.18383        0.00317415     
0.825654       1.19019        0.00318198     
0.831531       1.18763        0.00317865     
0.837408       1.17095        0.00315647     
0.843284       1.18179        0.00317212     
0.849161       1.17942        0.00316772     
0.855037       1.17202        0.0031581      
0.860914       1.16843        0.00315316     
0.86679        1.165          0.00314825     
0.872667       1.16463        0.00314815     
0.878543       1.15461        0.00313418     
0.88442        1.15623        0.00313686     
0.890296       1.15214        0.00313048     
0.896173       1.15276        0.00313166     
0.90205        1.13749        0.00311057     
0.907926       1.14032        0.00311476     
0.913803       1.1297         0.00309939     
0.919679       1.12192        0.0030896      
0.925556       1.12519        0.00309391     
0.931432       1.12313        0.00309122     
0.937309       1.12144        0.0030894      
0.943185       1.10545        0.00306637     
0.949062       1.10434        0.00306534     
0.954938       1.09319        0.0030496      
0.960815       1.09102        0.0030461      
0.966691       1.08478        0.00303828     
0.972568       1.07647        0.00302595     
0.978445       1.07246        0.00302081     
0.984321       1.06179        0.00300558     
0.990198       1.05896        0.00300147     
0.996074       1.06067        0.00300389     
1.00195        1.05065        0.00299089     
1.00783        1.04002        0.00297478     
1.0137         1.03138        0.00296249     
1.01958        1.02905        0.00295933     
1.02546        1.02314        0.0029504      
1.03133        1.01339        0.00293607     
1.03721        1.00746        0.00292769     
1.04309        1.00173        0.00291917     
1.04896        0.993288       0.00290709     
1.05484        0.985205       0.00289503     
1.06072        0.975667       0.00288102     
1.06659        0.974986       0.00287949     
1.07247        0.971762       0.00287606     
1.07835        0.95797        0.00285466     
1.08422        0.951648       0.00284548     
1.0901         0.949708       0.00284263     
1.09598        0.933959       0.00281985     
1.10185        0.930147       0.00281359     
1.10773        0.921018       0.00279915     
1.11361        0.914653       0.00278946     
1.11948        0.907668       0.0027789      
1.12536        0.899823       0.0027666      
1.13123        0.891128       0.00275295     
1.13711        0.885214       0.00274502     
1.14299        0.880943       0.0027373      
1.14886        0.870341       0.0027215      
1.15474        0.861076       0.00270646     
1.16062        0.851427       0.00269178     
1.16649        0.847003       0.00268455     
1.17237        0.840962       0.00267481     
1.17825        0.836325       0.00266712     
1.18412        0.820065       0.00264129     
1.19           0.82426        0.00264805     
1.19588        0.807796       0.00262139     
1.20175        0.802512       0.002612       
1.20763        0.792107       0.00259571     
1.21351        0.791375       0.002595       
1.21938        0.780748       0.00257768     
1.22526        0.773448       0.0025643      
1.23114        0.762166       0.00254719     
1.23701        0.757452       0.00253881     
1.24289        0.751198       0.00252746     
1.24877        0.741439       0.00251158     
1.25464        0.732888       0.00249666     
1.26052        0.727051       0.00248669     
1.2664         0.720645       0.00247662     
1.27227        0.709337       0.00245623     
1.27815        0.705917       0.00245117     
1.28402        0.697638       0.00243614     
1.2899         0.692873       0.00242772     
1.29578        0.685862       0.00241604     
1.30165        0.681404       0.00240788     
1.30753        0.667603       0.0023833      
1.31341        0.658814       0.00236765     
1.31928        0.658184       0.00236662     
1.32516        0.647506       0.00234703     
1.33104        0.643856       0.00234039     
1.33691        0.634403       0.00232278     
1.34279        0.624108       0.00230417     
1.34867        0.620756       0.00229834     
1.35454        0.613558       0.00228542     
1.36042        0.60841        0.00227535     
1.3663         0.600421       0.00225979     
1.37217        0.590415       0.00224078     
1.37805        0.586212       0.00223327     
1.38393        0.577184       0.00221629     
1.3898         0.571416       0.00220487     
1.39568        0.568982       0.00220066     
1.40156        0.558636       0.00218043     
1.40743        0.555539       0.00217466     
1.41331        0.54367        0.00215099     
1.41919        0.539101       0.00214135     
1.42506        0.536787       0.00213742     
1.43094        0.529716       0.00212288     
1.43682        0.519549       0.00210319     
1.44269        0.519906       0.0021038      
1.44857        0.513295       0.00208936     
1.45444        0.500907       0.00206456     
1.46032        0.49307        0.00204855     
1.4662         0.492254       0.00204612     
1.47207        0.483396       0.00202787     
1.47795        0.477891       0.00201639     
1.48383        0.475279       0.00201097     
1.4897         0.471331       0.00200308     
1.49558        0.461402       0.00198196     
1.50146        0.455191       0.0019684      
1.50733        0.447687       0.00195168     
1.51321        0.440939       0.00193666     
1.51909        0.440871       0.00193689     
1.52496        0.43495        0.00192319     
1.53084        0.424867       0.00190163     
1.53672        0.420417       0.00189112     
1.54259        0.416784       0.00188294     
1.54847        0.410845       0.00187004     
1.55435        0.405298       0.00185681     
1.56022        0.399529       0.00184361     
1.5661         0.391854       0.00182562     
1.57198        0.393309       0.00182971     
1.57785        0.387907       0.00181636     
1.58373        0.383355       0.00180584     
1.58961        0.37437        0.00178492     
1.59548        0.370983       0.00177638     
1.60136        0.364798       0.00176219     
1.60723        0.360722       0.00175174     
1.61311        0.356179       0.00174097     
1.61899        0.34978        0.00172457     
1.62486        0.344897       0.00171325     
1.63074        0.341264       0.0017039      
1.63662        0.337681       0.00169501     
1.64249        0.33244        0.00168246     
1.64837        0.32771        0.00166964     
1.65425        0.325421       0.00166382     
1.66012        0.317338       0.00164323     
1.666          0.315049       0.00163763     
1.67188        0.310352       0.00162498     
1.67775        0.309          0.00162145     
1.68363        0.301708       0.00160187     
1.68951        0.294527       0.0015827      
1.69538        0.292247       0.00157621     
1.70126        0.290536       0.00157193     
1.70714        0.284393       0.00155537     
1.71301        0.276089       0.00153247     
1.71889        0.275553       0.00153127     
1.72477        0.272635       0.00152364     
1.73064        0.268449       0.00151127     
1.73652        0.264926       0.0015016      
1.7424         0.260451       0.00148885     
1.74827        0.25766        0.00148073     
1.75415        0.254231       0.00147039     
1.76002        0.246208       0.00144716     
1.7659         0.244489       0.00144216     
1.77178        0.241392       0.00143277     
1.77765        0.239282       0.00142666     
1.78353        0.236551       0.00141882     
1.78941        0.230697       0.00140157     
1.79528        0.227481       0.00139092     
1.80116        0.226494       0.00138816     
1.80704        0.221338       0.0013721      
1.81291        0.218096       0.00136225     
1.81879        0.217509       0.00136085     
1.82467        0.214437       0.00135097     
1.83054        0.209826       0.00133646     
1.83642        0.205435       0.00132206     
1.8423         0.204049       0.00131738     
1.84817        0.200662       0.00130659     
1.85405        0.197897       0.00129769     
1.85993        0.19537        0.00128906     
1.8658         0.193039       0.00128159     
1.87168        0.190826       0.00127407     
1.87756        0.185466       0.0012562      
1.88343        0.186819       0.00126099     
1.88931        0.182846       0.0012472      
1.89519        0.178157       0.00123119     
1.90106        0.175681       0.00122251     
1.90694        0.173027       0.00121337     
1.91282        0.169436       0.00120099     
1.91869        0.166526       0.00119065     
1.92457        0.164978       0.00118488     
1.93044        0.162187       0.00117465     
1.93632        0.160298       0.00116811     
1.9422         0.155746       0.00115119     
1.94807        0.156172       0.00115282     
1.95395        0.153577       0.00114316     
1.95983        0.149595       0.00112814     
1.9657         0.147646       0.00112053     
1.97158        0.145732       0.00111357     
1.97746        0.143886       0.00110638     
1.98333        0.14044        0.00109294     
1.98921        0.140389       0.00109307     
1.99509        0.134918       0.00107113     
2.00096        0.135581       0.00107403     
2.00684        0.133999       0.00106795     
2.01272        0.131429       0.00105768     
2.01859        0.128009       0.0010433      
2.02447        0.12629        0.00103691     
2.03035        0.125142       0.00103191     
2.03622        0.122512       0.00102103     
2.0421         0.121109       0.0010151      
2.04798        0.118675       0.00100487     
2.05385        0.11614        0.000994307    
2.05973        0.115374       0.000990665    
2.06561        0.111996       0.000976145    
2.07148        0.11186        0.000975404    
2.07736        0.10815        0.000959185    
2.08323        0.108746       0.00096182     
2.08911        0.105819       0.000948878    
2.09499        0.104066       0.000940997    
2.10086        0.102458       0.00093363     
2.10674        0.10165        0.000929944    
2.11262        0.0989868      0.000918247    
2.11849        0.097753       0.000911885    
2.12437        0.0969107      0.000907951    
2.13025        0.0940264      0.000894593    
2.13612        0.0926735      0.000887817    
2.142          0.0920694      0.000884921    
2.14788        0.0910314      0.000880004    
2.15375        0.0882917      0.000866923    
2.15963        0.0873983      0.000862364    
2.16551        0.0844629      0.000848031    
2.17138        0.0841141      0.000846024    
2.17726        0.084063       0.000845596    
2.18314        0.0805235      0.000827528    
2.18901        0.0813999      0.000832191    
2.19489        0.0792387      0.000821255    
2.20077        0.077452       0.000811777    
2.20664        0.0758014      0.000803269    
2.21252        0.0751547      0.000799568    
2.2184         0.0733339      0.000789738    
2.22427        0.0734105      0.000790425    
2.23015        0.0714961      0.000779876    
2.23602        0.0700922      0.00077228     
2.2419         0.0695987      0.000769559    
2.24778        0.0676418      0.000758577    
2.25365        0.0666633      0.000753074    
2.25953        0.065872       0.000748691    
2.26541        0.0665868      0.000752642    
2.27128        0.0640938      0.000738329    
2.27716        0.0614987      0.000723334    
2.28304        0.0616944      0.000724583    
2.28891        0.0608351      0.000719523    
2.29479        0.0595248      0.000711943    
2.30067        0.0581379      0.000703304    
2.30654        0.0581124      0.00070315     
2.31242        0.0575253      0.000699695    
2.3183         0.0561469      0.000691374    
2.32417        0.0543176      0.000679819    
2.33005        0.0534157      0.00067437     
2.33593        0.0524288      0.000667902    
2.3418         0.0520544      0.000665405    
2.34768        0.0499103      0.000651561    
2.35356        0.0510334      0.000658849    
2.35943        0.0496465      0.000649838    
2.36531        0.050157       0.00065317     
2.37119        0.0479789      0.000638834    
2.37706        0.0472982      0.000634287    
2.38294        0.045052       0.000619164    
2.38882        0.0467111      0.00063034     
2.39469        0.0447287      0.000616939    
2.40057        0.044601       0.000615942    
2.40644        0.043027       0.000605098    
2.41232        0.0414189      0.000593568    
2.4182         0.04147        0.000593934    
2.42407        0.0398619      0.000582307    
2.42995        0.0406021      0.000587687    
2.43583        0.0392322      0.000577691    
2.4417         0.0385516      0.000572659    
2.44758        0.0377177      0.000566561    
2.45346        0.0382538      0.000570697    
2.45933        0.0371392      0.000562202    
2.46521        0.0357948      0.000551809    
2.47109        0.0358629      0.000552333    
2.47696        0.0350206      0.000545942    
2.48284        0.0353014      0.000547993    
2.48872        0.0336167      0.00053476     
2.49459        0.0332508      0.000531842    
2.50047        0.0327148      0.000527539    
2.50635        0.0322894      0.000524098    
2.51222        0.0309961      0.000513638    
2.5181         0.0313875      0.000516728    
2.52398        0.0306132      0.000510316    
2.52985        0.0302814      0.000507544    
2.53573        0.0294646      0.000500653    
2.54161        0.0285372      0.000492712    
2.54748        0.028886       0.00049586     
2.55336        0.0270567      0.000479763    
2.55923        0.0270142      0.000479386    
2.56511        0.0273545      0.000482546    
2.57099        0.0264952      0.000474912    
2.57686        0.025772       0.000468236    
2.58274        0.0256784      0.000467385    
2.58862        0.025772       0.000468236    
2.59449        0.0245893      0.000457526    
2.60037        0.024283       0.000454511    
2.60625        0.0232875      0.000445098    
2.61212        0.0229727      0.00044208     
2.618          0.0237725      0.000449708    
2.62388        0.0226834      0.000439288    
2.62975        0.0218411      0.000431055    
2.63563        0.0215773      0.000428445    
2.64151        0.0208456      0.000421119    
2.64738        0.0211264      0.000423945    
2.65326        0.0212795      0.000425479    
2.65914        0.019765       0.00041006     
2.66501        0.0198756      0.000411206    
2.67089        0.0188972      0.000401138    
2.67677        0.0183611      0.00039523     
2.68264        0.0191609      0.000403746    
2.68852        0.0184122      0.000395779    
2.6944         0.018761       0.000399511    
2.70027        0.0179527      0.000390811    
2.70615        0.0182846      0.000394405    
2.71203        0.0165488      0.000375221    
2.7179         0.0173316      0.000383991    
2.72378        0.0164297      0.000373868    
2.72965        0.0164552      0.000374158    
2.73553        0.0159277      0.000368113    
2.74141        0.0159703      0.000368604    
2.74728        0.0148812      0.000355815    
2.75316        0.0150514      0.000357843    
2.75904        0.015213       0.00035976     
2.76491        0.0145324      0.00035162     
2.77079        0.0139368      0.00034434     
2.77667        0.0144303      0.000350383    
2.78254        0.0140559      0.000345808    
2.78842        0.0136645      0.00034096     
2.7943         0.0133412      0.000336902    
2.80017        0.0131285      0.000334206    
2.80605        0.0124648      0.00032565     
2.81193        0.0127456      0.000329297    
2.8178         0.0127201      0.000328967    
2.82368        0.0119798      0.000319252    
2.82956        0.0122861      0.000323308    
2.83543        0.0113247      0.000310634    
2.84131        0.0114863      0.000312608    
2.84719        0.0114778      0.000312492    
2.85306        0.0104228      0.000298028    
2.85894        0.0111885      0.000308529    
2.86482        0.0109333      0.00030499     
2.87069        0.0107121      0.000301889    
2.87657        0.0101165      0.000293377    
2.88244        0.0100654      0.000292636    
2.88832        0.00999737     0.000291645    
2.8942         0.0100995      0.00029313     
2.90007        0.0101505      0.00029387     
2.90595        0.00939328     0.000282697    
2.91183        0.00974212     0.000287898    
2.9177         0.0095209      0.00028461     
2.92358        0.00854244     0.00026959     
2.92946        0.00926565     0.00028077     
2.93533        0.00902741     0.000277137    
