y              dN/dy          error          
-2.994         0              0              
-2.982         0              0              
-2.97          0              0              
-2.958         0              0              
-2.946         0              0              
-2.934         0              0              
-2.922         0              0              
-2.91          0              0              
-2.898         0              0              
-2.886         0              0              
-2.874         0              0              
-2.862         0              0              
-2.85          0              0              
-2.838         0              0              
-2.826         0              0              
-2.814         0              0              
-2.802         0              0              
-2.79          0              0              
-2.778         0              0              
-2.766         0              0              
-2.754         0              0              
-2.742         0              0              
-2.73          0              0              
-2.718         0              0              
-2.706         0              0              
-2.694         0              0              
-2.682         0              0              
-2.67          0              0              
-2.658         0              0              
-2.646         0              0              
-2.634         0              0              
-2.622         0              0              
-2.61          0              0              
-2.598         0              0              
-2.586         0              0              
-2.574         0              0              
-2.562         0              0              
-2.55          0              0              
-2.538         0              0              
-2.526         0              0              
-2.514         0              0              
-2.502         0              0              
-2.49          0              0              
-2.478         0              0              
-2.466         0              0              
-2.454         0              0              
-2.442         0              0              
-2.43          0              0              
-2.418         0              0              
-2.406         0              0              
-2.394         0              0              
-2.382         0              0              
-2.37          0              0              
-2.358         0              0              
-2.346         0              0              
-2.334         0              0              
-2.322         0              0              
-2.31          0              0              
-2.298         0              0              
-2.286         0              0              
-2.274         0              0              
-2.262         0              0              
-2.25          0              0              
-2.238         0              0              
-2.226         0              0              
-2.214         8.33333e-06    5.89256e-06    
-2.202         8.33333e-06    5.89256e-06    
-2.19          4.16667e-06    4.16667e-06    
-2.178         0              0              
-2.166         4.16667e-06    4.16667e-06    
-2.154         4.16667e-06    4.16667e-06    
-2.142         8.33333e-06    5.89256e-06    
-2.13          0              0              
-2.118         0              0              
-2.106         2.08333e-05    9.31695e-06    
-2.094         4.16667e-06    4.16667e-06    
-2.082         2.08333e-05    9.31695e-06    
-2.07          8.33333e-06    5.89256e-06    
-2.058         8.33333e-06    5.89256e-06    
-2.046         8.33333e-06    5.89256e-06    
-2.034         8.33333e-06    5.89256e-06    
-2.022         1.66667e-05    8.33333e-06    
-2.01          8.33333e-06    5.89256e-06    
-1.998         2.5e-05        1.02062e-05    
-1.986         2.91667e-05    1.1024e-05     
-1.974         3.75e-05       1.25e-05       
-1.962         5.41667e-05    1.50231e-05    
-1.95          5e-05          1.44338e-05    
-1.938         5e-05          1.44338e-05    
-1.926         4.58333e-05    1.38193e-05    
-1.914         5e-05          1.44338e-05    
-1.902         7.08333e-05    1.71796e-05    
-1.89          0.0001         2.04124e-05    
-1.878         0.000120833    2.24382e-05    
-1.866         0.000133333    2.35702e-05    
-1.854         0.000141667    2.42956e-05    
-1.842         0.000141667    2.42956e-05    
-1.83          0.0001875      2.79508e-05    
-1.818         0.000195833    2.85652e-05    
-1.806         0.000204167    2.91666e-05    
-1.794         0.0002875      3.46109e-05    
-1.782         0.000329167    3.70341e-05    
-1.77          0.000341667    3.77307e-05    
-1.758         0.000441667    4.28983e-05    
-1.746         0.000479167    4.46824e-05    
-1.734         0.000495833    4.54528e-05    
-1.722         0.000545833    4.76895e-05    
-1.71          0.000570833    4.87694e-05    
-1.698         0.000779167    5.6978e-05     
-1.686         0.000970833    6.3601e-05     
-1.674         0.000970833    6.3601e-05     
-1.662         0.00119583     7.05873e-05    
-1.65          0.00124583     7.20479e-05    
-1.638         0.00137917     7.58052e-05    
-1.626         0.0016         8.16489e-05    
-1.614         0.00165833     8.31239e-05    
-1.602         0.00194583     9.00414e-05    
-1.59          0.00210417     9.3633e-05     
-1.578         0.00238333     9.96508e-05    
-1.566         0.00264583     0.000104995    
-1.554         0.00290833     0.00011008     
-1.542         0.003225       0.000115918    
-1.53          0.00365833     0.00012346     
-1.518         0.00385        0.000126653    
-1.506         0.00402917     0.000129566    
-1.494         0.00499167     0.000144213    
-1.482         0.00529583     0.000148541    
-1.47          0.00595        0.000157448    
-1.458         0.0061625      0.000160235    
-1.446         0.00719167     0.000173097    
-1.434         0.00787917     0.000181182    
-1.422         0.00829167     0.000185863    
-1.41          0.0093125      0.000196971    
-1.398         0.0102458      0.000206605    
-1.386         0.0114292      0.000218209    
-1.374         0.0124458      0.000227706    
-1.362         0.0130792      0.000233427    
-1.35          0.0146833      0.000247325    
-1.338         0.0159833      0.00025804     
-1.326         0.0172125      0.000267841    
-1.314         0.0190125      0.000281426    
-1.302         0.020325       0.000291035    
-1.29          0.0217458      0.000301029    
-1.278         0.0232167      0.000310981    
-1.266         0.0258292      0.000328059    
-1.254         0.0282667      0.00034318     
-1.242         0.0302125      0.000354886    
-1.23          0.0327417      0.00036933     
-1.218         0.0346542      0.000380002    
-1.206         0.0372417      0.000394053    
-1.194         0.0403375      0.00040991     
-1.182         0.0439375      0.000427757    
-1.17          0.0466417      0.000440914    
-1.158         0.0496458      0.000454795    
-1.146         0.0528708      0.000469392    
-1.134         0.0559583      0.000483028    
-1.122         0.0609833      0.000504206    
-1.11          0.0653083      0.000521512    
-1.098         0.0690083      0.00053626     
-1.086         0.0731292      0.000551853    
-1.074         0.0783292      0.000571294    
-1.062         0.0831542      0.000588741    
-1.05          0.0893583      0.000610342    
-1.038         0.0936875      0.000624829    
-1.026         0.0996083      0.000644251    
-1.014         0.106437       0.000665812    
-1.002         0.112342       0.000684268    
-0.99          0.120496       0.000708617    
-0.978         0.126167       0.000724978    
-0.966         0.133829       0.000746606    
-0.954         0.142117       0.000769761    
-0.942         0.149312       0.000789017    
-0.93          0.156146       0.000806557    
-0.918         0.166329       0.000832639    
-0.906         0.174154       0.000851812    
-0.894         0.182779       0.000872544    
-0.882         0.191896       0.000894242    
-0.87          0.203096       0.000919939    
-0.858         0.211838       0.00093956     
-0.846         0.222213       0.000962101    
-0.834         0.233737       0.000987277    
-0.822         0.244633       0.0010094      
-0.81          0.257033       0.00103493     
-0.798         0.265246       0.00105174     
-0.786         0.2803         0.00108081     
-0.774         0.291567       0.00110226     
-0.762         0.304712       0.00112729     
-0.75          0.315708       0.00114688     
-0.738         0.328587       0.00117004     
-0.726         0.341642       0.00119301     
-0.714         0.358862       0.00122246     
-0.702         0.372192       0.00124503     
-0.69          0.385325       0.00126719     
-0.678         0.402112       0.0012947      
-0.666         0.415942       0.00131664     
-0.654         0.431229       0.00134054     
-0.642         0.44655        0.00136382     
-0.63          0.460525       0.00138493     
-0.618         0.476971       0.00140985     
-0.606         0.492721       0.00143296     
-0.594         0.50815        0.00145513     
-0.582         0.528238       0.00148339     
-0.57          0.544562       0.00150629     
-0.558         0.558575       0.00152545     
-0.546         0.576          0.00154954     
-0.534         0.592025       0.00157044     
-0.522         0.613862       0.00159956     
-0.51          0.629854       0.00161964     
-0.498         0.647437       0.00164198     
-0.486         0.664142       0.00166372     
-0.474         0.678775       0.00168232     
-0.462         0.700979       0.00170919     
-0.45          0.713054       0.00172338     
-0.438         0.728779       0.00174214     
-0.426         0.748983       0.00176644     
-0.414         0.764546       0.00178481     
-0.402         0.782329       0.00180569     
-0.39          0.798946       0.00182467     
-0.378         0.817921       0.00184603     
-0.366         0.834346       0.00186453     
-0.354         0.849717       0.00188235     
-0.342         0.868117       0.00190218     
-0.33          0.879867       0.00191501     
-0.318         0.894358       0.0019302      
-0.306         0.9107         0.00194806     
-0.294         0.923687       0.00196156     
-0.282         0.936887       0.0019758      
-0.27          0.953492       0.00199318     
-0.258         0.968554       0.00200912     
-0.246         0.980804       0.00202139     
-0.234         0.987733       0.00202861     
-0.222         1.00397        0.0020453      
-0.21          1.01316        0.00205523     
-0.198         1.02603        0.00206723     
-0.186         1.03765        0.00207886     
-0.174         1.04757        0.00208939     
-0.162         1.05725        0.00209887     
-0.15          1.06645        0.00210781     
-0.138         1.07485        0.00211626     
-0.126         1.07901        0.00212092     
-0.114         1.08932        0.00212997     
-0.102         1.08801        0.00212909     
-0.09          1.09902        0.00214029     
-0.078         1.10296        0.00214389     
-0.066         1.11004        0.00215031     
-0.054         1.11097        0.00215204     
-0.042         1.11509        0.00215527     
-0.03          1.1216         0.00216177     
-0.018         1.11585        0.00215657     
-0.006         1.12167        0.00216219     
0.006          1.12055        0.00216074     
0.018          1.1164         0.00215693     
0.03           1.11597        0.00215584     
0.042          1.1123         0.0021537      
0.054          1.1144         0.00215508     
0.066          1.1079         0.00214849     
0.078          1.10406        0.00214435     
0.09           1.09572        0.00213707     
0.102          1.09507        0.00213604     
0.114          1.08497        0.00212598     
0.126          1.07947        0.00212031     
0.138          1.07331        0.00211511     
0.15           1.0645         0.00210587     
0.162          1.05535        0.00209667     
0.174          1.045          0.00208637     
0.186          1.03305        0.00207485     
0.198          1.02959        0.00207087     
0.21           1.01571        0.0020574      
0.222          1.00307        0.00204437     
0.234          0.989037       0.00203009     
0.246          0.979533       0.00202037     
0.258          0.961662       0.00200217     
0.27           0.951058       0.00199087     
0.282          0.939208       0.00197868     
0.294          0.925879       0.00196413     
0.306          0.908504       0.00194574     
0.318          0.894425       0.00193014     
0.33           0.881487       0.00191625     
0.342          0.865067       0.00189878     
0.354          0.846362       0.00187777     
0.366          0.831621       0.00186106     
0.378          0.815125       0.00184277     
0.39           0.80205        0.00182829     
0.402          0.7864         0.00180999     
0.414          0.766671       0.00178711     
0.426          0.746654       0.00176404     
0.438          0.729296       0.0017435      
0.45           0.713137       0.00172358     
0.462          0.697913       0.00170491     
0.474          0.679846       0.00168306     
0.486          0.663158       0.00166211     
0.498          0.648058       0.00164317     
0.51           0.6285         0.00161866     
0.522          0.607392       0.00159091     
0.534          0.594725       0.00157428     
0.546          0.578588       0.00155234     
0.558          0.5604         0.00152807     
0.57           0.542908       0.00150389     
0.582          0.526279       0.00148047     
0.594          0.509563       0.00145726     
0.606          0.493146       0.0014337      
0.618          0.475908       0.00140884     
0.63           0.459529       0.0013831      
0.642          0.446396       0.00136372     
0.654          0.431617       0.00134099     
0.666          0.417087       0.00131833     
0.678          0.398529       0.00128882     
0.69           0.385883       0.00126833     
0.702          0.370883       0.00124302     
0.714          0.357396       0.00121992     
0.726          0.342483       0.00119433     
0.738          0.330179       0.00117263     
0.75           0.31535        0.00114672     
0.762          0.302208       0.00112243     
0.774          0.289513       0.00109842     
0.786          0.278258       0.00107659     
0.798          0.266437       0.00105372     
0.81           0.255171       0.00103119     
0.822          0.245454       0.00101156     
0.834          0.231788       0.000982735    
0.846          0.222408       0.00096283     
0.858          0.212967       0.000941901    
0.87           0.202954       0.000919563    
0.882          0.192962       0.000896538    
0.894          0.182279       0.000871335    
0.906          0.174425       0.000852472    
0.918          0.165279       0.000829955    
0.93           0.156146       0.000806665    
0.942          0.148233       0.000785687    
0.954          0.141192       0.000766945    
0.966          0.132725       0.000743622    
0.978          0.126592       0.000726195    
0.99           0.119796       0.000706489    
1.002          0.113754       0.000688569    
1.014          0.107521       0.00066934     
1.026          0.100492       0.000647041    
1.038          0.0946333      0.000628134    
1.05           0.0899958      0.000612425    
1.062          0.0838042      0.000590915    
1.074          0.077975       0.000569973    
1.086          0.0744583      0.000557151    
1.098          0.06965        0.000538743    
1.11           0.0646         0.000518746    
1.122          0.0611625      0.000504738    
1.134          0.0572042      0.000488186    
1.146          0.0534208      0.000471713    
1.158          0.0507083      0.000459668    
1.17           0.0467958      0.000441484    
1.182          0.0435708      0.000426011    
1.194          0.0408625      0.000412609    
1.206          0.0369167      0.000392111    
1.218          0.0341625      0.000377345    
1.23           0.0322125      0.000366288    
1.242          0.0300042      0.000353711    
1.254          0.0274625      0.000338318    
1.266          0.0258375      0.000328059    
1.278          0.0240667      0.000316785    
1.29           0.0214083      0.000298686    
1.302          0.0206125      0.000293144    
1.314          0.0189583      0.000281087    
1.326          0.0171458      0.000267257    
1.338          0.0158333      0.000256894    
1.35           0.0147958      0.000248271    
1.362          0.0131708      0.000234243    
1.374          0.0123458      0.000226789    
1.386          0.0114667      0.000218646    
1.398          0.0103542      0.000207694    
1.41           0.00945        0.00019842     
1.422          0.00833333     0.00018633     
1.434          0.00781667     0.000180462    
1.446          0.00707083     0.000171637    
1.458          0.00644167     0.000163824    
1.47           0.00589167     0.000156674    
1.482          0.00559167     0.000152634    
1.494          0.00494583     0.000143549    
1.506          0.00442917     0.000135845    
1.518          0.004025       0.000129499    
1.53           0.00375        0.000124997    
1.542          0.00329167     0.00011711     
1.554          0.00291667     0.000110238    
1.566          0.0027         0.000106064    
1.578          0.00222083     9.61937e-05    
1.59           0.0022875      9.76268e-05    
1.602          0.00178333     8.61998e-05    
1.614          0.00169583     8.40585e-05    
1.626          0.00152917     7.98211e-05    
1.638          0.00134583     7.48836e-05    
1.65           0.00122917     7.15643e-05    
1.662          0.0011375      6.88442e-05    
1.674          0.000908333    6.15198e-05    
1.686          0.000825       5.86299e-05    
1.698          0.000791667    5.74333e-05    
1.71           0.000683333    5.33592e-05    
1.722          0.000633333    5.13699e-05    
1.734          0.00055        4.78712e-05    
1.746          0.00045        4.33012e-05    
1.758          0.000366667    3.90867e-05    
1.77           0.0004125      4.14577e-05    
1.782          0.000308333    3.5843e-05     
1.794          0.000304167    3.56e-05       
1.806          0.000216667    3.00462e-05    
1.818          0.0002         2.88675e-05    
1.83           0.000179167    2.73226e-05    
1.842          0.000158333    2.5685e-05     
1.854          0.000145833    2.46503e-05    
1.866          0.0001375      2.39357e-05    
1.878          0.000104167    2.08333e-05    
1.89           7.08333e-05    1.71796e-05    
1.902          0.000104167    2.08333e-05    
1.914          0.000116667    2.20479e-05    
1.926          8.75e-05       1.90941e-05    
1.938          5e-05          1.44338e-05    
1.95           6.66667e-05    1.66667e-05    
1.962          4.16667e-05    1.31762e-05    
1.974          2.5e-05        1.02062e-05    
1.986          4.58333e-05    1.38193e-05    
1.998          2.08333e-05    9.31695e-06    
2.01           8.33333e-06    5.89256e-06    
2.022          8.33333e-06    5.89256e-06    
2.034          1.25e-05       7.21688e-06    
2.046          1.66667e-05    8.33333e-06    
2.058          1.25e-05       7.21688e-06    
2.07           1.66667e-05    8.33333e-06    
2.082          1.25e-05       7.21688e-06    
2.094          4.16667e-06    4.16667e-06    
2.106          2.08333e-05    9.31695e-06    
2.118          4.16667e-06    4.16667e-06    
2.13           1.25e-05       7.21688e-06    
2.142          4.16667e-06    4.16667e-06    
2.154          0              0              
2.166          8.33333e-06    5.89256e-06    
2.178          4.16667e-06    4.16667e-06    
2.19           0              0              
2.202          0              0              
2.214          4.16667e-06    4.16667e-06    
2.226          0              0              
2.238          0              0              
2.25           0              0              
2.262          0              0              
2.274          0              0              
2.286          0              0              
2.298          0              0              
2.31           0              0              
2.322          0              0              
2.334          0              0              
2.346          0              0              
2.358          4.16667e-06    4.16667e-06    
2.37           4.16667e-06    4.16667e-06    
2.382          0              0              
2.394          0              0              
2.406          0              0              
2.418          0              0              
2.43           0              0              
2.442          0              0              
2.454          0              0              
2.466          0              0              
2.478          0              0              
2.49           0              0              
2.502          0              0              
2.514          0              0              
2.526          0              0              
2.538          0              0              
2.55           0              0              
2.562          0              0              
2.574          0              0              
2.586          0              0              
2.598          0              0              
2.61           0              0              
2.622          0              0              
2.634          0              0              
2.646          0              0              
2.658          0              0              
2.67           0              0              
2.682          0              0              
2.694          0              0              
2.706          0              0              
2.718          0              0              
2.73           0              0              
2.742          0              0              
2.754          0              0              
2.766          0              0              
2.778          0              0              
2.79           0              0              
2.802          0              0              
2.814          0              0              
2.826          0              0              
2.838          0              0              
2.85           0              0              
2.862          0              0              
2.874          0              0              
2.886          0              0              
2.898          0              0              
2.91           0              0              
2.922          0              0              
2.934          0              0              
2.946          0              0              
2.958          0              0              
2.97           0              0              
2.982          0              0              
2.994          0              0              
