pT (GeV)       dN/dpt         error          
0.00580839     0              0              
0.0174252      0              0              
0.029042       4.30412e-06    4.30412e-06    
0.0406587      0              0              
0.0522755      8.60824e-06    6.08694e-06    
0.0638923      8.60824e-06    6.08694e-06    
0.0755091      4.30412e-06    4.30412e-06    
0.0871259      4.30412e-06    4.30412e-06    
0.0987426      4.30412e-06    4.30412e-06    
0.110359       4.30412e-06    4.30412e-06    
0.121976       0              0              
0.133593       4.30412e-06    4.30412e-06    
0.14521        0              0              
0.156827       4.30412e-06    4.30412e-06    
0.168443       8.60824e-06    6.08694e-06    
0.18006        8.60824e-06    6.08694e-06    
0.191677       4.30412e-06    4.30412e-06    
0.203294       8.60824e-06    6.08694e-06    
0.21491        4.30412e-06    4.30412e-06    
0.226527       4.30412e-06    4.30412e-06    
0.238144       8.60824e-06    6.08694e-06    
0.249761       8.60824e-06    6.08694e-06    
0.261378       0              0              
0.272994       4.30412e-06    4.30412e-06    
0.284611       8.60824e-06    6.08694e-06    
0.296228       2.15206e-05    9.6243e-06     
0.307845       2.15206e-05    9.6243e-06     
0.319461       1.72165e-05    8.60824e-06    
0.331078       4.30412e-06    4.30412e-06    
0.342695       4.30412e-06    4.30412e-06    
0.354312       8.60824e-06    6.08694e-06    
0.365929       1.29124e-05    7.45495e-06    
0.377545       1.29124e-05    7.45495e-06    
0.389162       1.72165e-05    8.60824e-06    
0.400779       8.60824e-06    6.08694e-06    
0.412396       1.72165e-05    8.60824e-06    
0.424012       1.29124e-05    7.45495e-06    
0.435629       8.60824e-06    6.08694e-06    
0.447246       1.29124e-05    7.45495e-06    
0.458863       0              0              
0.47048        1.29124e-05    7.45495e-06    
0.482096       8.60824e-06    6.08694e-06    
0.493713       8.60824e-06    6.08694e-06    
0.50533        1.29124e-05    7.45495e-06    
0.516947       8.60824e-06    6.08694e-06    
0.528563       2.15206e-05    9.6243e-06     
0.54018        2.58247e-05    1.05429e-05    
0.551797       1.29124e-05    7.45495e-06    
0.563414       1.29124e-05    7.45495e-06    
0.575031       2.15206e-05    9.6243e-06     
0.586647       1.72165e-05    8.60824e-06    
0.598264       2.15206e-05    9.6243e-06     
0.609881       2.15206e-05    9.6243e-06     
0.621498       8.60824e-06    6.08694e-06    
0.633115       8.60824e-06    6.08694e-06    
0.644731       2.15206e-05    9.6243e-06     
0.656348       1.29124e-05    7.45495e-06    
0.667965       1.72165e-05    8.60824e-06    
0.679582       2.58247e-05    1.05429e-05    
0.691198       2.15206e-05    9.6243e-06     
0.702815       4.30412e-05    1.36108e-05    
0.714432       1.72165e-05    8.60824e-06    
0.726049       1.29124e-05    7.45495e-06    
0.737666       2.15206e-05    9.6243e-06     
0.749282       8.60824e-06    6.08694e-06    
0.760899       0              0              
0.772516       8.60824e-06    6.08694e-06    
0.784133       1.29124e-05    7.45495e-06    
0.795749       3.01288e-05    1.13876e-05    
0.807366       3.01288e-05    1.13876e-05    
0.818983       1.72165e-05    8.60824e-06    
0.8306         2.58247e-05    1.05429e-05    
0.842217       3.87371e-05    1.29124e-05    
0.853833       1.29124e-05    7.45495e-06    
0.86545        3.44329e-05    1.21739e-05    
0.877067       6.45618e-05    1.66698e-05    
0.888684       3.01288e-05    1.13876e-05    
0.9003         3.44329e-05    1.21739e-05    
0.911917       3.87371e-05    1.29124e-05    
0.923534       3.87371e-05    1.29124e-05    
0.935151       3.87371e-05    1.29124e-05    
0.946768       3.01288e-05    1.13876e-05    
0.958384       3.01288e-05    1.13876e-05    
0.970001       8.60824e-06    6.08694e-06    
0.981618       1.72165e-05    8.60824e-06    
0.993235       1.72165e-05    8.60824e-06    
1.00485        3.44329e-05    1.21739e-05    
1.01647        6.02577e-05    1.61045e-05    
1.02809        3.44329e-05    1.21739e-05    
1.0397         4.30412e-05    1.36108e-05    
1.05132        2.58247e-05    1.05429e-05    
1.06294        4.30412e-05    1.36108e-05    
1.07455        2.58247e-05    1.05429e-05    
1.08617        2.58247e-05    1.05429e-05    
1.09779        2.58247e-05    1.05429e-05    
1.1094         2.15206e-05    9.6243e-06     
1.12102        3.87371e-05    1.29124e-05    
1.13264        3.87371e-05    1.29124e-05    
1.14425        3.01288e-05    1.13876e-05    
1.15587        2.15206e-05    9.6243e-06     
1.16749        3.01288e-05    1.13876e-05    
1.1791         4.73453e-05    1.42751e-05    
1.19072        3.44329e-05    1.21739e-05    
1.20234        4.30412e-05    1.36108e-05    
1.21395        8.60824e-06    6.08694e-06    
1.22557        4.30412e-05    1.36108e-05    
1.23719        1.72165e-05    8.60824e-06    
1.2488         3.01288e-05    1.13876e-05    
1.26042        3.01288e-05    1.13876e-05    
1.27204        3.44329e-05    1.21739e-05    
1.28365        1.29124e-05    7.45495e-06    
1.29527        3.01288e-05    1.13876e-05    
1.30689        4.73453e-05    1.42751e-05    
1.3185         2.15206e-05    9.6243e-06     
1.33012        4.30412e-05    1.36108e-05    
1.34174        1.29124e-05    7.45495e-06    
1.35335        3.01288e-05    1.13876e-05    
1.36497        4.73453e-05    1.42751e-05    
1.37659        4.30412e-05    1.36108e-05    
1.38821        3.01288e-05    1.13876e-05    
1.39982        3.87371e-05    1.29124e-05    
1.41144        3.01288e-05    1.13876e-05    
1.42306        2.58247e-05    1.05429e-05    
1.43467        4.30412e-05    1.36108e-05    
1.44629        1.29124e-05    7.45495e-06    
1.45791        1.29124e-05    7.45495e-06    
1.46952        6.45618e-05    1.66698e-05    
1.48114        1.72165e-05    8.60824e-06    
1.49276        3.44329e-05    1.21739e-05    
1.50437        3.01288e-05    1.13876e-05    
1.51599        3.87371e-05    1.29124e-05    
1.52761        2.58247e-05    1.05429e-05    
1.53922        3.44329e-05    1.21739e-05    
1.55084        3.44329e-05    1.21739e-05    
1.56246        1.72165e-05    8.60824e-06    
1.57407        2.58247e-05    1.05429e-05    
1.58569        5.59535e-05    1.55187e-05    
1.59731        3.87371e-05    1.29124e-05    
1.60892        4.30412e-05    1.36108e-05    
1.62054        1.72165e-05    8.60824e-06    
1.63216        5.59535e-05    1.55187e-05    
1.64377        2.15206e-05    9.6243e-06     
1.65539        3.01288e-05    1.13876e-05    
1.66701        4.73453e-05    1.42751e-05    
1.67862        3.44329e-05    1.21739e-05    
1.69024        5.16494e-05    1.49099e-05    
1.70186        4.73453e-05    1.42751e-05    
1.71348        1.72165e-05    8.60824e-06    
1.72509        3.01288e-05    1.13876e-05    
1.73671        2.58247e-05    1.05429e-05    
1.74833        4.30412e-05    1.36108e-05    
1.75994        8.60824e-06    6.08694e-06    
1.77156        3.44329e-05    1.21739e-05    
1.78318        4.30412e-05    1.36108e-05    
1.79479        1.72165e-05    8.60824e-06    
1.80641        2.15206e-05    9.6243e-06     
1.81803        3.44329e-05    1.21739e-05    
1.82964        4.30412e-06    4.30412e-06    
1.84126        3.01288e-05    1.13876e-05    
1.85288        2.15206e-05    9.6243e-06     
1.86449        3.01288e-05    1.13876e-05    
1.87611        2.58247e-05    1.05429e-05    
1.88773        1.29124e-05    7.45495e-06    
1.89934        1.29124e-05    7.45495e-06    
1.91096        3.01288e-05    1.13876e-05    
1.92258        2.58247e-05    1.05429e-05    
1.93419        2.15206e-05    9.6243e-06     
1.94581        2.58247e-05    1.05429e-05    
1.95743        8.60824e-06    6.08694e-06    
1.96904        2.15206e-05    9.6243e-06     
1.98066        3.01288e-05    1.13876e-05    
1.99228        1.72165e-05    8.60824e-06    
2.00389        3.44329e-05    1.21739e-05    
2.01551        3.01288e-05    1.13876e-05    
2.02713        2.58247e-05    1.05429e-05    
2.03874        3.87371e-05    1.29124e-05    
2.05036        3.44329e-05    1.21739e-05    
2.06198        0              0              
2.0736         2.15206e-05    9.6243e-06     
2.08521        3.44329e-05    1.21739e-05    
2.09683        1.72165e-05    8.60824e-06    
2.10845        2.15206e-05    9.6243e-06     
2.12006        3.01288e-05    1.13876e-05    
2.13168        1.72165e-05    8.60824e-06    
2.1433         3.01288e-05    1.13876e-05    
2.15491        3.01288e-05    1.13876e-05    
2.16653        1.29124e-05    7.45495e-06    
2.17815        2.15206e-05    9.6243e-06     
2.18976        3.44329e-05    1.21739e-05    
2.20138        2.58247e-05    1.05429e-05    
2.213          1.72165e-05    8.60824e-06    
2.22461        1.72165e-05    8.60824e-06    
2.23623        8.60824e-06    6.08694e-06    
2.24785        1.29124e-05    7.45495e-06    
2.25946        4.30412e-06    4.30412e-06    
2.27108        2.58247e-05    1.05429e-05    
2.2827         8.60824e-06    6.08694e-06    
2.29431        2.15206e-05    9.6243e-06     
2.30593        1.29124e-05    7.45495e-06    
2.31755        2.15206e-05    9.6243e-06     
2.32916        3.87371e-05    1.29124e-05    
2.34078        2.15206e-05    9.6243e-06     
2.3524         1.72165e-05    8.60824e-06    
2.36401        2.15206e-05    9.6243e-06     
2.37563        3.44329e-05    1.21739e-05    
2.38725        2.15206e-05    9.6243e-06     
2.39887        3.01288e-05    1.13876e-05    
2.41048        3.01288e-05    1.13876e-05    
2.4221         2.58247e-05    1.05429e-05    
2.43372        1.29124e-05    7.45495e-06    
2.44533        1.72165e-05    8.60824e-06    
2.45695        2.58247e-05    1.05429e-05    
2.46857        2.15206e-05    9.6243e-06     
2.48018        2.58247e-05    1.05429e-05    
2.4918         4.30412e-06    4.30412e-06    
2.50342        1.29124e-05    7.45495e-06    
2.51503        8.60824e-06    6.08694e-06    
2.52665        1.72165e-05    8.60824e-06    
2.53827        1.29124e-05    7.45495e-06    
2.54988        8.60824e-06    6.08694e-06    
2.5615         8.60824e-06    6.08694e-06    
2.57312        4.30412e-05    1.36108e-05    
2.58473        1.72165e-05    8.60824e-06    
2.59635        1.29124e-05    7.45495e-06    
2.60797        4.30412e-06    4.30412e-06    
2.61958        4.30412e-06    4.30412e-06    
2.6312         1.72165e-05    8.60824e-06    
2.64282        8.60824e-06    6.08694e-06    
2.65443        0              0              
2.66605        1.72165e-05    8.60824e-06    
2.67767        1.72165e-05    8.60824e-06    
2.68928        8.60824e-06    6.08694e-06    
2.7009         4.30412e-06    4.30412e-06    
2.71252        8.60824e-06    6.08694e-06    
2.72413        1.72165e-05    8.60824e-06    
2.73575        8.60824e-06    6.08694e-06    
2.74737        1.72165e-05    8.60824e-06    
2.75899        1.72165e-05    8.60824e-06    
2.7706         8.60824e-06    6.08694e-06    
2.78222        1.29124e-05    7.45495e-06    
2.79384        8.60824e-06    6.08694e-06    
2.80545        4.30412e-06    4.30412e-06    
2.81707        2.15206e-05    9.6243e-06     
2.82869        4.30412e-06    4.30412e-06    
2.8403         8.60824e-06    6.08694e-06    
2.85192        0              0              
2.86354        4.30412e-06    4.30412e-06    
2.87515        4.30412e-06    4.30412e-06    
2.88677        4.30412e-06    4.30412e-06    
2.89839        4.30412e-06    4.30412e-06    
2.91           4.30412e-06    4.30412e-06    
2.92162        1.72165e-05    8.60824e-06    
2.93324        1.29124e-05    7.45495e-06    
2.94485        8.60824e-06    6.08694e-06    
2.95647        4.30412e-06    4.30412e-06    
2.96809        0              0              
2.9797         4.30412e-06    4.30412e-06    
2.99132        0              0              
3.00294        1.29124e-05    7.45495e-06    
3.01455        8.60824e-06    6.08694e-06    
3.02617        0              0              
3.03779        8.60824e-06    6.08694e-06    
3.0494         0              0              
3.06102        1.72165e-05    8.60824e-06    
3.07264        4.30412e-06    4.30412e-06    
3.08426        1.29124e-05    7.45495e-06    
3.09587        4.30412e-06    4.30412e-06    
3.10749        8.60824e-06    6.08694e-06    
3.11911        8.60824e-06    6.08694e-06    
3.13072        4.30412e-06    4.30412e-06    
3.14234        1.72165e-05    8.60824e-06    
3.15396        1.29124e-05    7.45495e-06    
3.16557        1.29124e-05    7.45495e-06    
3.17719        4.30412e-06    4.30412e-06    
3.18881        4.30412e-06    4.30412e-06    
3.20042        0              0              
3.21204        4.30412e-06    4.30412e-06    
3.22366        4.30412e-06    4.30412e-06    
3.23527        8.60824e-06    6.08694e-06    
3.24689        0              0              
3.25851        8.60824e-06    6.08694e-06    
3.27012        8.60824e-06    6.08694e-06    
3.28174        4.30412e-06    4.30412e-06    
3.29336        4.30412e-06    4.30412e-06    
3.30497        8.60824e-06    6.08694e-06    
3.31659        4.30412e-06    4.30412e-06    
3.32821        0              0              
3.33982        4.30412e-06    4.30412e-06    
3.35144        0              0              
3.36306        0              0              
3.37467        0              0              
3.38629        1.29124e-05    7.45495e-06    
3.39791        4.30412e-06    4.30412e-06    
3.40952        0              0              
3.42114        4.30412e-06    4.30412e-06    
3.43276        0              0              
3.44438        1.29124e-05    7.45495e-06    
3.45599        4.30412e-06    4.30412e-06    
3.46761        1.72165e-05    8.60824e-06    
3.47923        4.30412e-06    4.30412e-06    
3.49084        4.30412e-06    4.30412e-06    
3.50246        0              0              
3.51408        4.30412e-06    4.30412e-06    
3.52569        0              0              
3.53731        0              0              
3.54893        4.30412e-06    4.30412e-06    
3.56054        1.29124e-05    7.45495e-06    
3.57216        0              0              
3.58378        4.30412e-06    4.30412e-06    
3.59539        0              0              
3.60701        0              0              
3.61863        0              0              
3.63024        4.30412e-06    4.30412e-06    
3.64186        4.30412e-06    4.30412e-06    
3.65348        0              0              
3.66509        4.30412e-06    4.30412e-06    
3.67671        0              0              
3.68833        0              0              
3.69994        0              0              
3.71156        0              0              
3.72318        0              0              
3.73479        0              0              
3.74641        0              0              
3.75803        0              0              
3.76965        8.60824e-06    6.08694e-06    
3.78126        0              0              
3.79288        4.30412e-06    4.30412e-06    
3.8045         1.29124e-05    7.45495e-06    
3.81611        0              0              
3.82773        8.60824e-06    6.08694e-06    
3.83935        8.60824e-06    6.08694e-06    
3.85096        0              0              
3.86258        4.30412e-06    4.30412e-06    
3.8742         0              0              
3.88581        0              0              
3.89743        0              0              
3.90905        0              0              
3.92066        0              0              
3.93228        0              0              
3.9439         0              0              
3.95551        0              0              
3.96713        0              0              
3.97875        0              0              
3.99036        0              0              
4.00198        0              0              
4.0136         0              0              
4.02521        0              0              
4.03683        4.30412e-06    4.30412e-06    
4.04845        4.30412e-06    4.30412e-06    
4.06006        0              0              
4.07168        4.30412e-06    4.30412e-06    
4.0833         0              0              
4.09491        0              0              
4.10653        0              0              
4.11815        0              0              
4.12977        1.29124e-05    7.45495e-06    
4.14138        0              0              
4.153          0              0              
4.16462        0              0              
4.17623        0              0              
4.18785        0              0              
4.19947        0              0              
4.21108        0              0              
4.2227         8.60824e-06    6.08694e-06    
4.23432        0              0              
4.24593        0              0              
4.25755        0              0              
4.26917        0              0              
4.28078        4.30412e-06    4.30412e-06    
4.2924         0              0              
4.30402        0              0              
4.31563        0              0              
4.32725        4.30412e-06    4.30412e-06    
4.33887        0              0              
4.35048        0              0              
4.3621         0              0              
4.37372        0              0              
4.38533        0              0              
4.39695        4.30412e-06    4.30412e-06    
4.40857        0              0              
4.42018        0              0              
4.4318         0              0              
4.44342        0              0              
4.45504        0              0              
4.46665        0              0              
4.47827        4.30412e-06    4.30412e-06    
4.48989        0              0              
4.5015         0              0              
4.51312        0              0              
4.52474        0              0              
4.53635        0              0              
4.54797        0              0              
4.55959        0              0              
4.5712         0              0              
4.58282        0              0              
4.59444        0              0              
4.60605        0              0              
4.61767        0              0              
4.62929        0              0              
4.6409         0              0              
4.65252        0              0              
4.66414        0              0              
4.67575        0              0              
4.68737        0              0              
4.69899        0              0              
4.7106         0              0              
4.72222        0              0              
4.73384        0              0              
4.74545        0              0              
4.75707        0              0              
4.76869        0              0              
4.7803         0              0              
4.79192        0              0              
4.80354        0              0              
4.81516        0              0              
4.82677        0              0              
4.83839        0              0              
4.85001        0              0              
4.86162        0              0              
4.87324        0              0              
4.88486        0              0              
4.89647        0              0              
4.90809        0              0              
4.91971        0              0              
4.93132        0              0              
4.94294        0              0              
4.95456        0              0              
4.96617        0              0              
4.97779        0              0              
4.98941        0              0              
5.00102        0              0              
5.01264        0              0              
5.02426        0              0              
5.03587        0              0              
5.04749        0              0              
5.05911        0              0              
5.07072        0              0              
5.08234        0              0              
5.09396        0              0              
5.10557        0              0              
5.11719        0              0              
5.12881        0              0              
5.14043        0              0              
5.15204        0              0              
5.16366        0              0              
5.17528        0              0              
5.18689        0              0              
5.19851        0              0              
5.21013        0              0              
5.22174        0              0              
5.23336        0              0              
5.24498        0              0              
5.25659        0              0              
5.26821        0              0              
5.27983        0              0              
5.29144        0              0              
5.30306        0              0              
5.31468        0              0              
5.32629        0              0              
5.33791        0              0              
5.34953        0              0              
5.36114        0              0              
5.37276        0              0              
5.38438        0              0              
5.39599        0              0              
5.40761        0              0              
5.41923        0              0              
5.43084        0              0              
5.44246        0              0              
5.45408        0              0              
5.46569        0              0              
5.47731        0              0              
5.48893        0              0              
5.50055        0              0              
5.51216        0              0              
5.52378        0              0              
5.5354         0              0              
5.54701        0              0              
5.55863        0              0              
5.57025        0              0              
5.58186        0              0              
5.59348        0              0              
5.6051         0              0              
5.61671        0              0              
5.62833        0              0              
5.63995        0              0              
5.65156        0              0              
5.66318        0              0              
5.6748         0              0              
5.68641        0              0              
5.69803        0              0              
5.70965        0              0              
5.72126        0              0              
5.73288        0              0              
5.7445         0              0              
5.75611        0              0              
5.76773        0              0              
5.77935        0              0              
5.79096        0              0              
5.80258        0              0              
