p (GeV)        dN/dp          error          
0.00293827     0.000102101    2.9474e-05     
0.00881482     0.000680672    7.61013e-05    
0.0146914      0.00182931     0.000124757    
0.0205679      0.00401597     0.000184848    
0.0264444      0.00610903     0.000227983    
0.032321       0.00980168     0.000288776    
0.0381975      0.0130689      0.000333447    
0.0440741      0.0173656      0.000384368    
0.0499506      0.0227855      0.00044044     
0.0558272      0.0285287      0.000492785    
0.0617037      0.0339826      0.000537796    
0.0675803      0.0412913      0.000592653    
0.0734568      0.0482256      0.000640474    
0.0793333      0.0578742      0.000701811    
0.0852099      0.0651403      0.000744428    
0.0910864      0.073972       0.000793347    
0.096963       0.0823188      0.000836957    
0.10284        0.0941114      0.000894673    
0.108716       0.105062       0.000945328    
0.114593       0.115978       0.000993252    
0.120469       0.126418       0.00103743     
0.126346       0.138959       0.0010873      
0.132222       0.156784       0.00115489     
0.138099       0.168662       0.00119776     
0.143975       0.178881       0.00123392     
0.149852       0.194451       0.00128637     
0.155728       0.20912        0.00133427     
0.161605       0.225158       0.00138376     
0.167482       0.240949       0.00143161     
0.173358       0.257617       0.00148032     
0.179235       0.271724       0.00151986     
0.185111       0.289788       0.00157028     
0.190988       0.307179       0.0016165      
0.196864       0.326604       0.00166757     
0.202741       0.34448        0.00171218     
0.208617       0.358621       0.00174727     
0.214494       0.382053       0.00180306     
0.22037        0.396381       0.00183652     
0.226247       0.416503       0.00188238     
0.232123       0.436498       0.00192719     
0.238          0.454485       0.00196629     
0.243877       0.47328        0.00200694     
0.249753       0.497622       0.00205698     
0.25563        0.513159       0.00209013     
0.261506       0.535783       0.00213469     
0.267383       0.557649       0.00217792     
0.273259       0.576419       0.00221411     
0.279136       0.594763       0.00225006     
0.285012       0.612954       0.00228345     
0.290889       0.643014       0.00233838     
0.296765       0.655862       0.00236272     
0.302642       0.684399       0.00241325     
0.308519       0.704564       0.00244866     
0.314395       0.728353       0.00248931     
0.320272       0.7444         0.00251667     
0.326148       0.766097       0.00255304     
0.332025       0.787274       0.00258811     
0.337901       0.810332       0.0026261      
0.343778       0.827842       0.00265456     
0.349654       0.851904       0.00269247     
0.355531       0.87577        0.00272997     
0.361407       0.894139       0.00275833     
0.367284       0.914236       0.00278891     
0.373161       0.937592       0.00282465     
0.379037       0.95483        0.00285079     
0.384914       0.981427       0.00288999     
0.39079        1.00155        0.00291936     
0.396667       1.01334        0.00293632     
0.402543       1.03721        0.00297119     
0.40842        1.06206        0.0030063      
0.414296       1.08548        0.00303906     
0.420173       1.09735        0.00305512     
0.426049       1.12011        0.0030875      
0.431926       1.1359         0.00310865     
0.437803       1.15441        0.00313431     
0.443679       1.16898        0.00315398     
0.449556       1.1971         0.00319155     
0.455432       1.21212        0.00321149     
0.461309       1.23095        0.00323723     
0.467185       1.24809        0.00325905     
0.473062       1.26112        0.00327495     
0.478938       1.28416        0.00330605     
0.484815       1.29761        0.0033227      
0.490691       1.31149        0.00334067     
0.496568       1.33057        0.00336531     
0.502445       1.34434        0.00338211     
0.508321       1.36566        0.00340913     
0.514198       1.37897        0.00342484     
0.520074       1.39226        0.00344187     
0.525951       1.4087         0.00346115     
0.531827       1.42163        0.00347929     
0.537704       1.43685        0.00349651     
0.54358        1.4496         0.00351264     
0.549457       1.45562        0.00351946     
0.555333       1.47357        0.00354075     
0.56121        1.48824        0.00355863     
0.567086       1.49796        0.00356982     
0.572963       1.50616        0.00357955     
0.57884        1.52927        0.00360832     
0.584716       1.53537        0.00361341     
0.590593       1.54903        0.00362997     
0.596469       1.55418        0.00363666     
0.602346       1.56247        0.00364601     
0.608222       1.57375        0.00365918     
0.614099       1.58638        0.00367237     
0.619975       1.58543        0.00367333     
0.625852       1.61171        0.00370245     
0.631728       1.60872        0.00370052     
0.637605       1.62048        0.00371295     
0.643482       1.62282        0.00371589     
0.649358       1.62511        0.00371897     
0.655235       1.63994        0.00373516     
0.661111       1.65351        0.0037507      
0.666988       1.65656        0.00375426     
0.672864       1.66165        0.00375942     
0.678741       1.66318        0.0037616      
0.684617       1.67388        0.0037742      
0.690494       1.67211        0.00377178     
0.69637        1.67872        0.00377952     
0.702247       1.6868         0.0037872      
0.708124       1.68949        0.00379217     
0.714          1.68896        0.00379086     
0.719877       1.68862        0.0037897      
0.725753       1.68073        0.0037813      
0.73163        1.69092        0.00379292     
0.737506       1.69744        0.0038009      
0.743383       1.69979        0.00380245     
0.749259       1.70057        0.00380423     
0.755136       1.69854        0.00380123     
0.761012       1.70433        0.00380824     
0.766889       1.69705        0.00379929     
0.772766       1.70648        0.00380981     
0.778642       1.70465        0.00380812     
0.784519       1.70011        0.00380364     
0.790395       1.70199        0.00380547     
0.796272       1.68931        0.00379014     
0.802148       1.69674        0.00379958     
0.808025       1.69045        0.00379275     
0.813901       1.69536        0.00379888     
0.819778       1.68169        0.00378255     
0.825654       1.69082        0.00379281     
0.831531       1.6781         0.00377832     
0.837408       1.6819         0.00378257     
0.843284       1.68083        0.00378232     
0.849161       1.67592        0.00377572     
0.855037       1.67405        0.00377379     
0.860914       1.66562        0.00376421     
0.86679        1.66373        0.00376185     
0.872667       1.65226        0.00374991     
0.878543       1.65015        0.00374733     
0.88442        1.6446         0.00373947     
0.890296       1.64071        0.00373561     
0.896173       1.63412        0.00372916     
0.90205        1.63167        0.00372574     
0.907926       1.62036        0.00371351     
0.913803       1.62145        0.00371402     
0.919679       1.60815        0.0036992      
0.925556       1.59698        0.00368667     
0.931432       1.59742        0.00368564     
0.937309       1.59307        0.00368167     
0.943185       1.59347        0.00368246     
0.949062       1.57804        0.00366524     
0.954938       1.5713         0.00365587     
0.960815       1.562          0.00364547     
0.966691       1.55681        0.00363942     
0.972568       1.54331        0.00362353     
0.978445       1.53635        0.0036157      
0.984321       1.53662        0.00361545     
0.990198       1.52989        0.00360801     
0.996074       1.51443        0.00358934     
1.00195        1.50634        0.00358107     
1.00783        1.49646        0.00356904     
1.0137         1.49046        0.00356187     
1.01958        1.47792        0.00354596     
1.02546        1.47587        0.00354366     
1.03133        1.46559        0.00353166     
1.03721        1.45714        0.00352115     
1.04309        1.43944        0.00349922     
1.04896        1.43916        0.00349909     
1.05484        1.42281        0.00347861     
1.06072        1.42515        0.00348278     
1.06659        1.40378        0.00345619     
1.07247        1.40113        0.00345276     
1.07835        1.39502        0.00344518     
1.08422        1.37528        0.00342052     
1.0901         1.37645        0.00342205     
1.09598        1.35276        0.00339355     
1.10185        1.35           0.00338902     
1.10773        1.34057        0.0033777      
1.11361        1.32794        0.00336225     
1.11948        1.31936        0.0033508      
1.12536        1.31554        0.00334534     
1.13123        1.2969         0.00332164     
1.13711        1.29073        0.00331376     
1.14299        1.27189        0.00328947     
1.14886        1.26979        0.00328792     
1.15474        1.25584        0.00326887     
1.16062        1.25425        0.00326708     
1.16649        1.24247        0.00325144     
1.17237        1.23182        0.0032373      
1.17825        1.2162         0.00321626     
1.18412        1.20781        0.00320481     
1.19           1.1953         0.00318917     
1.19588        1.18727        0.00317751     
1.20175        1.17769        0.00316592     
1.20763        1.16008        0.00314196     
1.21351        1.16156        0.00314345     
1.21938        1.14311        0.00311896     
1.22526        1.13503        0.00310734     
1.23114        1.1261         0.00309528     
1.23701        1.11075        0.00307429     
1.24289        1.10751        0.00307039     
1.24877        1.09498        0.00305208     
1.25464        1.08793        0.00304255     
1.26052        1.07844        0.00302936     
1.2664         1.06597        0.00301122     
1.27227        1.05711        0.00299843     
1.27815        1.03917        0.00297378     
1.28402        1.0369         0.00297017     
1.2899         1.02341        0.00295077     
1.29578        1.01714        0.00294153     
1.30165        1.00182        0.00291933     
1.30753        0.992862       0.00290685     
1.31341        0.986813       0.00289819     
1.31928        0.970358       0.00287444     
1.32516        0.96293        0.00286193     
1.33104        0.956081       0.00285248     
1.33691        0.944475       0.00283468     
1.34279        0.928088       0.00281048     
1.34867        0.922396       0.00280057     
1.35454        0.91484        0.0027899      
1.36042        0.910408       0.00278284     
1.3663         0.897619       0.00276299     
1.37217        0.882772       0.0027404      
1.37805        0.878782       0.00273344     
1.38393        0.864751       0.00271225     
1.3898         0.860208       0.00270506     
1.39568        0.848118       0.00268611     
1.40156        0.838495       0.00267041     
1.40743        0.830071       0.00265788     
1.41331        0.819597       0.00264032     
1.41919        0.807328       0.00262036     
1.42506        0.801738       0.00261147     
1.43094        0.790303       0.00259295     
1.43682        0.785615       0.00258585     
1.44269        0.774928       0.0025675      
1.44857        0.766233       0.00255236     
1.45444        0.755163       0.00253503     
1.46032        0.751888       0.00252864     
1.4662         0.743728       0.00251565     
1.47207        0.732514       0.0024967      
1.47795        0.729919       0.0024919      
1.48383        0.714978       0.00246701     
1.4897         0.704921       0.00244887     
1.49558        0.697          0.00243473     
1.50146        0.689325       0.00242176     
1.50733        0.681549       0.00240847     
1.51321        0.672623       0.00239217     
1.51909        0.669594       0.00238712     
1.52496        0.66169        0.00237295     
1.53084        0.646656       0.0023463      
1.53672        0.643439       0.00233949     
1.54259        0.638496       0.00233089     
1.54847        0.62478        0.00230544     
1.55435        0.61908        0.00229478     
1.56022        0.612656       0.00228287     
1.5661         0.603552       0.00226561     
1.57198        0.596337       0.00225244     
1.57785        0.59347        0.00224734     
1.58373        0.577882       0.00221765     
1.58961        0.571339       0.00220462     
1.59548        0.567587       0.00219715     
1.60136        0.558883       0.00218041     
1.60723        0.555369       0.00217366     
1.61311        0.545176       0.00215388     
1.61899        0.540428       0.00214417     
1.62486        0.530669       0.00212484     
1.63074        0.521131       0.0021054      
1.63662        0.520595       0.00210426     
1.64249        0.515005       0.00209324     
1.64837        0.506675       0.00207641     
1.65425        0.498805       0.00206053     
1.66012        0.493411       0.0020489      
1.666          0.490033       0.00204195     
1.67188        0.475883       0.00201242     
1.67775        0.474352       0.00200949     
1.68363        0.466541       0.00199203     
1.68951        0.462891       0.00198474     
1.69538        0.461164       0.00198032     
1.70126        0.449227       0.00195487     
1.70714        0.440463       0.00193599     
1.71301        0.438149       0.00193044     
1.71889        0.432703       0.00191839     
1.72477        0.425267       0.00190221     
1.73064        0.421864       0.00189459     
1.73652        0.412819       0.00187392     
1.7424         0.410267       0.00186861     
1.74827        0.402303       0.0018497      
1.75415        0.398712       0.00184181     
1.76002        0.391582       0.00182479     
1.7659         0.389259       0.00181963     
1.77178        0.383355       0.0018064      
1.77765        0.376863       0.00179034     
1.78353        0.371868       0.00177857     
1.78941        0.366619       0.00176607     
1.79528        0.363113       0.0017576      
1.80116        0.357344       0.0017436      
1.80704        0.349806       0.00172514     
1.81291        0.345535       0.001715       
1.81879        0.343237       0.00170944     
1.82467        0.336201       0.00169144     
1.83054        0.3329         0.00168332     
1.83642        0.328127       0.00167048     
1.8423         0.323302       0.00165876     
1.84817        0.31556        0.00163864     
1.85405        0.312216       0.00162966     
1.85993        0.310089       0.00162429     
1.8658         0.30318        0.00160598     
1.87168        0.298721       0.00159435     
1.87756        0.293191       0.00157939     
1.88343        0.294323       0.00158266     
1.88931        0.287805       0.00156492     
1.89519        0.282624       0.00155044     
1.90106        0.281807       0.00154877     
1.90694        0.275221       0.00153016     
1.91282        0.275604       0.00153145     
1.91869        0.267921       0.00150998     
1.92457        0.263258       0.00149625     
1.93044        0.259625       0.00148606     
1.93632        0.257269       0.00147942     
1.9422         0.250853       0.00146086     
1.94807        0.250309       0.00145957     
1.95395        0.247195       0.00145055     
1.95983        0.245153       0.00144401     
1.9657         0.241919       0.00143494     
1.97158        0.236023       0.00141689     
1.97746        0.230918       0.00140162     
1.98333        0.227353       0.00139094     
1.98921        0.226119       0.00138686     
1.99509        0.221116       0.00137168     
2.00096        0.218368       0.00136342     
2.00684        0.216998       0.00135862     
2.01272        0.213808       0.00134872     
2.01859        0.209919       0.00133665     
2.02447        0.204193       0.00131834     
2.03035        0.203189       0.001315       
2.03622        0.198008       0.00129794     
2.0421         0.198178       0.00129844     
2.04798        0.19195        0.0012782      
2.05385        0.190052       0.00127149     
2.05973        0.189737       0.00127044     
2.06561        0.184301       0.00125231     
2.07148        0.181501       0.00124238     
2.07736        0.179553       0.00123652     
2.08323        0.178659       0.00123292     
2.08911        0.17478        0.00121949     
2.09499        0.172499       0.00121159     
2.10086        0.167037       0.00119187     
2.10674        0.165497       0.00118625     
2.11262        0.163991       0.00118109     
2.11849        0.163685       0.0011798      
2.12437        0.157839       0.00115876     
2.13025        0.155959       0.00115191     
2.13612        0.154045       0.0011449      
2.142          0.151458       0.00113558     
2.14788        0.14985        0.00112936     
2.15375        0.147816       0.00112162     
2.15963        0.142831       0.00110245     
2.16551        0.142431       0.00110098     
2.17138        0.140516       0.00109363     
2.17726        0.136926       0.00107926     
2.18314        0.137572       0.0010818      
2.18901        0.133276       0.00106494     
2.19489        0.13171        0.00105874     
2.20077        0.12846        0.00104527     
2.20664        0.128043       0.00104386     
2.21252        0.126001       0.00103537     
2.2184         0.123372       0.00102467     
2.22427        0.121764       0.00101784     
2.23015        0.119509       0.00100846     
2.23602        0.117144       0.000998225    
2.2419         0.115289       0.0009903      
2.24778        0.115306       0.000990373    
2.25365        0.112336       0.000977774    
2.25953        0.111247       0.000972956    
2.26541        0.108278       0.000959675    
2.27128        0.108848       0.000962195    
2.27716        0.1037         0.000939498    
2.28304        0.103871       0.00094019     
2.28891        0.101641       0.000930061    
2.29479        0.0998631      0.000921979    
2.30067        0.0992931      0.000918876    
2.30654        0.0983231      0.000914696    
2.31242        0.0961279      0.00090412     
2.3183         0.0933031      0.000890826    
2.32417        0.0927501      0.000888183    
2.33005        0.092631       0.000887695    
2.33593        0.0897381      0.000873819    
2.3418         0.0875685      0.000863119    
2.34768        0.0877642      0.000864333    
2.35356        0.0873387      0.000861819    
2.35943        0.084514       0.000847775    
2.36531        0.0822082      0.000836309    
2.37119        0.0817062      0.000833927    
2.37706        0.081502       0.000832886    
2.38294        0.0789324      0.000819757    
2.38882        0.0776477      0.000812623    
2.39469        0.0758524      0.000803358    
2.40057        0.0733509      0.000790287    
2.40644        0.0741763      0.000794441    
2.41232        0.0725341      0.00078579     
2.4182         0.0706708      0.000775458    
2.42407        0.0722619      0.000783946    
2.42995        0.0691903      0.000767489    
2.43583        0.0691052      0.000766923    
2.4417         0.0660337      0.000749415    
2.44758        0.0651063      0.000744428    
2.45346        0.0644001      0.000740189    
2.45933        0.0632089      0.000733316    
2.46521        0.0636428      0.000735925    
2.47109        0.0620177      0.000726477    
2.47696        0.0625963      0.000729756    
2.48284        0.0590568      0.000708939    
2.48872        0.0605628      0.000718014    
2.49459        0.056734       0.000694662    
2.50047        0.058274       0.000704229    
2.50635        0.0557385      0.000688542    
2.51222        0.0538752      0.000677046    
2.5181         0.0545218      0.000681201    
2.52398        0.0529903      0.000671467    
2.52985        0.053152       0.000672597    
2.53573        0.0507356      0.000657035    
2.54161        0.0500549      0.000652726    
2.54748        0.0499869      0.000652172    
2.55336        0.0498167      0.00065095     
2.55923        0.0484809      0.000642279    
2.56511        0.0482426      0.000640587    
2.57099        0.0471195      0.000633203    
2.57686        0.0463368      0.000627925    
2.58274        0.0453668      0.000621322    
2.58862        0.0446946      0.000616587    
2.59449        0.0427717      0.000603181    
2.60037        0.0428313      0.000603721    
2.60625        0.0421591      0.000598968    
2.61212        0.0407723      0.00058904     
2.618          0.0415635      0.000594603    
2.62388        0.0392493      0.000577816    
2.62975        0.0390365      0.000576374    
2.63563        0.038994       0.00057606     
2.64151        0.0389174      0.000575369    
2.64738        0.0365181      0.000557354    
2.65326        0.0369435      0.00056072     
2.65914        0.0356502      0.000550956    
2.66501        0.0354885      0.000549443    
2.67089        0.0345016      0.000541884    
2.67677        0.0341527      0.000539005    
2.68264        0.0341697      0.00053914     
2.68852        0.0332338      0.000531706    
2.6944         0.0321447      0.000522923    
2.70027        0.0316427      0.000518825    
2.70615        0.031396       0.000516798    
2.71203        0.0313535      0.000516448    
2.7179         0.0302984      0.000507829    
2.72378        0.0299836      0.000505042    
2.72965        0.0295071      0.000501159    
2.73553        0.028852       0.000495422    
2.74141        0.0292349      0.000498698    
2.74728        0.027814       0.00048643     
2.75316        0.0277034      0.000485462    
2.75904        0.0271333      0.000480442    
2.76491        0.0264952      0.000475064    
2.77079        0.0253635      0.000464668    
2.77667        0.0254146      0.000464979    
2.78254        0.0252529      0.000463498    
2.78842        0.0257634      0.000468159    
2.7943         0.0238405      0.000450352    
2.80017        0.0239767      0.000451635    
2.80605        0.0234066      0.000446235    
2.81193        0.0238065      0.00045003     
2.8178         0.0233811      0.000445991    
2.82368        0.0224111      0.000436644    
2.82956        0.0220197      0.000432815    
2.83543        0.0218751      0.000431391    
2.84131        0.0211008      0.000423689    
2.84719        0.0210753      0.000423432    
2.85306        0.0208201      0.000421033    
2.85894        0.0200033      0.000412699    
2.86482        0.0196034      0.00040838     
2.87069        0.0190588      0.000402669    
2.87657        0.0188036      0.000400144    
2.88244        0.0183356      0.000395139    
2.88832        0.0181484      0.000392935    
2.8942         0.0180123      0.000391458    
2.90007        0.0186164      0.000397968    
2.90595        0.0176805      0.000387836    
2.91183        0.0170593      0.000380964    
2.9177         0.01717        0.000382196    
2.92358        0.0166424      0.00037628     
2.92946        0.0168722      0.000378868    
2.93533        0.0158767      0.000367522    
