y              dN/dy          error          
-2.994         0              0              
-2.982         0              0              
-2.97          0              0              
-2.958         0              0              
-2.946         0              0              
-2.934         0              0              
-2.922         0              0              
-2.91          0              0              
-2.898         0              0              
-2.886         0              0              
-2.874         0              0              
-2.862         0              0              
-2.85          0              0              
-2.838         0              0              
-2.826         0              0              
-2.814         0              0              
-2.802         0              0              
-2.79          0              0              
-2.778         0              0              
-2.766         0              0              
-2.754         0              0              
-2.742         0              0              
-2.73          0              0              
-2.718         0              0              
-2.706         0              0              
-2.694         0              0              
-2.682         0              0              
-2.67          0              0              
-2.658         0              0              
-2.646         0              0              
-2.634         0              0              
-2.622         0              0              
-2.61          0              0              
-2.598         0              0              
-2.586         0              0              
-2.574         0              0              
-2.562         0              0              
-2.55          0              0              
-2.538         0              0              
-2.526         0              0              
-2.514         0              0              
-2.502         0              0              
-2.49          0              0              
-2.478         0              0              
-2.466         0              0              
-2.454         0              0              
-2.442         0              0              
-2.43          0              0              
-2.418         0              0              
-2.406         0              0              
-2.394         0              0              
-2.382         0              0              
-2.37          0              0              
-2.358         0              0              
-2.346         0              0              
-2.334         0              0              
-2.322         0              0              
-2.31          0              0              
-2.298         0              0              
-2.286         0              0              
-2.274         0              0              
-2.262         0              0              
-2.25          0              0              
-2.238         0              0              
-2.226         0              0              
-2.214         0              0              
-2.202         0              0              
-2.19          0              0              
-2.178         0              0              
-2.166         0              0              
-2.154         0              0              
-2.142         0              0              
-2.13          0              0              
-2.118         0              0              
-2.106         0              0              
-2.094         0              0              
-2.082         0              0              
-2.07          0              0              
-2.058         0              0              
-2.046         0              0              
-2.034         0              0              
-2.022         0              0              
-2.01          0              0              
-1.998         0              0              
-1.986         0              0              
-1.974         0              0              
-1.962         0.00833333     0.00833333     
-1.95          0              0              
-1.938         0              0              
-1.926         0.00833333     0.00833333     
-1.914         0              0              
-1.902         0              0              
-1.89          0.00833333     0.00833333     
-1.878         0              0              
-1.866         0              0              
-1.854         0              0              
-1.842         0              0              
-1.83          0              0              
-1.818         0.00833333     0.00833333     
-1.806         0              0              
-1.794         0              0              
-1.782         0.00833333     0.00833333     
-1.77          0              0              
-1.758         0              0              
-1.746         0              0              
-1.734         0.00833333     0.00833333     
-1.722         0.00833333     0.00833333     
-1.71          0              0              
-1.698         0              0              
-1.686         0              0              
-1.674         0              0              
-1.662         0.00833333     0.00833333     
-1.65          0.0166667      0.0117845      
-1.638         0              0              
-1.626         0              0              
-1.614         0              0              
-1.602         0.025          0.0144323      
-1.59          0.00833333     0.00833333     
-1.578         0.0166667      0.0117845      
-1.566         0.0166667      0.0117845      
-1.554         0.00833333     0.00833333     
-1.542         0.0166667      0.0117845      
-1.53          0.00833333     0.00833333     
-1.518         0.025          0.0144323      
-1.506         0              0              
-1.494         0.05           0.0204073      
-1.482         0.025          0.0144323      
-1.47          0.0333333      0.0166642      
-1.458         0.025          0.0144323      
-1.446         0.0416667      0.0186302      
-1.434         0.00833333     0.00833333     
-1.422         0.0916667      0.0276247      
-1.41          0.05           0.0204073      
-1.398         0.0333333      0.0166642      
-1.386         0.0666667      0.023562       
-1.374         0.1            0.0288516      
-1.362         0.075          0.02499        
-1.35          0.0916667      0.0276247      
-1.338         0.0416667      0.0186302      
-1.326         0.075          0.02499        
-1.314         0.108333       0.0300282      
-1.302         0.0833333      0.0263405      
-1.29          0.141667       0.0343317      
-1.278         0.15           0.0353253      
-1.266         0.15           0.0353253      
-1.254         0.125          0.0322523      
-1.242         0.108333       0.0300282      
-1.23          0.15           0.0353253      
-1.218         0.175          0.0381499      
-1.206         0.183333       0.0390457      
-1.194         0.225          0.0432449      
-1.182         0.291667       0.0492168      
-1.17          0.266667       0.0470673      
-1.158         0.2            0.0407778      
-1.146         0.15           0.0353253      
-1.134         0.3            0.0499124      
-1.122         0.275          0.0477947      
-1.11          0.383333       0.0563921      
-1.098         0.341667       0.0532525      
-1.086         0.441667       0.0605096      
-1.074         0.333333       0.0526017      
-1.062         0.325          0.0519427      
-1.05          0.533333       0.0664563      
-1.038         0.475          0.0627389      
-1.026         0.416667       0.058781       
-1.014         0.516667       0.0654163      
-1.002         0.483333       0.0632836      
-0.99          0.6            0.0704592      
-0.978         0.541667       0.0669701      
-0.966         0.608333       0.0719155      
-0.954         0.65           0.0733141      
-0.942         0.675          0.0746994      
-0.93          0.816667       0.0820947      
-0.918         0.816667       0.0854116      
-0.906         0.941667       0.088087       
-0.894         0.941667       0.088872       
-0.882         0.933333       0.0877008      
-0.87          0.983333       0.089992       
-0.858         1.03333        0.0922236      
-0.846         1.25           0.102661       
-0.834         1.325          0.104246       
-0.822         1.075          0.0947764      
-0.81          1.2            0.0999794      
-0.798         1.125          0.0983162      
-0.786         1.35           0.105867       
-0.774         1.43333        0.110258       
-0.762         1.38333        0.106478       
-0.75          1.64167        0.117597       
-0.738         1.53333        0.112618       
-0.726         1.58333        0.114991       
-0.714         1.74167        0.120949       
-0.702         1.825          0.124785       
-0.69          1.69167        0.119286       
-0.678         1.58333        0.114385       
-0.666         1.84167        0.123642       
-0.654         2.19167        0.134399       
-0.642         2.125          0.13347        
-0.63          2.06667        0.130137       
-0.618         2.36667        0.139434       
-0.606         2.525          0.143335       
-0.594         2.39167        0.140137       
-0.582         2.39167        0.142105       
-0.57          2.26667        0.137596       
-0.558         2.475          0.142938       
-0.546         2.78333        0.151125       
-0.534         2.45833        0.142966       
-0.522         2.79167        0.150879       
-0.51          3.05           0.157815       
-0.498         3.14167        0.162623       
-0.486         3.25833        0.163671       
-0.474         3.43333        0.167719       
-0.462         3.19167        0.164226       
-0.45          3.075          0.160169       
-0.438         3.56667        0.17315        
-0.426         3.39167        0.16801        
-0.414         3.525          0.172633       
-0.402         3.49167        0.169042       
-0.39          3.64167        0.173595       
-0.378         3.93333        0.179847       
-0.366         3.525          0.172633       
-0.354         3.94167        0.181941       
-0.342         4.14167        0.186776       
-0.33          4.2            0.188313       
-0.318         4.03333        0.182312       
-0.306         4.49167        0.194365       
-0.294         4.08333        0.184474       
-0.282         4.15833        0.187852       
-0.27          4.4            0.192962       
-0.258         4.81667        0.203895       
-0.246         4.5            0.195593       
-0.234         4.78333        0.199149       
-0.222         4.43333        0.192886       
-0.21          4.94167        0.199981       
-0.198         4.83333        0.201111       
-0.186         4.675          0.197481       
-0.174         4.75           0.197478       
-0.162         5.05833        0.20484        
-0.15          5.13333        0.206511       
-0.138         5              0.202083       
-0.126         5.2            0.209683       
-0.114         5.14167        0.205648       
-0.102         5.08333        0.207306       
-0.09          4.94167        0.204446       
-0.078         5.075          0.205138       
-0.066         5.25833        0.207707       
-0.054         5.20833        0.206828       
-0.042         5.28333        0.209475       
-0.03          5.70833        0.220817       
-0.018         5.16667        0.20777        
-0.006         5.2            0.211989       
0.006          5.38333        0.211202       
0.018          5.025          0.20795        
0.03           5.425          0.211589       
0.042          4.96667        0.202851       
0.054          4.99167        0.205003       
0.066          5.35833        0.21143        
0.078          4.89167        0.203886       
0.09           4.79167        0.201728       
0.102          5.025          0.205261       
0.114          5.08333        0.202562       
0.126          4.94167        0.203766       
0.138          4.775          0.197242       
0.15           4.9            0.201295       
0.162          4.825          0.200266       
0.174          5.01667        0.206462       
0.186          4.925          0.205503       
0.198          4.61667        0.197443       
0.21           4.73333        0.19892        
0.222          4.675          0.197833       
0.234          4.50833        0.192892       
0.246          4.76667        0.19814        
0.258          4.54167        0.192814       
0.27           4.39167        0.193161       
0.282          4.43333        0.192886       
0.294          4.33333        0.191669       
0.306          4.33333        0.190214       
0.318          4.48333        0.19277        
0.33           3.725          0.177378       
0.342          3.75           0.175949       
0.354          3.825          0.176772       
0.366          3.68333        0.173707       
0.378          3.64167        0.171987       
0.39           4.06667        0.183756       
0.402          3.6            0.175867       
0.414          3.625          0.17363        
0.426          3.6            0.173882       
0.438          3.4            0.169844       
0.45           3.30833        0.16568        
0.462          3.20833        0.164193       
0.474          3.30833        0.166516       
0.486          3.175          0.164258       
0.498          2.81667        0.151522       
0.51           2.825          0.153556       
0.522          3.03333        0.160898       
0.534          2.69167        0.148277       
0.546          2.81667        0.152436       
0.558          2.80833        0.152223       
0.57           2.375          0.140165       
0.582          2.4            0.143792       
0.594          2.575          0.147545       
0.606          2.50833        0.144811       
0.618          2.575          0.146601       
0.63           2.10833        0.132451       
0.642          2.21667        0.136155       
0.654          2.10833        0.133496       
0.666          1.91667        0.127675       
0.678          1.675          0.118726       
0.69           1.91667        0.127675       
0.702          1.65833        0.118163       
0.714          1.71667        0.119541       
0.726          1.525          0.112321       
0.738          1.40833        0.108064       
0.75           1.54167        0.113528       
0.762          1.44167        0.109932       
0.774          1.45833        0.10991        
0.786          1.375          0.106814       
0.798          1.46667        0.110214       
0.81           1.175          0.0982577      
0.822          1.03333        0.0929736      
0.834          1.225          0.100296       
0.846          1.15833        0.0975682      
0.858          1.19167        0.098942       
0.87           0.958333       0.0904039      
0.882          0.933333       0.0877008      
0.894          1.04167        0.0940782      
0.906          0.983333       0.089992       
0.918          0.658333       0.0747142      
0.93           0.583333       0.0704732      
0.942          0.741667       0.0782698      
0.954          0.625          0.0728608      
0.966          0.733333       0.0778328      
0.978          0.766667       0.079566       
0.99           0.591667       0.0699717      
1.002          0.666667       0.0751702      
1.014          0.533333       0.0664563      
1.026          0.508333       0.0648898      
1.038          0.341667       0.0532525      
1.05           0.366667       0.0551581      
1.062          0.341667       0.0532525      
1.074          0.383333       0.0563921      
1.086          0.4            0.0575992      
1.098          0.341667       0.0532525      
1.11           0.358333       0.0545304      
1.122          0.258333       0.0463284      
1.134          0.216667       0.0424387      
1.146          0.258333       0.0463284      
1.158          0.183333       0.0390457      
1.17           0.283333       0.048511       
1.182          0.241667       0.0448135      
1.194          0.266667       0.0470673      
1.206          0.25           0.0455773      
1.218          0.183333       0.0390457      
1.23           0.158333       0.0362914      
1.242          0.108333       0.0300282      
1.254          0.1            0.0288516      
1.266          0.0583333      0.0220413      
1.278          0.1            0.0288516      
1.29           0.125          0.0322523      
1.302          0.075          0.02499        
1.314          0.1            0.0288516      
1.326          0.0583333      0.0220413      
1.338          0.075          0.02499        
1.35           0.0416667      0.0186302      
1.362          0.0666667      0.023562       
1.374          0.075          0.02499        
1.386          0.0583333      0.0220413      
1.398          0.0416667      0.0186302      
1.41           0.05           0.0204073      
1.422          0.0416667      0.0186302      
1.434          0.0416667      0.0186302      
1.446          0.05           0.0204073      
1.458          0.0333333      0.0166642      
1.47           0.025          0.0144323      
1.482          0.025          0.0144323      
1.494          0.0583333      0.0220413      
1.506          0.0166667      0.0117845      
1.518          0              0              
1.53           0.0333333      0.0166642      
1.542          0.00833333     0.00833333     
1.554          0              0              
1.566          0.00833333     0.00833333     
1.578          0.0166667      0.0117845      
1.59           0.00833333     0.00833333     
1.602          0.00833333     0.00833333     
1.614          0.00833333     0.00833333     
1.626          0.0166667      0.0117845      
1.638          0.00833333     0.00833333     
1.65           0.00833333     0.00833333     
1.662          0              0              
1.674          0.00833333     0.00833333     
1.686          0.00833333     0.00833333     
1.698          0              0              
1.71           0              0              
1.722          0              0              
1.734          0.00833333     0.00833333     
1.746          0              0              
1.758          0.0166667      0.0117845      
1.77           0              0              
1.782          0              0              
1.794          0              0              
1.806          0              0              
1.818          0.00833333     0.00833333     
1.83           0              0              
1.842          0              0              
1.854          0              0              
1.866          0              0              
1.878          0              0              
1.89           0              0              
1.902          0              0              
1.914          0              0              
1.926          0              0              
1.938          0              0              
1.95           0              0              
1.962          0              0              
1.974          0              0              
1.986          0              0              
1.998          0              0              
2.01           0              0              
2.022          0              0              
2.034          0              0              
2.046          0              0              
2.058          0              0              
2.07           0              0              
2.082          0              0              
2.094          0              0              
2.106          0              0              
2.118          0              0              
2.13           0              0              
2.142          0              0              
2.154          0              0              
2.166          0              0              
2.178          0              0              
2.19           0              0              
2.202          0              0              
2.214          0              0              
2.226          0              0              
2.238          0              0              
2.25           0              0              
2.262          0              0              
2.274          0              0              
2.286          0              0              
2.298          0              0              
2.31           0              0              
2.322          0              0              
2.334          0              0              
2.346          0              0              
2.358          0              0              
2.37           0              0              
2.382          0              0              
2.394          0              0              
2.406          0              0              
2.418          0              0              
2.43           0              0              
2.442          0              0              
2.454          0              0              
2.466          0              0              
2.478          0              0              
2.49           0              0              
2.502          0              0              
2.514          0              0              
2.526          0              0              
2.538          0              0              
2.55           0              0              
2.562          0              0              
2.574          0              0              
2.586          0              0              
2.598          0              0              
2.61           0              0              
2.622          0              0              
2.634          0              0              
2.646          0              0              
2.658          0              0              
2.67           0              0              
2.682          0              0              
2.694          0              0              
2.706          0              0              
2.718          0              0              
2.73           0              0              
2.742          0              0              
2.754          0              0              
2.766          0              0              
2.778          0              0              
2.79           0              0              
2.802          0              0              
2.814          0              0              
2.826          0              0              
2.838          0              0              
2.85           0              0              
2.862          0              0              
2.874          0              0              
2.886          0              0              
2.898          0              0              
2.91           0              0              
2.922          0              0              
2.934          0              0              
2.946          0              0              
2.958          0              0              
2.97           0              0              
2.982          0              0              
2.994          0              0              
